[
    {
        "class": "Car",
        "extent": [
            1.5107464790344238,
            4.901683330535889,
            2.128324270248413
        ],
        "position": [
            -1.3,
            0.0,
            -2.5
        ],
        "yaw": 0,
        "num_points": -1,
        "distance": -1,
        "speed": 1.7020150765814617e-05,
        "brake": 0.0,
        "id": 3360,
        "ego_matrix": [
            [
                0.719781219959259,
                0.6942009329795837,
                -4.170800093561411e-05,
                -91.35294342041016
            ],
            [
                -0.6942009329795837,
                0.719781219959259,
                1.7461716197431087e-06,
                -49.95759201049805
            ],
            [
                3.123283022432588e-05,
                2.7696873075910844e-05,
                1.0,
                0.01827373541891575
            ],
            [
                0.0,
                0.0,
                0.0,
                1.0
            ]
        ]
    },
    {
        "class": "Car",
        "extent": [
            1.4750303030014038,
            3.805800199508667,
            1.97027587890625
        ],
        "position": [
            -34.472036359601326,
            -17.35882686283599,
            -2.502438617759521
        ],
        "yaw": -0.7922779074414501,
        "num_points": 2,
        "distance": 38.67702625418927,
        "speed": 5.73447736022625e-05,
        "brake": 0.0,
        "id": 3370,
        "ego_matrix": [
            [
                0.011208971031010151,
                0.9999371767044067,
                -0.00010555562766967341,
                -103.17903900146484
            ],
            [
                -0.9999371767044067,
                0.011208991520106792,
                0.0001979087683139369,
                -14.43497371673584
            ],
            [
                0.00019907949899788946,
                0.00010333063983125612,
                1.0,
                0.015279846265912056
            ],
            [
                0.0,
                0.0,
                0.0,
                1.0
            ]
        ]
    },
    {
        "class": "Car",
        "extent": [
            1.2511454820632935,
            2.2094459533691406,
            0.8670341968536377
        ],
        "position": [
            14.357348179880306,
            -39.9646312173044,
            -2.5845805022433286
        ],
        "yaw": 2.345653165965593,
        "num_points": 2,
        "distance": 42.54392143968431,
        "speed": 7.920197043464789e-06,
        "brake": 0.0,
        "id": 3395,
        "ego_matrix": [
            [
                -0.007547588087618351,
                -0.9999666810035706,
                -0.003105457406491041,
                -52.3395881652832
            ],
            [
                0.9999713897705078,
                -0.0075459666550159454,
                -0.0005335479509085417,
                -32.0611457824707
            ],
            [
                0.0005100964917801321,
                -0.0031093955039978027,
                0.9999950528144836,
                -0.06471084803342819
            ],
            [
                0.0,
                0.0,
                0.0,
                1.0
            ]
        ]
    },
    {
        "class": "Car",
        "extent": [
            1.3787471055984497,
            2.2072951793670654,
            1.4809197187423706
        ],
        "position": [
            -33.09070319053401,
            -6.201973267752579,
            -2.5422890981879664
        ],
        "yaw": 2.3491681391303345,
        "num_points": 4,
        "distance": 33.762736025338654,
        "speed": 0.0053190474818687015,
        "brake": 0.0,
        "id": 3397,
        "ego_matrix": [
            [
                -0.011060993187129498,
                -0.9998932480812073,
                0.009543477557599545,
                -109.92987823486328
            ],
            [
                0.9998079538345337,
                -0.01121341809630394,
                -0.01606878452003002,
                -23.42439079284668
            ],
            [
                0.016174085438251495,
                0.00936390832066536,
                0.9998252987861633,
                -0.024836501106619835
            ],
            [
                0.0,
                0.0,
                0.0,
                1.0
            ]
        ]
    },
    {
        "class": "Car",
        "extent": [
            1.3787471055984497,
            2.2072951793670654,
            1.4809197187423706
        ],
        "position": [
            22.55495124075921,
            -41.69824835514553,
            -2.545009976272114
        ],
        "yaw": -0.7960868935905359,
        "num_points": 1,
        "distance": 47.47574977964799,
        "speed": 0.005318747188181486,
        "brake": 0.0,
        "id": 3412,
        "ego_matrix": [
            [
                0.007399194873869419,
                0.9999276399612427,
                -0.009485096670687199,
                -45.23563003540039
            ],
            [
                -0.9998418092727661,
                0.007551319897174835,
                0.01610410399734974,
                -36.50410461425781
            ],
            [
                0.016174564138054848,
                0.009364438243210316,
                0.9998252987861633,
                -0.02483627200126648
            ],
            [
                0.0,
                0.0,
                0.0,
                1.0
            ]
        ]
    },
    {
        "class": "Car",
        "extent": [
            1.385296106338501,
            4.181210041046143,
            1.9941171407699585
        ],
        "position": [
            16.85811604049295,
            -42.41296043567317,
            -2.5661315992842217
        ],
        "yaw": 2.3456510354367213,
        "num_points": 2,
        "distance": 45.71258383353044,
        "speed": 9.911683146623184e-10,
        "brake": 0.0,
        "id": 3417,
        "ego_matrix": [
            [
                -0.0075454432517290115,
                -0.9999715089797974,
                0.0,
                -48.83995056152344
            ],
            [
                0.9999715089797974,
                -0.0075454432517290115,
                -0.0,
                -32.03491973876953
            ],
            [
                0.0,
                -0.0,
                1.0,
                -0.04611602798104286
            ],
            [
                0.0,
                0.0,
                0.0,
                1.0
            ]
        ]
    },
    {
        "class": "Car",
        "extent": [
            1.4750303030014038,
            3.805800199508667,
            1.97027587890625
        ],
        "position": [
            -36.963876970798786,
            -14.901039237829302,
            -2.5022927174888263
        ],
        "yaw": -0.7922779074414501,
        "num_points": 2,
        "distance": 39.932826595717906,
        "speed": 5.734501660049127e-05,
        "brake": 0.0,
        "id": 3429,
        "ego_matrix": [
            [
                0.011208971031010151,
                0.9999371767044067,
                -0.00010555562766967341,
                -106.67881774902344
            ],
            [
                -0.9999371767044067,
                0.011208991520106792,
                0.0001979087683139369,
                -14.474205017089844
            ],
            [
                0.00019907949899788946,
                0.00010333063983125612,
                1.0,
                0.015279846265912056
            ],
            [
                0.0,
                0.0,
                0.0,
                1.0
            ]
        ]
    },
    {
        "class": "Car",
        "extent": [
            1.5248334407806396,
            4.513522624969482,
            2.006814479827881
        ],
        "position": [
            24.857687235089326,
            -34.40279869579593,
            -2.510937309827427
        ],
        "yaw": 2.3456506359625577,
        "num_points": 10,
        "distance": 42.51778426676141,
        "speed": 0.00015892320417597365,
        "brake": 0.0,
        "id": 3431,
        "ego_matrix": [
            [
                -0.007545085158199072,
                -0.9999715089797974,
                0.00011681434989441186,
                -48.64267349243164
            ],
            [
                0.9999714493751526,
                -0.007545120548456907,
                -0.0003041838062927127,
                -43.35379409790039
            ],
            [
                0.00030505654285661876,
                0.00011451592581579462,
                0.9999999403953552,
                0.009106254205107689
            ],
            [
                0.0,
                0.0,
                0.0,
                1.0
            ]
        ]
    },
    {
        "class": "Car",
        "extent": [
            1.488319993019104,
            4.791779518127441,
            2.163450002670288
        ],
        "position": [
            29.20244702617245,
            -3.3888794243149754,
            -2.551026931923195
        ],
        "yaw": -2.363868122557299,
        "num_points": 6,
        "distance": 29.508899580912047,
        "speed": 2.319249443303677e-08,
        "brake": 0.0,
        "id": 3434,
        "ego_matrix": [
            [
                -0.9999457597732544,
                0.010415278375148773,
                0.0,
                -67.0452880859375
            ],
            [
                -0.010415278375148773,
                -0.9999457597732544,
                0.0,
                -68.69316864013672
            ],
            [
                0.0,
                -0.0,
                1.0,
                -0.03170665726065636
            ],
            [
                0.0,
                0.0,
                0.0,
                1.0
            ]
        ]
    },
    {
        "class": "Car",
        "extent": [
            1.1454535722732544,
            2.0333523750305176,
            0.8025798797607422
        ],
        "position": [
            26.74618233652949,
            -5.882231220538677,
            -2.5406394825925895
        ],
        "yaw": -2.363868122557299,
        "num_points": 6,
        "distance": 27.502977342303694,
        "speed": -0.0005691653642742975,
        "brake": 0.0,
        "id": 3436,
        "ego_matrix": [
            [
                -0.9999437928199768,
                0.01039999071508646,
                0.0020524444989860058,
                -67.0823745727539
            ],
            [
                -0.010415257886052132,
                -0.9999170899391174,
                -0.007573684211820364,
                -65.193359375
            ],
            [
                0.001973508158698678,
                -0.007594635244458914,
                0.9999691843986511,
                -0.021326866000890732
            ],
            [
                0.0,
                0.0,
                0.0,
                1.0
            ]
        ]
    },
    {
        "class": "Car",
        "extent": [
            1.2765706777572632,
            2.3557403087615967,
            0.7636788487434387
        ],
        "position": [
            -42.92229051665152,
            -16.005587880541995,
            -2.574736889401024
        ],
        "yaw": 2.3492935740176772,
        "num_points": 0,
        "distance": 45.88170808336616,
        "speed": -0.0006544473012417484,
        "brake": 0.0,
        "id": 3467,
        "ego_matrix": [
            [
                -0.011187826283276081,
                -0.9999169707298279,
                -0.006392281502485275,
                -110.20079040527344
            ],
            [
                0.9999361634254456,
                -0.01119766291230917,
                0.0015050882939249277,
                -9.542835235595703
            ],
            [
                -0.0015765420394018292,
                -0.0063750348053872585,
                0.9999784231185913,
                -0.05731983110308647
            ],
            [
                0.0,
                0.0,
                0.0,
                1.0
            ]
        ]
    }
]