[
    {
        "class": "Car",
        "extent": [
            1.5107464790344238,
            4.901683330535889,
            2.128324270248413
        ],
        "position": [
            -1.3,
            0.0,
            -2.5
        ],
        "yaw": 0,
        "num_points": -1,
        "distance": -1,
        "speed": 5.657057065228177e-07,
        "brake": 0.0,
        "id": 3360,
        "ego_matrix": [
            [
                0.719781219959259,
                0.6942009329795837,
                -1.9673072984005557e-06,
                -91.35296630859375
            ],
            [
                -0.6942009329795837,
                0.719781219959259,
                -3.225841851417499e-07,
                -49.95759201049805
            ],
            [
                1.1920927818209748e-06,
                1.5978966985130683e-06,
                1.0,
                0.033102262765169144
            ],
            [
                0.0,
                0.0,
                0.0,
                1.0
            ]
        ]
    },
    {
        "class": "Car",
        "extent": [
            1.4750303030014038,
            3.805800199508667,
            1.97027587890625
        ],
        "position": [
            -34.4720942424316,
            -17.358865105665206,
            -2.4902527805668724
        ],
        "yaw": -0.7922779074414501,
        "num_points": 3,
        "distance": 38.67630848629285,
        "speed": 1.9863883541426655e-07,
        "brake": 0.0,
        "id": 3370,
        "ego_matrix": [
            [
                0.011208971031010151,
                0.9999371767044067,
                -4.303548848838545e-06,
                -103.1790771484375
            ],
            [
                -0.9999371767044067,
                0.011208971031010151,
                3.766695272133802e-06,
                -14.434906005859375
            ],
            [
                3.8146970382513246e-06,
                4.261057711119065e-06,
                1.0,
                0.04283767566084862
            ],
            [
                0.0,
                0.0,
                0.0,
                1.0
            ]
        ]
    },
    {
        "class": "Car",
        "extent": [
            1.2511454820632935,
            2.2094459533691406,
            0.8670341968536377
        ],
        "position": [
            14.357390232345992,
            -39.964433052769664,
            -2.5673504933467197
        ],
        "yaw": 2.3456475733273043,
        "num_points": 1,
        "distance": 42.542706214683385,
        "speed": -6.354015778162745e-06,
        "brake": 0.0,
        "id": 3395,
        "ego_matrix": [
            [
                -0.007541986182332039,
                -0.9999715685844421,
                0.0002356154436711222,
                -52.3397216796875
            ],
            [
                0.9999715685844421,
                -0.007541992235928774,
                -2.4568940716562793e-05,
                -32.061317443847656
            ],
            [
                2.6345251171733253e-05,
                0.00023542344570159912,
                1.0,
                -0.03416570648550987
            ],
            [
                0.0,
                0.0,
                0.0,
                1.0
            ]
        ]
    },
    {
        "class": "Car",
        "extent": [
            1.3787471055984497,
            2.2072951793670654,
            1.4809197187423706
        ],
        "position": [
            -33.08870149666877,
            -6.200032200883929,
            -2.5302415569701386
        ],
        "yaw": 2.349313947200016,
        "num_points": 5,
        "distance": 33.75951256111774,
        "speed": 0.0003898612910122937,
        "brake": 0.0,
        "id": 3397,
        "ego_matrix": [
            [
                -0.01120809093117714,
                -0.9999371767044067,
                0.00015650465502403677,
                -109.9298095703125
            ],
            [
                0.9999252557754517,
                -0.011208721436560154,
                -0.004885875154286623,
                -23.42717742919922
            ],
            [
                0.0048873224295675755,
                0.00010173161717830226,
                0.9999880790710449,
                0.002832717727869749
            ],
            [
                0.0,
                0.0,
                0.0,
                1.0
            ]
        ]
    },
    {
        "class": "Car",
        "extent": [
            1.3787471055984497,
            2.2072951793670654,
            1.4809197187423706
        ],
        "position": [
            22.552983792514084,
            -41.70022486418048,
            -2.5303647269761034
        ],
        "yaw": -0.7959392213080909,
        "num_points": 2,
        "distance": 47.47576831732314,
        "speed": 0.0003901815170398482,
        "brake": 0.0,
        "id": 3412,
        "ego_matrix": [
            [
                0.007547769229859114,
                0.9999715089797974,
                -0.00013915056479163468,
                -45.23569869995117
            ],
            [
                -0.9999595880508423,
                0.007548358757048845,
                0.004886292386800051,
                -36.50131607055664
            ],
            [
                0.004887203685939312,
                0.00010226433369098231,
                0.9999880790710449,
                0.002832603408023715
            ],
            [
                0.0,
                0.0,
                0.0,
                1.0
            ]
        ]
    },
    {
        "class": "Car",
        "extent": [
            1.385296106338501,
            4.181210041046143,
            1.9941171407699585
        ],
        "position": [
            16.858134471599996,
            -42.412978035078226,
            -2.545767249133247
        ],
        "yaw": 2.3456510354367213,
        "num_points": 3,
        "distance": 45.7114683045003,
        "speed": 3.8330390896245325e-11,
        "brake": 0.0,
        "id": 3417,
        "ego_matrix": [
            [
                -0.0075454432517290115,
                -0.9999715089797974,
                0.0,
                -48.83995056152344
            ],
            [
                0.9999715089797974,
                -0.0075454432517290115,
                -0.0,
                -32.03491973876953
            ],
            [
                0.0,
                -0.0,
                1.0,
                -0.01257556863129139
            ],
            [
                0.0,
                0.0,
                0.0,
                1.0
            ]
        ]
    },
    {
        "class": "Car",
        "extent": [
            1.4750303030014038,
            3.805800199508667,
            1.97027587890625
        ],
        "position": [
            -36.96393551567066,
            -14.90107816709538,
            -2.4902458827715104
        ],
        "yaw": -0.7922779074414501,
        "num_points": 2,
        "distance": 39.9321422403708,
        "speed": 1.9933792027773785e-07,
        "brake": 0.0,
        "id": 3429,
        "ego_matrix": [
            [
                0.011208971031010151,
                0.9999371767044067,
                -4.303548848838545e-06,
                -106.6788558959961
            ],
            [
                -0.9999371767044067,
                0.011208971031010151,
                3.766695272133802e-06,
                -14.474136352539062
            ],
            [
                3.8146970382513246e-06,
                4.261057711119065e-06,
                1.0,
                0.04283767566084862
            ],
            [
                0.0,
                0.0,
                0.0,
                1.0
            ]
        ]
    },
    {
        "class": "Car",
        "extent": [
            1.5248334407806396,
            4.513522624969482,
            2.006814479827881
        ],
        "position": [
            24.85778619072771,
            -34.40273511992711,
            -2.496657047154138
        ],
        "yaw": 2.3456506359625577,
        "num_points": 5,
        "distance": 42.51694973121783,
        "speed": 1.5912223118678617e-06,
        "brake": 0.0,
        "id": 3431,
        "ego_matrix": [
            [
                -0.007545085623860359,
                -0.9999715089797974,
                4.269031251169508e-06,
                -48.642669677734375
            ],
            [
                0.9999715089797974,
                -0.007545085623860359,
                -1.040702841237362e-06,
                -43.35390853881836
            ],
            [
                1.0728834922701935e-06,
                4.261057711119065e-06,
                1.0,
                0.036531370133161545
            ],
            [
                0.0,
                0.0,
                0.0,
                1.0
            ]
        ]
    },
    {
        "class": "Car",
        "extent": [
            1.488319993019104,
            4.791779518127441,
            2.163450002670288
        ],
        "position": [
            29.20246502278365,
            -3.388896645468381,
            -2.5326756711116065
        ],
        "yaw": -2.363868122557299,
        "num_points": 7,
        "distance": 29.50733857764217,
        "speed": 1.1086796072630858e-08,
        "brake": 0.0,
        "id": 3434,
        "ego_matrix": [
            [
                -0.9999457597732544,
                0.010415278375148773,
                0.0,
                -67.0452880859375
            ],
            [
                -0.010415278375148773,
                -0.9999457597732544,
                0.0,
                -68.69316864013672
            ],
            [
                0.0,
                -0.0,
                1.0,
                0.0004683685256168246
            ],
            [
                0.0,
                0.0,
                0.0,
                1.0
            ]
        ]
    },
    {
        "class": "Car",
        "extent": [
            1.1454535722732544,
            2.0333523750305176,
            0.8025798797607422
        ],
        "position": [
            26.746607552300297,
            -5.882704812149515,
            -2.5312050181912142
        ],
        "yaw": -2.3638835688916218,
        "num_points": 5,
        "distance": 27.502622244211018,
        "speed": -2.6582602853621523e-05,
        "brake": 0.0,
        "id": 3436,
        "ego_matrix": [
            [
                -0.9999459385871887,
                0.010399781167507172,
                4.067626650794409e-05,
                -67.0817642211914
            ],
            [
                -0.010399782098829746,
                -0.9999459385871887,
                -2.520447196729947e-05,
                -65.19331359863281
            ],
            [
                4.041194551973604e-05,
                -2.5626133719924837e-05,
                1.0,
                0.001940078684128821
            ],
            [
                0.0,
                0.0,
                0.0,
                1.0
            ]
        ]
    },
    {
        "class": "Car",
        "extent": [
            1.2765706777572632,
            2.3557403087615967,
            0.7636788487434387
        ],
        "position": [
            -42.92202466823072,
            -16.005096797816204,
            -2.562173029612198
        ],
        "yaw": 2.3493079550875633,
        "num_points": 0,
        "distance": 45.88058473648026,
        "speed": -4.3111359238957254e-05,
        "brake": 0.0,
        "id": 3467,
        "ego_matrix": [
            [
                -0.011202214285731316,
                -0.9999372363090515,
                2.9660193831659853e-05,
                -110.20096588134766
            ],
            [
                0.9999328255653381,
                -0.011202077381312847,
                0.0029629836790263653,
                -9.543373107910156
            ],
            [
                -0.0029624656308442354,
                6.285018025664613e-05,
                0.9999955892562866,
                -0.029094809666275978
            ],
            [
                0.0,
                0.0,
                0.0,
                1.0
            ]
        ]
    }
]