[
    {
        "class": "Car",
        "extent": [
            1.5107464790344238,
            4.901683330535889,
            2.128324270248413
        ],
        "position": [
            -1.3,
            0.0,
            -2.5
        ],
        "yaw": 0,
        "num_points": -1,
        "distance": -1,
        "speed": 1.6912443689005536e-08,
        "brake": 0.0,
        "id": 3360,
        "ego_matrix": [
            [
                0.719781219959259,
                0.6942009329795837,
                -1.9673072984005557e-06,
                -91.35296630859375
            ],
            [
                -0.6942009329795837,
                0.719781219959259,
                -3.225841851417499e-07,
                -49.95759201049805
            ],
            [
                1.1920927818209748e-06,
                1.5978966985130683e-06,
                1.0,
                0.0334027074277401
            ],
            [
                0.0,
                0.0,
                0.0,
                1.0
            ]
        ]
    },
    {
        "class": "Car",
        "extent": [
            1.4750303030014038,
            3.805800199508667,
            1.97027587890625
        ],
        "position": [
            -34.47209424369239,
            -17.35886510397523,
            -2.491310405383767
        ],
        "yaw": -0.7922779074414501,
        "num_points": 2,
        "distance": 38.67637659838357,
        "speed": 8.92904404005388e-10,
        "brake": 0.0,
        "id": 3370,
        "ego_matrix": [
            [
                0.011208971031010151,
                0.9999371767044067,
                -4.303548848838545e-06,
                -103.1790771484375
            ],
            [
                -0.9999371767044067,
                0.011208971031010151,
                3.766695272133802e-06,
                -14.434906005859375
            ],
            [
                3.8146970382513246e-06,
                4.261057711119065e-06,
                1.0,
                0.04208049550652504
            ],
            [
                0.0,
                0.0,
                0.0,
                1.0
            ]
        ]
    },
    {
        "class": "Car",
        "extent": [
            1.2511454820632935,
            2.2094459533691406,
            0.8670341968536377
        ],
        "position": [
            14.357450442103445,
            -39.96448052255948,
            -2.5686292366422023
        ],
        "yaw": 2.3456475733273043,
        "num_points": 0,
        "distance": 42.5428483154434,
        "speed": -2.9272823366187795e-07,
        "brake": 0.0,
        "id": 3395,
        "ego_matrix": [
            [
                -0.007541986182332039,
                -0.9999715685844421,
                1.9186802092008293e-05,
                -52.33964538574219
            ],
            [
                0.9999715685844421,
                -0.007541986182332039,
                -1.5242667359416373e-06,
                -32.06132507324219
            ],
            [
                1.6689299400240998e-06,
                1.917476038215682e-05,
                1.0,
                -0.035144004970788956
            ],
            [
                0.0,
                0.0,
                0.0,
                1.0
            ]
        ]
    },
    {
        "class": "Car",
        "extent": [
            1.3787471055984497,
            2.2072951793670654,
            1.4809197187423706
        ],
        "position": [
            -33.089004685899106,
            -6.200049824604844,
            -2.531192406950403
        ],
        "yaw": 2.3493172761513788,
        "num_points": 8,
        "distance": 33.759884240501165,
        "speed": -0.00012816258203307058,
        "brake": 0.0,
        "id": 3397,
        "ego_matrix": [
            [
                -0.011211375705897808,
                -0.9999369382858276,
                -0.0007129296427592635,
                -109.93001556396484
            ],
            [
                0.9999205470085144,
                -0.011207069270312786,
                -0.005780435632914305,
                -23.42695426940918
            ],
            [
                0.005772081203758717,
                -0.0007776795537211001,
                0.9999830722808838,
                0.0021823120769113302
            ],
            [
                0.0,
                0.0,
                0.0,
                1.0
            ]
        ]
    },
    {
        "class": "Car",
        "extent": [
            1.3787471055984497,
            2.2072951793670654,
            1.4809197187423706
        ],
        "position": [
            22.55329663838416,
            -41.700219202960355,
            -2.531315463333686
        ],
        "yaw": -0.7959338949859107,
        "num_points": 2,
        "distance": 47.47596264225514,
        "speed": -0.00012817965815213232,
        "brake": 0.0,
        "id": 3412,
        "ego_matrix": [
            [
                0.007553097791969776,
                0.9999712109565735,
                0.0007335446425713599,
                -45.235477447509766
            ],
            [
                -0.9999548196792603,
                0.007548735477030277,
                0.005777665413916111,
                -36.50153732299805
            ],
            [
                0.005771961994469166,
                -0.0007771507953293622,
                0.9999830722808838,
                0.0021823120769113302
            ],
            [
                0.0,
                0.0,
                0.0,
                1.0
            ]
        ]
    },
    {
        "class": "Car",
        "extent": [
            1.385296106338501,
            4.181210041046143,
            1.9941171407699585
        ],
        "position": [
            16.858134472316042,
            -42.41297803603803,
            -2.5451665861194908
        ],
        "yaw": 2.3456510354367213,
        "num_points": 3,
        "distance": 45.71143485740995,
        "speed": -3.593558529494286e-10,
        "brake": 0.0,
        "id": 3417,
        "ego_matrix": [
            [
                -0.0075454432517290115,
                -0.9999715089797974,
                0.0,
                -48.83995056152344
            ],
            [
                0.9999715089797974,
                -0.0075454432517290115,
                -0.0,
                -32.03491973876953
            ],
            [
                0.0,
                -0.0,
                1.0,
                -0.011674460954964161
            ],
            [
                0.0,
                0.0,
                0.0,
                1.0
            ]
        ]
    },
    {
        "class": "Car",
        "extent": [
            1.4750303030014038,
            3.805800199508667,
            1.97027587890625
        ],
        "position": [
            -36.96393551693145,
            -14.901078165405405,
            -2.491303507588405
        ],
        "yaw": -0.7922779074414501,
        "num_points": 3,
        "distance": 39.932208210394656,
        "speed": 1.8250444033640032e-09,
        "brake": 0.0,
        "id": 3429,
        "ego_matrix": [
            [
                0.011208971031010151,
                0.9999371767044067,
                -4.303548848838545e-06,
                -106.6788558959961
            ],
            [
                -0.9999371767044067,
                0.011208971031010151,
                3.766695272133802e-06,
                -14.474136352539062
            ],
            [
                3.8146970382513246e-06,
                4.261057711119065e-06,
                1.0,
                0.04208049550652504
            ],
            [
                0.0,
                0.0,
                0.0,
                1.0
            ]
        ]
    },
    {
        "class": "Car",
        "extent": [
            1.5248334407806396,
            4.513522624969482,
            2.006814479827881
        ],
        "position": [
            24.857786189471607,
            -34.40273511824341,
            -2.4977107417897675
        ],
        "yaw": 2.3456506359625577,
        "num_points": 8,
        "distance": 42.51701161661243,
        "speed": -3.611814156611729e-08,
        "brake": 0.0,
        "id": 3431,
        "ego_matrix": [
            [
                -0.007545085623860359,
                -0.9999715089797974,
                4.269031251169508e-06,
                -48.642669677734375
            ],
            [
                0.9999715089797974,
                -0.007545085623860359,
                -1.040702841237362e-06,
                -43.35390853881836
            ],
            [
                1.0728834922701935e-06,
                4.261057711119065e-06,
                1.0,
                0.035778120160102844
            ],
            [
                0.0,
                0.0,
                0.0,
                1.0
            ]
        ]
    },
    {
        "class": "Car",
        "extent": [
            1.488319993019104,
            4.791779518127441,
            2.163450002670288
        ],
        "position": [
            29.202465023448262,
            -3.3888966463592385,
            -2.532118152198196
        ],
        "yaw": -2.363868122557299,
        "num_points": 10,
        "distance": 29.50729073063326,
        "speed": 8.71235261455443e-09,
        "brake": 0.0,
        "id": 3434,
        "ego_matrix": [
            [
                -0.9999457597732544,
                0.010415278375148773,
                0.0,
                -67.0452880859375
            ],
            [
                -0.010415278375148773,
                -0.9999457597732544,
                0.0,
                -68.69316864013672
            ],
            [
                0.0,
                -0.0,
                1.0,
                0.001326332101598382
            ],
            [
                0.0,
                0.0,
                0.0,
                1.0
            ]
        ]
    },
    {
        "class": "Car",
        "extent": [
            1.1454535722732544,
            2.0333523750305176,
            0.8025798797607422
        ],
        "position": [
            26.746623830477127,
            -5.882709911784397,
            -2.5321661683778998
        ],
        "yaw": -2.3638835688916218,
        "num_points": 3,
        "distance": 27.502727641809113,
        "speed": -4.455553462338065e-07,
        "brake": 0.0,
        "id": 3436,
        "ego_matrix": [
            [
                -0.9999459385871887,
                0.010399782098829746,
                5.380965831136564e-06,
                -67.08174896240234
            ],
            [
                -0.010399782098829746,
                -0.9999459385871887,
                -1.5631842416041763e-06,
                -65.19332122802734
            ],
            [
                5.364418029785156e-06,
                -1.6190605265364866e-06,
                1.0,
                0.001279373187571764
            ],
            [
                0.0,
                0.0,
                0.0,
                1.0
            ]
        ]
    },
    {
        "class": "Car",
        "extent": [
            1.2765706777572632,
            2.3557403087615967,
            0.7636788487434387
        ],
        "position": [
            -42.9219856858702,
            -16.005089345898924,
            -2.5634636937235715
        ],
        "yaw": 2.349302362449274,
        "num_points": 0,
        "distance": 45.880617762812356,
        "speed": 9.347864099559814e-08,
        "brake": 1.0,
        "id": 3467,
        "ego_matrix": [
            [
                -0.01119660958647728,
                -0.9999372959136963,
                -3.516666401992552e-05,
                -110.20094299316406
            ],
            [
                0.9999326467514038,
                -0.011196664534509182,
                0.003049643011763692,
                -9.543405532836914
            ],
            [
                -0.0030498455744236708,
                -1.0186340659856796e-06,
                0.9999953508377075,
                -0.03008502908051014
            ],
            [
                0.0,
                0.0,
                0.0,
                1.0
            ]
        ]
    }
]