[
    {
        "class": "Car",
        "extent": [
            1.5107464790344238,
            4.901683330535889,
            2.128324270248413
        ],
        "position": [
            -1.3,
            0.0,
            -2.5
        ],
        "yaw": 0,
        "num_points": -1,
        "distance": -1,
        "speed": 2.9450817200060187e-09,
        "brake": 0.0,
        "id": 3360,
        "ego_matrix": [
            [
                0.719781219959259,
                0.6942009329795837,
                -1.9673072984005557e-06,
                -91.35296630859375
            ],
            [
                -0.6942009329795837,
                0.719781219959259,
                -3.225841851417499e-07,
                -49.95759201049805
            ],
            [
                1.1920927818209748e-06,
                1.5978966985130683e-06,
                1.0,
                0.03341575711965561
            ],
            [
                0.0,
                0.0,
                0.0,
                1.0
            ]
        ]
    },
    {
        "class": "Car",
        "extent": [
            1.4750303030014038,
            3.805800199508667,
            1.97027587890625
        ],
        "position": [
            -34.47209424369403,
            -17.358865103973034,
            -2.491311780015887
        ],
        "yaw": -0.7922779074414501,
        "num_points": 3,
        "distance": 38.67637668692999,
        "speed": 2.4712330768709164e-09,
        "brake": 0.0,
        "id": 3370,
        "ego_matrix": [
            [
                0.011208971031010151,
                0.9999371767044067,
                -4.303548848838545e-06,
                -103.1790771484375
            ],
            [
                -0.9999371767044067,
                0.011208971031010151,
                3.766695272133802e-06,
                -14.434906005859375
            ],
            [
                3.8146970382513246e-06,
                4.261057711119065e-06,
                1.0,
                0.04209217056632042
            ],
            [
                0.0,
                0.0,
                0.0,
                1.0
            ]
        ]
    },
    {
        "class": "Car",
        "extent": [
            1.2511454820632935,
            2.2094459533691406,
            0.8670341968536377
        ],
        "position": [
            14.357458679300278,
            -39.96448846699766,
            -2.568667424615566
        ],
        "yaw": 2.3456475733273043,
        "num_points": 4,
        "distance": 42.54286086401436,
        "speed": 6.9132928620076634e-09,
        "brake": 0.0,
        "id": 3395,
        "ego_matrix": [
            [
                -0.007541986182332039,
                -0.9999715685844421,
                -1.4368158190336544e-05,
                -52.33963394165039
            ],
            [
                0.9999715685844421,
                -0.007541986182332039,
                -1.062068918145087e-06,
                -32.06132507324219
            ],
            [
                9.536742595628311e-07,
                -1.437575883755926e-05,
                1.0,
                -0.03516914322972298
            ],
            [
                0.0,
                0.0,
                0.0,
                1.0
            ]
        ]
    },
    {
        "class": "Car",
        "extent": [
            1.3787471055984497,
            2.2072951793670654,
            1.4809197187423706
        ],
        "position": [
            -33.08922037344123,
            -6.199833852677506,
            -2.5311887096960533
        ],
        "yaw": 2.3493127487775256,
        "num_points": 8,
        "distance": 33.76005570207278,
        "speed": 2.2316304557894255e-05,
        "brake": 0.0,
        "id": 3397,
        "ego_matrix": [
            [
                -0.01120684389024973,
                -0.999937117099762,
                0.00031469465466216207,
                -109.9303207397461
            ],
            [
                0.9999204277992249,
                -0.011208477430045605,
                -0.005788348149508238,
                -23.426959991455078
            ],
            [
                0.005791511852294207,
                0.0002498005051165819,
                0.9999831914901733,
                0.002199058420956135
            ],
            [
                0.0,
                0.0,
                0.0,
                1.0
            ]
        ]
    },
    {
        "class": "Car",
        "extent": [
            1.3787471055984497,
            2.2072951793670654,
            1.4809197187423706
        ],
        "position": [
            22.553497175533497,
            -41.70041791302725,
            -2.531311843373754
        ],
        "yaw": -0.7959376234114368,
        "num_points": 2,
        "distance": 47.47623224958279,
        "speed": 2.232804882364922e-05,
        "brake": 0.0,
        "id": 3412,
        "ego_matrix": [
            [
                0.007549401372671127,
                0.9999714493751526,
                -0.0002935207448899746,
                -45.23519515991211
            ],
            [
                -0.9999547600746155,
                0.007550974376499653,
                0.005789460614323616,
                -36.50153350830078
            ],
            [
                0.005791511852294207,
                0.0002498005051165819,
                0.9999831914901733,
                0.00219898228533566
            ],
            [
                0.0,
                0.0,
                0.0,
                1.0
            ]
        ]
    },
    {
        "class": "Car",
        "extent": [
            1.385296106338501,
            4.181210041046143,
            1.9941171407699585
        ],
        "position": [
            16.85813447231399,
            -42.41297803603528,
            -2.545168306272286
        ],
        "yaw": 2.3456510354367213,
        "num_points": 2,
        "distance": 45.71143495318305,
        "speed": -8.780374673820134e-10,
        "brake": 0.0,
        "id": 3417,
        "ego_matrix": [
            [
                -0.0075454432517290115,
                -0.9999715089797974,
                0.0,
                -48.83995056152344
            ],
            [
                0.9999715089797974,
                -0.0075454432517290115,
                -0.0,
                -32.03491973876953
            ],
            [
                0.0,
                -0.0,
                1.0,
                -0.011663131415843964
            ],
            [
                0.0,
                0.0,
                0.0,
                1.0
            ]
        ]
    },
    {
        "class": "Car",
        "extent": [
            1.4750303030014038,
            3.805800199508667,
            1.97027587890625
        ],
        "position": [
            -36.96393551693309,
            -14.901078165403208,
            -2.491304882220525
        ],
        "yaw": -0.7922779074414501,
        "num_points": 3,
        "distance": 39.93220829615637,
        "speed": 3.4637483087916635e-09,
        "brake": 0.0,
        "id": 3429,
        "ego_matrix": [
            [
                0.011208971031010151,
                0.9999371767044067,
                -4.303548848838545e-06,
                -106.6788558959961
            ],
            [
                -0.9999371767044067,
                0.011208971031010151,
                3.766695272133802e-06,
                -14.474136352539062
            ],
            [
                3.8146970382513246e-06,
                4.261057711119065e-06,
                1.0,
                0.04209217056632042
            ],
            [
                0.0,
                0.0,
                0.0,
                1.0
            ]
        ]
    },
    {
        "class": "Car",
        "extent": [
            1.5248334407806396,
            4.513522624969482,
            2.006814479827881
        ],
        "position": [
            24.85778618947115,
            -34.4027351182428,
            -2.4977111254946682
        ],
        "yaw": 2.3456506359625577,
        "num_points": 10,
        "distance": 42.51701163915285,
        "speed": 6.602915228977792e-09,
        "brake": 0.0,
        "id": 3431,
        "ego_matrix": [
            [
                -0.007545085623860359,
                -0.9999715089797974,
                4.269031251169508e-06,
                -48.642669677734375
            ],
            [
                0.9999715089797974,
                -0.007545085623860359,
                -1.040702841237362e-06,
                -43.35390853881836
            ],
            [
                1.0728834922701935e-06,
                4.261057711119065e-06,
                1.0,
                0.035790786147117615
            ],
            [
                0.0,
                0.0,
                0.0,
                1.0
            ]
        ]
    },
    {
        "class": "Car",
        "extent": [
            1.488319993019104,
            4.791779518127441,
            2.163450002670288
        ],
        "position": [
            29.20246502344544,
            -3.3888966463554535,
            -2.532120520784334
        ],
        "yaw": -2.363868122557299,
        "num_points": 10,
        "distance": 29.507290933886335,
        "speed": 7.834342197787885e-09,
        "brake": 0.0,
        "id": 3434,
        "ego_matrix": [
            [
                -0.9999457597732544,
                0.010415278375148773,
                0.0,
                -67.0452880859375
            ],
            [
                -0.010415278375148773,
                -0.9999457597732544,
                0.0,
                -68.69316864013672
            ],
            [
                0.0,
                -0.0,
                1.0,
                0.0013370132073760033
            ],
            [
                0.0,
                0.0,
                0.0,
                1.0
            ]
        ]
    },
    {
        "class": "Car",
        "extent": [
            1.1454535722732544,
            2.0333523750305176,
            0.8025798797607422
        ],
        "position": [
            26.74662383047519,
            -5.8827099117818005,
            -2.532167793070131
        ],
        "yaw": -2.3638835688916218,
        "num_points": 6,
        "distance": 27.502727791391546,
        "speed": -6.729887284303811e-08,
        "brake": 0.0,
        "id": 3436,
        "ego_matrix": [
            [
                -0.9999459385871887,
                0.010399782098829746,
                5.380965831136564e-06,
                -67.08174896240234
            ],
            [
                -0.010399782098829746,
                -0.9999459385871887,
                -1.5631842416041763e-06,
                -65.19332122802734
            ],
            [
                5.364418029785156e-06,
                -1.6190605265364866e-06,
                1.0,
                0.0012907981872558594
            ],
            [
                0.0,
                0.0,
                0.0,
                1.0
            ]
        ]
    },
    {
        "class": "Car",
        "extent": [
            1.2765706777572632,
            2.3557403087615967,
            0.7636788487434387
        ],
        "position": [
            -42.92198502386734,
            -16.00508865941012,
            -2.5634961987437634
        ],
        "yaw": 2.349302362449274,
        "num_points": 0,
        "distance": 45.88061872017033,
        "speed": -1.298217963466383e-07,
        "brake": 1.0,
        "id": 3467,
        "ego_matrix": [
            [
                -0.01119660958647728,
                -0.9999372959136963,
                -3.516666401992552e-05,
                -110.20094299316406
            ],
            [
                0.9999326467514038,
                -0.011196664534509182,
                0.003049643011763692,
                -9.54340648651123
            ],
            [
                -0.0030498455744236708,
                -1.0186340659856796e-06,
                0.9999953508377075,
                -0.030104484409093857
            ],
            [
                0.0,
                0.0,
                0.0,
                1.0
            ]
        ]
    }
]