[
    {
        "class": "Car",
        "extent": [
            1.5107464790344238,
            4.901683330535889,
            2.128324270248413
        ],
        "position": [
            -1.3,
            0.0,
            -2.5
        ],
        "yaw": 0,
        "num_points": -1,
        "distance": -1,
        "speed": 2.5302639166782397,
        "brake": 0.0,
        "id": 3360,
        "ego_matrix": [
            [
                0.7285347580909729,
                0.6850027441978455,
                -0.002883048728108406,
                -91.07466888427734
            ],
            [
                -0.6850007176399231,
                0.7285401821136475,
                0.0017932443879544735,
                -50.19878387451172
            ],
            [
                0.003328793914988637,
                0.0006684496183879673,
                0.9999942183494568,
                0.03176071122288704
            ],
            [
                0.0,
                0.0,
                0.0,
                1.0
            ]
        ]
    },
    {
        "class": "Car",
        "extent": [
            1.4750303030014038,
            3.805800199508667,
            1.97027587890625
        ],
        "position": [
            -34.57272186100324,
            -17.718563220171614,
            -2.3908166229095524
        ],
        "yaw": -0.804749157931155,
        "num_points": 3,
        "distance": 38.9221862642618,
        "speed": 1.0609629650488077,
        "brake": 0.0,
        "id": 3370,
        "ego_matrix": [
            [
                0.011437002569437027,
                0.9999346137046814,
                -1.291987246077042e-05,
                -103.17805480957031
            ],
            [
                -0.9999345541000366,
                0.0114370072260499,
                0.00038444652454927564,
                -14.498064041137695
            ],
            [
                0.00038456913898698986,
                8.522110874764621e-06,
                0.9999999403953552,
                0.042029380798339844
            ],
            [
                0.0,
                0.0,
                0.0,
                1.0
            ]
        ]
    },
    {
        "class": "Car",
        "extent": [
            1.2511454820632935,
            2.2094459533691406,
            0.8670341968536377
        ],
        "position": [
            14.439531738624623,
            -39.8069458057408,
            -2.6458610413009653
        ],
        "yaw": 2.3320418162132253,
        "num_points": 1,
        "distance": 42.427509847524725,
        "speed": 1.4207045320214466,
        "brake": 0.0,
        "id": 3395,
        "ego_matrix": [
            [
                -0.006635379046201706,
                -0.9999780058860779,
                0.00019341778533998877,
                -52.33958435058594
            ],
            [
                0.9999715089797974,
                -0.0066346400417387486,
                0.0036019522231072187,
                -31.979677200317383
            ],
            [
                -0.0036005894653499126,
                0.00021731258311774582,
                0.9999935030937195,
                -0.03509689122438431
            ],
            [
                0.0,
                0.0,
                0.0,
                1.0
            ]
        ]
    },
    {
        "class": "Car",
        "extent": [
            1.3787471055984497,
            2.2072951793670654,
            1.4809197187423706
        ],
        "position": [
            -33.415093889817626,
            -6.629054772572475,
            -2.426505412054853
        ],
        "yaw": 2.3366673275525294,
        "num_points": 7,
        "distance": 34.15261037399374,
        "speed": 0.8410832047630116,
        "brake": 0.0,
        "id": 3397,
        "ego_matrix": [
            [
                -0.011260280385613441,
                -0.999936580657959,
                8.643424371257424e-05,
                -109.93092346191406
            ],
            [
                0.9998911619186401,
                -0.011260592378675938,
                -0.009533368051052094,
                -23.370256423950195
            ],
            [
                0.009533736854791641,
                -2.0923558622598648e-05,
                0.9999545812606812,
                0.002781524555757642
            ],
            [
                0.0,
                0.0,
                0.0,
                1.0
            ]
        ]
    },
    {
        "class": "Car",
        "extent": [
            1.3787471055984497,
            2.2072951793670654,
            1.4809197187423706
        ],
        "position": [
            22.75206203944312,
            -41.338099962966105,
            -2.6366766610390338
        ],
        "yaw": -0.8085930314905208,
        "num_points": 3,
        "distance": 47.25935779726291,
        "speed": 0.8410974519181132,
        "brake": 0.0,
        "id": 3412,
        "ego_matrix": [
            [
                0.007592931389808655,
                0.9999711513519287,
                -4.9995949666481465e-05,
                -45.234798431396484
            ],
            [
                -0.9999257326126099,
                0.007593062706291676,
                0.009533632546663284,
                -36.55824279785156
            ],
            [
                0.009533736854791641,
                -2.2395977794076316e-05,
                0.9999545812606812,
                0.0027816391084343195
            ],
            [
                0.0,
                0.0,
                0.0,
                1.0
            ]
        ]
    },
    {
        "class": "Car",
        "extent": [
            1.385296106338501,
            4.181210041046143,
            1.9941171407699585
        ],
        "position": [
            16.957139700093254,
            -42.23798038971614,
            -2.633053139361772
        ],
        "yaw": 2.3325655268415892,
        "num_points": 4,
        "distance": 45.5908383674311,
        "speed": 1.6872616448006759,
        "brake": 0.0,
        "id": 3417,
        "ego_matrix": [
            [
                -0.0071592084132134914,
                -0.9999743700027466,
                -1.8591133994050324e-05,
                -48.84019088745117
            ],
            [
                0.9999732971191406,
                -0.007159173022955656,
                -0.0014759812038391829,
                -31.9331111907959
            ],
            [
                0.001475810306146741,
                -2.9157496101106517e-05,
                0.999998927116394,
                -0.012283439747989178
            ],
            [
                0.0,
                0.0,
                0.0,
                1.0
            ]
        ]
    },
    {
        "class": "Car",
        "extent": [
            1.4750303030014038,
            3.805800199508667,
            1.97027587890625
        ],
        "position": [
            -37.0955539500718,
            -15.292629516300272,
            -2.3807968873323047
        ],
        "yaw": -0.804749157931155,
        "num_points": 1,
        "distance": 40.194686641448484,
        "speed": 1.0609625893769654,
        "brake": 0.0,
        "id": 3429,
        "ego_matrix": [
            [
                0.011437002569437027,
                0.9999346137046814,
                -1.291987246077042e-05,
                -106.67782592773438
            ],
            [
                -0.9999345541000366,
                0.0114370072260499,
                0.00038444652454927564,
                -14.537294387817383
            ],
            [
                0.00038456913898698986,
                8.522110874764621e-06,
                0.9999999403953552,
                0.04202945530414581
            ],
            [
                0.0,
                0.0,
                0.0,
                1.0
            ]
        ]
    },
    {
        "class": "Car",
        "extent": [
            1.5248334407806396,
            4.513522624969482,
            2.006814479827881
        ],
        "position": [
            24.889761915995763,
            -34.0891506645111,
            -2.606350764807044
        ],
        "yaw": 2.3329516851996512,
        "num_points": 4,
        "distance": 42.28904711118354,
        "speed": 0.8448282321420718,
        "brake": 0.0,
        "id": 3431,
        "ego_matrix": [
            [
                -0.007545320317149162,
                -0.9999715089797974,
                1.1642016033874825e-05,
                -48.64304733276367
            ],
            [
                0.9999710321426392,
                -0.0075453282333910465,
                -0.0009781713597476482,
                -43.30366516113281
            ],
            [
                0.0009782313136383891,
                4.261062713339925e-06,
                0.9999995231628418,
                0.03537776693701744
            ],
            [
                0.0,
                0.0,
                0.0,
                1.0
            ]
        ]
    },
    {
        "class": "Car",
        "extent": [
            1.488319993019104,
            4.791779518127441,
            2.163450002670288
        ],
        "position": [
            28.810743451225175,
            -2.924779776581614,
            -2.6329493727302946
        ],
        "yaw": -2.376570535429623,
        "num_points": 18,
        "distance": 29.078268472403508,
        "speed": 1.4767158220101535,
        "brake": 0.0,
        "id": 3434,
        "ego_matrix": [
            [
                -0.999945342540741,
                0.010411940515041351,
                0.0010042841313406825,
                -67.13407897949219
            ],
            [
                -0.010411935858428478,
                -0.9999458193778992,
                1.0412173651275225e-05,
                -68.69408416748047
            ],
            [
                0.0010043380316346884,
                -4.4936765419834046e-08,
                0.9999995231628418,
                0.0009996413718909025
            ],
            [
                0.0,
                0.0,
                0.0,
                1.0
            ]
        ]
    },
    {
        "class": "Car",
        "extent": [
            1.1454535722732544,
            2.0333523750305176,
            0.8025798797607422
        ],
        "position": [
            26.38234960943387,
            -5.4453384861239424,
            -2.6250501353076663
        ],
        "yaw": -2.37661154811041,
        "num_points": 1,
        "distance": 27.0660482958953,
        "speed": 1.6885765560414299,
        "brake": 0.0,
        "id": 3436,
        "ego_matrix": [
            [
                -0.9998883605003357,
                0.010370906442403793,
                -0.010759906843304634,
                -67.17668151855469
            ],
            [
                -0.010370335541665554,
                -0.9999462366104126,
                -0.00010893298167502508,
                -65.19429016113281
            ],
            [
                -0.010760457254946232,
                2.6630111733538797e-06,
                0.9999421238899231,
                0.002500076312571764
            ],
            [
                0.0,
                0.0,
                0.0,
                1.0
            ]
        ]
    },
    {
        "class": "Car",
        "extent": [
            1.2765706777572632,
            2.3557403087615967,
            0.7636788487434387
        ],
        "position": [
            -43.08332410009698,
            -16.5174844423606,
            -2.4338165712239164
        ],
        "yaw": 2.3366031453702583,
        "num_points": 0,
        "distance": 46.205233155130664,
        "speed": 4.522610043630717e-08,
        "brake": 1.0,
        "id": 3467,
        "ego_matrix": [
            [
                -0.01119660958647728,
                -0.9999372959136963,
                -3.516666401992552e-05,
                -110.20094299316406
            ],
            [
                0.9999326467514038,
                -0.011196664534509182,
                0.003049643011763692,
                -9.54340648651123
            ],
            [
                -0.0030498455744236708,
                -1.0186340659856796e-06,
                0.9999953508377075,
                -0.030103225260972977
            ],
            [
                0.0,
                0.0,
                0.0,
                1.0
            ]
        ]
    }
]