[
    {
        "class": "Car",
        "extent": [
            1.5107464790344238,
            4.901683330535889,
            2.128324270248413
        ],
        "position": [
            -1.3,
            0.0,
            -2.5
        ],
        "yaw": 0,
        "num_points": -1,
        "distance": -1,
        "speed": 4.445330039705021,
        "brake": 0.0,
        "id": 3360,
        "ego_matrix": [
            [
                0.7644403576850891,
                0.6446921229362488,
                -0.0017474197084084153,
                -89.61219787597656
            ],
            [
                -0.6446925401687622,
                0.7644418478012085,
                0.00037489982787519693,
                -51.40589141845703
            ],
            [
                0.0015774957137182355,
                0.000839959888253361,
                0.9999983906745911,
                0.03263236954808235
            ],
            [
                0.0,
                0.0,
                0.0,
                1.0
            ]
        ]
    },
    {
        "class": "Car",
        "extent": [
            1.4750303030014038,
            3.805800199508667,
            1.97027587890625
        ],
        "position": [
            -34.47435136920436,
            -18.32991677282349,
            -2.453695295587724
        ],
        "yaw": -0.8562674765865197,
        "num_points": 1,
        "distance": 39.121443887331004,
        "speed": 4.250012247253778,
        "brake": 0.0,
        "id": 3370,
        "ego_matrix": [
            [
                0.013906341977417469,
                0.9999033212661743,
                -1.1980836461589206e-05,
                -103.15493774414062
            ],
            [
                -0.99990314245224,
                0.013906347565352917,
                0.0005550447385758162,
                -16.006460189819336
            ],
            [
                0.0005551576614379883,
                4.261033609509468e-06,
                0.9999998211860657,
                0.04200099781155586
            ],
            [
                0.0,
                0.0,
                0.0,
                1.0
            ]
        ]
    },
    {
        "class": "Car",
        "extent": [
            1.2511454820632935,
            2.2094459533691406,
            0.8670341968536377
        ],
        "position": [
            13.47852826642115,
            -40.28378919849159,
            -2.6248925500278713
        ],
        "yaw": 2.2744375086767574,
        "num_points": 0,
        "distance": 42.55989259051782,
        "speed": 4.681568261941,
        "brake": 0.025473296642303467,
        "id": 3395,
        "ego_matrix": [
            [
                -0.0030191221740096807,
                -0.9999954700469971,
                5.188632712815888e-05,
                -52.34403610229492
            ],
            [
                0.9999917149543762,
                -0.003018968040123582,
                0.0027496085967868567,
                -30.13892936706543
            ],
            [
                -0.0027494393289089203,
                6.018729982315563e-05,
                0.9999962449073792,
                -0.035110149532556534
            ],
            [
                0.0,
                0.0,
                0.0,
                1.0
            ]
        ]
    },
    {
        "class": "Car",
        "extent": [
            1.3787471055984497,
            2.2072951793670654,
            1.4809197187423706
        ],
        "position": [
            -35.47670702392289,
            -8.9903213836082,
            -2.4828492980941252
        ],
        "yaw": 2.2839105058322238,
        "num_points": 5,
        "distance": 36.682245848351066,
        "speed": 2.4092013878743113,
        "brake": 0.0,
        "id": 3397,
        "ego_matrix": [
            [
                -0.012490597553551197,
                -0.999921977519989,
                0.00020110652258154005,
                -109.94229125976562
            ],
            [
                0.9998273849487305,
                -0.012492182664573193,
                -0.01375273335725069,
                -22.49983787536621
            ],
            [
                0.013754172250628471,
                2.929195761680603e-05,
                0.9999054074287415,
                0.003420944092795253
            ],
            [
                0.0,
                0.0,
                0.0,
                1.0
            ]
        ]
    },
    {
        "class": "Car",
        "extent": [
            1.5248334407806396,
            4.513522624969482,
            2.006814479827881
        ],
        "position": [
            26.547522774173718,
            -41.2591169030795,
            -2.5762543131588496
        ],
        "yaw": -0.8621537283858671,
        "num_points": 0,
        "distance": 49.12965275018054,
        "speed": 3.8679467229331066,
        "brake": 0.0,
        "id": 3408,
        "ego_matrix": [
            [
                0.008020375855267048,
                0.9999678134918213,
                -1.9398756194277667e-05,
                -41.72486877441406
            ],
            [
                -0.9999659061431885,
                0.008020398207008839,
                0.0019537461921572685,
                -37.81881332397461
            ],
            [
                0.0019538388587534428,
                3.728316869455739e-06,
                0.9999980926513672,
                0.03496352955698967
            ],
            [
                0.0,
                0.0,
                0.0,
                1.0
            ]
        ]
    },
    {
        "class": "Car",
        "extent": [
            1.3787471055984497,
            2.2072951793670654,
            1.4809197187423706
        ],
        "position": [
            23.618731112548627,
            -39.2994560001791,
            -2.6015306693645504
        ],
        "yaw": -0.861705252058298,
        "num_points": 1,
        "distance": 45.92449959553756,
        "speed": 2.4091948494324753,
        "brake": 0.0,
        "id": 3412,
        "ego_matrix": [
            [
                0.008468039333820343,
                0.9999641180038452,
                -0.00013352771929930896,
                -45.227088928222656
            ],
            [
                -0.9998695254325867,
                0.008469074964523315,
                0.013753890991210938,
                -37.4286994934082
            ],
            [
                0.013754528947174549,
                1.7041806131601334e-05,
                0.9999054074287415,
                0.0034210204612463713
            ],
            [
                0.0,
                0.0,
                0.0,
                1.0
            ]
        ]
    },
    {
        "class": "Car",
        "extent": [
            1.385296106338501,
            4.181210041046143,
            1.9941171407699585
        ],
        "position": [
            16.11754131518745,
            -42.578368404314666,
            -2.6079437585501686
        ],
        "yaw": 2.276233411357852,
        "num_points": 5,
        "distance": 45.601468887175955,
        "speed": 4.3049509425640595,
        "brake": 0.0,
        "id": 3417,
        "ego_matrix": [
            [
                -0.0048150052316486835,
                -0.9999884366989136,
                -6.688772373308893e-06,
                -48.8474006652832
            ],
            [
                0.9999879598617554,
                -0.004814996384084225,
                -0.0009695723420009017,
                -30.08620262145996
            ],
            [
                0.0009695289190858603,
                -1.1357186849636491e-05,
                0.9999995231628418,
                -0.012070998549461365
            ],
            [
                0.0,
                0.0,
                0.0,
                1.0
            ]
        ]
    },
    {
        "class": "Car",
        "extent": [
            1.4750303030014038,
            3.805800199508667,
            1.97027587890625
        ],
        "position": [
            -37.12449489980612,
            -16.043592100711248,
            -2.447594349250841
        ],
        "yaw": -0.8562863850302591,
        "num_points": 2,
        "distance": 40.516856827229574,
        "speed": 4.2500065817034285,
        "brake": 0.0,
        "id": 3429,
        "ego_matrix": [
            [
                0.013887389563024044,
                0.9999035596847534,
                -1.1437795365054626e-05,
                -106.65480041503906
            ],
            [
                -0.9999033808708191,
                0.013887394219636917,
                0.0005550523055717349,
                -16.045692443847656
            ],
            [
                0.0005551576614379883,
                3.7284623886080226e-06,
                0.9999998211860657,
                0.04200092330574989
            ],
            [
                0.0,
                0.0,
                0.0,
                1.0
            ]
        ]
    },
    {
        "class": "Car",
        "extent": [
            1.5248334407806396,
            4.513522624969482,
            2.006814479827881
        ],
        "position": [
            23.95274678972936,
            -33.58972951671747,
            -2.565718154097573
        ],
        "yaw": 2.2789748693839798,
        "num_points": 9,
        "distance": 41.33505676088272,
        "speed": 3.867948453378668,
        "brake": 0.0,
        "id": 3431,
        "ego_matrix": [
            [
                -0.0075563956052064896,
                -0.9999714493751526,
                1.9026731024496257e-05,
                -48.65283203125
            ],
            [
                0.9999695420265198,
                -0.007556418422609568,
                -0.001953989500179887,
                -42.0087776184082
            ],
            [
                0.001954077510163188,
                4.261033154762117e-06,
                0.9999980926513672,
                0.03496444597840309
            ],
            [
                0.0,
                0.0,
                0.0,
                1.0
            ]
        ]
    },
    {
        "class": "Car",
        "extent": [
            1.488319993019104,
            4.791779518127441,
            2.163450002670288
        ],
        "position": [
            25.751560606839274,
            -0.17610778711578884,
            -2.5743931507078335
        ],
        "yaw": -2.4308196594667546,
        "num_points": 23,
        "distance": 25.880521396115853,
        "speed": 4.145559239533473,
        "brake": 0.0,
        "id": 3434,
        "ego_matrix": [
            [
                -0.9999481439590454,
                0.010150634683668613,
                0.0008219447336159647,
                -68.81922912597656
            ],
            [
                -0.01015064399689436,
                -0.9999485015869141,
                -7.257164725160692e-06,
                -68.71123504638672
            ],
            [
                0.0008218287257477641,
                -1.5600056940456852e-05,
                0.9999996423721313,
                0.0010609817691147327
            ],
            [
                0.0,
                0.0,
                0.0,
                1.0
            ]
        ]
    },
    {
        "class": "Car",
        "extent": [
            1.1454535722732544,
            2.0333523750305176,
            0.8025798797607422
        ],
        "position": [
            23.39870169718211,
            -2.768847971316481,
            -2.5717418990162964
        ],
        "yaw": -2.4309829112415766,
        "num_points": 3,
        "distance": 23.701890570102886,
        "speed": 4.489421360163025,
        "brake": 0.0,
        "id": 3436,
        "ego_matrix": [
            [
                -0.9999192357063293,
                0.009985329583287239,
                -0.007860897108912468,
                -68.94633483886719
            ],
            [
                -0.009987269528210163,
                -0.9999500513076782,
                0.00020752247655764222,
                -65.21236419677734
            ],
            [
                -0.00785843376070261,
                0.0002860146341845393,
                0.9999690651893616,
                0.002178402151912451
            ],
            [
                0.0,
                0.0,
                0.0,
                1.0
            ]
        ]
    },
    {
        "class": "Car",
        "extent": [
            1.2765706777572632,
            2.3557403087615967,
            0.7636788487434387
        ],
        "position": [
            -44.34593501301343,
            -19.098749751982353,
            -2.510845395812642
        ],
        "yaw": 2.281701280549948,
        "num_points": 0,
        "distance": 48.349028313596236,
        "speed": 1.0461905040558497,
        "brake": 1.0,
        "id": 3467,
        "ego_matrix": [
            [
                -0.010282577946782112,
                -0.9999471306800842,
                5.4166728659765795e-05,
                -110.20541381835938
            ],
            [
                0.9999433159828186,
                -0.010282388888299465,
                0.0027613481506705284,
                -9.054616928100586
            ],
            [
                -0.0027606452349573374,
                8.255743887275457e-05,
                0.9999961853027344,
                -0.03007560409605503
            ],
            [
                0.0,
                0.0,
                0.0,
                1.0
            ]
        ]
    }
]