[
    {
        "class": "Car",
        "extent": [
            1.5107464790344238,
            4.901683330535889,
            2.128324270248413
        ],
        "position": [
            -1.3,
            0.0,
            -2.5
        ],
        "yaw": 0,
        "num_points": -1,
        "distance": -1,
        "speed": 3.711279999138371,
        "brake": 0.0,
        "id": 3360,
        "ego_matrix": [
            [
                0.7992015480995178,
                0.601063072681427,
                0.00020237581338733435,
                -87.95622253417969
            ],
            [
                -0.6010627746582031,
                0.7992013692855835,
                -0.0008473152993246913,
                -52.63412857055664
            ],
            [
                -0.0006710290326736867,
                0.0005555351381190121,
                0.9999995827674866,
                0.03375156223773956
            ],
            [
                0.0,
                0.0,
                0.0,
                1.0
            ]
        ]
    },
    {
        "class": "Car",
        "extent": [
            1.4750303030014038,
            3.805800199508667,
            1.97027587890625
        ],
        "position": [
            -34.08054425053177,
            -18.35693644469749,
            -2.5238612313066415
        ],
        "yaw": -0.9109057550379395,
        "num_points": 2,
        "distance": 38.79214466308881,
        "speed": 4.573546905222557,
        "brake": 0.0,
        "id": 3370,
        "ego_matrix": [
            [
                0.015059573575854301,
                0.9998865723609924,
                -7.643325261597056e-06,
                -103.12081146240234
            ],
            [
                -0.9998865723609924,
                0.015059573575854301,
                4.769322549691424e-05,
                -18.260055541992188
            ],
            [
                4.7802921471884474e-05,
                6.924219178472413e-06,
                1.0,
                0.0420849584043026
            ],
            [
                0.0,
                0.0,
                0.0,
                1.0
            ]
        ]
    },
    {
        "class": "Car",
        "extent": [
            1.2511454820632935,
            2.2094459533691406,
            0.8670341968536377
        ],
        "position": [
            12.181620802779776,
            -41.31303063881053,
            -2.5828229561967584
        ],
        "yaw": 2.2178813547663165,
        "num_points": 3,
        "distance": 43.148920732378365,
        "speed": 4.71864092327631,
        "brake": 0.0,
        "id": 3395,
        "ego_matrix": [
            [
                -0.0022546472027897835,
                -0.9999974370002747,
                6.779114482924342e-05,
                -52.34996795654297
            ],
            [
                0.9999974370002747,
                -0.002254651626572013,
                -6.50547954137437e-05,
                -27.719926834106445
            ],
            [
                6.520747410831973e-05,
                6.764430145267397e-05,
                1.0,
                -0.03516708314418793
            ],
            [
                0.0,
                0.0,
                0.0,
                1.0
            ]
        ]
    },
    {
        "class": "Car",
        "extent": [
            1.3787471055984497,
            2.2072951793670654,
            1.4809197187423706
        ],
        "position": [
            -37.916026753023836,
            -12.073134641139331,
            -2.5619822511322288
        ],
        "yaw": 2.2291878051742477,
        "num_points": 4,
        "distance": 39.87416980771154,
        "speed": 3.6366936643320678,
        "brake": 0.0,
        "id": 3397,
        "ego_matrix": [
            [
                -0.013559774495661259,
                -0.9999080300331116,
                0.00017917148943524808,
                -109.96310424804688
            ],
            [
                0.9998443126678467,
                -0.01356093306094408,
                -0.011286771856248379,
                -20.976680755615234
            ],
            [
                0.011288164183497429,
                2.6097519366885535e-05,
                0.9999362826347351,
                0.0030467987526208162
            ],
            [
                0.0,
                0.0,
                0.0,
                1.0
            ]
        ]
    },
    {
        "class": "Car",
        "extent": [
            1.5248334407806396,
            4.513522624969482,
            2.006814479827881
        ],
        "position": [
            27.83105779155782,
            -38.206881419574465,
            -2.4987267344110373
        ],
        "yaw": -0.9176455499666577,
        "num_points": 0,
        "distance": 47.33473566948184,
        "speed": 2.153794911294287,
        "brake": 1.0,
        "id": 3408,
        "ego_matrix": [
            [
                0.00832029152661562,
                0.9999653697013855,
                9.949529157893267e-06,
                -41.70988845825195
            ],
            [
                -0.9999630451202393,
                0.008320294320583344,
                -0.0021560094319283962,
                -39.60873031616211
            ],
            [
                -0.002156017581000924,
                7.989466212166008e-06,
                0.9999976754188538,
                0.03670230880379677
            ],
            [
                0.0,
                0.0,
                0.0,
                1.0
            ]
        ]
    },
    {
        "class": "Car",
        "extent": [
            1.3787471055984497,
            2.2072951793670654,
            1.4809197187423706
        ],
        "position": [
            24.63673229282833,
            -36.62628295305596,
            -2.5336475872748436
        ],
        "yaw": -0.9166885430289377,
        "num_points": 3,
        "distance": 44.213940687551386,
        "speed": 3.636686252619804,
        "brake": 0.0,
        "id": 3412,
        "ego_matrix": [
            [
                0.009276694618165493,
                0.9999569654464722,
                -0.00012816487287636846,
                -45.21284484863281
            ],
            [
                -0.9998932480812073,
                0.009277550503611565,
                0.011288057081401348,
                -38.951927185058594
            ],
            [
                0.011288760229945183,
                2.343533378734719e-05,
                0.9999362826347351,
                0.003046874888241291
            ],
            [
                0.0,
                0.0,
                0.0,
                1.0
            ]
        ]
    },
    {
        "class": "Car",
        "extent": [
            1.385296106338501,
            4.181210041046143,
            1.9941171407699585
        ],
        "position": [
            15.058173339540037,
            -43.303757214840495,
            -2.5585651983346676
        ],
        "yaw": 2.218977778187102,
        "num_points": 5,
        "distance": 45.918517279193736,
        "speed": 4.547595141262042,
        "brake": 0.0,
        "id": 3417,
        "ego_matrix": [
            [
                -0.003351010615006089,
                -0.9999943971633911,
                -5.841259280714439e-06,
                -48.85446548461914
            ],
            [
                0.9999943971633911,
                -0.003351009450852871,
                -0.000167747974046506,
                -27.85794448852539
            ],
            [
                0.000167727455846034,
                -6.403351562767057e-06,
                1.0,
                -0.011733665131032467
            ],
            [
                0.0,
                0.0,
                0.0,
                1.0
            ]
        ]
    },
    {
        "class": "Car",
        "extent": [
            1.4750303030014038,
            3.805800199508667,
            1.97027587890625
        ],
        "position": [
            -36.854096598766944,
            -16.221917772496376,
            -2.5245362876524986
        ],
        "yaw": -0.9109173397886815,
        "num_points": 5,
        "distance": 40.34536325027392,
        "speed": 4.5735486810032135,
        "brake": 0.0,
        "id": 3429,
        "ego_matrix": [
            [
                0.01504801120609045,
                0.9998867511749268,
                -7.642772288818378e-06,
                -106.62071990966797
            ],
            [
                -0.9998867511749268,
                0.01504801120609045,
                4.769331280840561e-05,
                -18.299285888671875
            ],
            [
                4.7802921471884474e-05,
                6.924217359483009e-06,
                1.0,
                0.0420849584043026
            ],
            [
                0.0,
                0.0,
                0.0,
                1.0
            ]
        ]
    },
    {
        "class": "Car",
        "extent": [
            1.5248334407806396,
            4.513522624969482,
            2.006814479827881
        ],
        "position": [
            22.37991104902286,
            -33.87602664632737,
            -2.501072572347245
        ],
        "yaw": 2.2231895674510627,
        "num_points": 4,
        "distance": 40.678015732297034,
        "speed": 4.686983710613614,
        "brake": 0.0,
        "id": 3431,
        "ego_matrix": [
            [
                -0.007562727201730013,
                -0.9999713897705078,
                7.524527973146178e-06,
                -48.66957092285156
            ],
            [
                0.9999712705612183,
                -0.007562729995697737,
                -0.0004314930411055684,
                -39.79347229003906
            ],
            [
                0.00043153759906999767,
                4.2610477066773456e-06,
                0.9999998807907104,
                0.035608407109975815
            ],
            [
                0.0,
                0.0,
                0.0,
                1.0
            ]
        ]
    },
    {
        "class": "Car",
        "extent": [
            1.488319993019104,
            4.791779518127441,
            2.163450002670288
        ],
        "position": [
            21.89669623097882,
            2.6767329320092412,
            -2.5154336336898533
        ],
        "yaw": -2.4954948594344657,
        "num_points": 31,
        "distance": 22.202648747087878,
        "speed": 4.592414697476651,
        "brake": 0.0,
        "id": 3434,
        "ego_matrix": [
            [
                -0.9999992251396179,
                0.001267302199266851,
                0.00021411744819488376,
                -71.02627563476562
            ],
            [
                -0.0012673453893512487,
                -0.9999992251396179,
                -0.00020184862660244107,
                -68.71603393554688
            ],
            [
                0.00021386145090218633,
                -0.00020211981609463692,
                1.0,
                0.0012652587611228228
            ],
            [
                0.0,
                0.0,
                0.0,
                1.0
            ]
        ]
    },
    {
        "class": "Car",
        "extent": [
            1.1454535722732544,
            2.0333523750305176,
            0.8025798797607422
        ],
        "position": [
            19.60112122650471,
            0.023971223313522208,
            -2.518369723642506
        ],
        "yaw": 3.7829817126217518,
        "num_points": 6,
        "distance": 19.7622547807845,
        "speed": 4.625492656238456,
        "brake": 0.0,
        "id": 3436,
        "ego_matrix": [
            [
                -0.9999939799308777,
                -0.0034430420491844416,
                -0.00042899034451693296,
                -71.26642608642578
            ],
            [
                0.003441239008679986,
                -0.9999855756759644,
                0.00413471506908536,
                -65.21615600585938
            ],
            [
                -0.0004432201385498047,
                0.004133213777095079,
                0.9999913573265076,
                0.0013432695996016264
            ],
            [
                0.0,
                0.0,
                0.0,
                1.0
            ]
        ]
    },
    {
        "class": "Car",
        "extent": [
            1.2765706777572632,
            2.3557403087615967,
            0.7636788487434387
        ],
        "position": [
            -45.28524473768135,
            -21.468165336445104,
            -2.605228383177326
        ],
        "yaw": 2.226107060425244,
        "num_points": 0,
        "distance": 50.18388913578891,
        "speed": -0.00029121164382100295,
        "brake": 1.0,
        "id": 3467,
        "ego_matrix": [
            [
                -0.010480104945600033,
                -0.9999451041221619,
                -3.180714338668622e-05,
                -110.20559692382812
            ],
            [
                0.9999421238899231,
                -0.010480151511728764,
                0.0024403701536357403,
                -9.0387601852417
            ],
            [
                -0.0024405692238360643,
                -6.229965947568417e-06,
                0.9999970197677612,
                -0.03003508970141411
            ],
            [
                0.0,
                0.0,
                0.0,
                1.0
            ]
        ]
    }
]