[
    {
        "class": "Car",
        "extent": [
            1.5107464790344238,
            4.901683330535889,
            2.128324270248413
        ],
        "position": [
            -1.3,
            0.0,
            -2.5
        ],
        "yaw": 0,
        "num_points": -1,
        "distance": -1,
        "speed": 4.16016586092564,
        "brake": 0.0,
        "id": 3360,
        "ego_matrix": [
            [
                0.8312680721282959,
                0.5558711886405945,
                -0.0007633711211383343,
                -86.32820892333984
            ],
            [
                -0.5558714866638184,
                0.8312682509422302,
                -0.0002539418637752533,
                -53.70103454589844
            ],
            [
                0.0004934071912430227,
                0.0006354300421662629,
                0.9999997019767761,
                0.033171843737363815
            ],
            [
                0.0,
                0.0,
                0.0,
                1.0
            ]
        ]
    },
    {
        "class": "Car",
        "extent": [
            1.4750303030014038,
            3.805800199508667,
            1.97027587890625
        ],
        "position": [
            -33.652877125224556,
            -18.244951984425917,
            -2.486710947685288
        ],
        "yaw": -0.9634361414865616,
        "num_points": 2,
        "distance": 38.36115408921904,
        "speed": 4.579590226231326,
        "brake": 0.0,
        "id": 3370,
        "ego_matrix": [
            [
                0.017948215827345848,
                0.9998388886451721,
                -1.935995533131063e-05,
                -103.08029174804688
            ],
            [
                -0.9998388886451721,
                0.017948215827345848,
                1.0144573934667278e-05,
                -20.550548553466797
            ],
            [
                1.0490416570974048e-05,
                1.917476038215682e-05,
                1.0,
                0.042091138660907745
            ],
            [
                0.0,
                0.0,
                0.0,
                1.0
            ]
        ]
    },
    {
        "class": "Car",
        "extent": [
            1.2511454820632935,
            2.2094459533691406,
            0.8670341968536377
        ],
        "position": [
            11.192713685068522,
            -42.436436907918825,
            -2.601467882731076
        ],
        "yaw": 2.1618883262683735,
        "num_points": 2,
        "distance": 43.96470916792896,
        "speed": 4.694451674803365,
        "brake": 0.0,
        "id": 3395,
        "ego_matrix": [
            [
                -0.0016810131492093205,
                -0.9999985694885254,
                4.143964179093018e-05,
                -52.35414505004883
            ],
            [
                0.9999985694885254,
                -0.0016810105880722404,
                6.289304292295128e-05,
                -25.369293212890625
            ],
            [
                -6.282329559326172e-05,
                4.154530688538216e-05,
                1.0,
                -0.035166624933481216
            ],
            [
                0.0,
                0.0,
                0.0,
                1.0
            ]
        ]
    },
    {
        "class": "Car",
        "extent": [
            1.3787471055984497,
            2.2072951793670654,
            1.4809197187423706
        ],
        "position": [
            -40.03890540732174,
            -15.372468124713745,
            -2.5233002211158224
        ],
        "yaw": 2.1744010554920563,
        "num_points": 2,
        "distance": 42.962702038718206,
        "speed": 2.361990622087683,
        "brake": 0.0,
        "id": 3397,
        "ego_matrix": [
            [
                -0.014193037524819374,
                -0.9998992681503296,
                -4.286660987418145e-05,
                -109.9854965209961
            ],
            [
                0.9998863339424133,
                -0.014193071983754635,
                0.005083919037133455,
                -19.388532638549805
            ],
            [
                -0.005084015429019928,
                2.929451693489682e-05,
                0.9999870657920837,
                0.0005257034208625555
            ],
            [
                0.0,
                0.0,
                0.0,
                1.0
            ]
        ]
    },
    {
        "class": "Car",
        "extent": [
            1.5248334407806396,
            4.513522624969482,
            2.006814479827881
        ],
        "position": [
            28.09159600887254,
            -36.31802144246602,
            -2.5346692093786185
        ],
        "yaw": -0.9728801101861463,
        "num_points": 3,
        "distance": 45.984355990076644,
        "speed": -0.0003242034719284428,
        "brake": 1.0,
        "id": 3408,
        "ego_matrix": [
            [
                0.008505077101290226,
                0.9999638199806213,
                1.605484158062609e-06,
                -41.70774459838867
            ],
            [
                -0.9999635815620422,
                0.008505076169967651,
                -0.0006897561834193766,
                -39.848960876464844
            ],
            [
                -0.0006897448911331594,
                4.2610040509316605e-06,
                0.9999997615814209,
                0.036082230508327484
            ],
            [
                0.0,
                0.0,
                0.0,
                1.0
            ]
        ]
    },
    {
        "class": "Car",
        "extent": [
            1.3787471055984497,
            2.2072951793670654,
            1.4809197187423706
        ],
        "position": [
            25.142222842524095,
            -34.43702707070982,
            -2.5693838143518155
        ],
        "yaw": -0.9719107195493574,
        "num_points": 5,
        "distance": 42.7158277002494,
        "speed": -0.004994028142418461,
        "brake": 1.0,
        "id": 3412,
        "ego_matrix": [
            [
                0.009473131038248539,
                0.9999551177024841,
                0.00015756920038256794,
                -45.20502853393555
            ],
            [
                -0.9998158812522888,
                0.009474440477788448,
                -0.016686350107192993,
                -39.77309036254883
            ],
            [
                -0.016687093302607536,
                5.317851901054382e-07,
                0.9998607635498047,
                -0.0012828444596379995
            ],
            [
                0.0,
                0.0,
                0.0,
                1.0
            ]
        ]
    },
    {
        "class": "Car",
        "extent": [
            1.385296106338501,
            4.181210041046143,
            1.9941171407699585
        ],
        "position": [
            14.207088562754734,
            -44.21501846020206,
            -2.580602192815183
        ],
        "yaw": 2.162603518179114,
        "num_points": 3,
        "distance": 46.513102783447245,
        "speed": 4.604006370151366,
        "brake": 0.0,
        "id": 3417,
        "ego_matrix": [
            [
                -0.0023961481638252735,
                -0.9999971389770508,
                -4.233349500282202e-06,
                -48.859745025634766
            ],
            [
                0.9999971389770508,
                -0.00239614793099463,
                -4.8409256123704836e-05,
                -25.566425323486328
            ],
            [
                4.839897155761719e-05,
                -4.349332812125795e-06,
                1.0,
                -0.011683464050292969
            ],
            [
                0.0,
                0.0,
                0.0,
                1.0
            ]
        ]
    },
    {
        "class": "Car",
        "extent": [
            1.4750303030014038,
            3.805800199508667,
            1.97027587890625
        ],
        "position": [
            -36.540855020671714,
            -16.266541704551013,
            -2.484028893764668
        ],
        "yaw": -0.9636907396867734,
        "num_points": 3,
        "distance": 40.07499050795526,
        "speed": 4.579601919716759,
        "brake": 0.0,
        "id": 3429,
        "ego_matrix": [
            [
                0.017693625763058662,
                0.9998434782028198,
                -1.7761838535079733e-05,
                -106.58071899414062
            ],
            [
                -0.9998434782028198,
                0.017693625763058662,
                1.0296967957401648e-05,
                -20.589794158935547
            ],
            [
                1.0609626770019531e-05,
                1.7576865502633154e-05,
                1.0,
                0.04209110140800476
            ],
            [
                0.0,
                0.0,
                0.0,
                1.0
            ]
        ]
    },
    {
        "class": "Car",
        "extent": [
            1.5248334407806396,
            4.513522624969482,
            2.006814479827881
        ],
        "position": [
            20.940605905916104,
            -34.45541439426489,
            -2.5302775089204133
        ],
        "yaw": 2.167770583326086,
        "num_points": 4,
        "distance": 40.39909480495266,
        "speed": 4.7720934097913235,
        "brake": 0.0,
        "id": 3431,
        "ego_matrix": [
            [
                -0.007563204970210791,
                -0.9999713897705078,
                4.7820640247664414e-06,
                -48.68750762939453
            ],
            [
                0.9999713897705078,
                -0.007563205435872078,
                -6.886876508360729e-05,
                -37.42225646972656
            ],
            [
                6.890296208439395e-05,
                4.261058620613767e-06,
                1.0,
                0.03576202318072319
            ],
            [
                0.0,
                0.0,
                0.0,
                1.0
            ]
        ]
    },
    {
        "class": "Car",
        "extent": [
            1.488319993019104,
            4.791779518127441,
            2.163450002670288
        ],
        "position": [
            17.7843502454975,
            5.222320287272193,
            -2.537957652296905
        ],
        "yaw": 3.7020231468009697,
        "num_points": 42,
        "distance": 18.708206003843184,
        "speed": 4.74150816196973,
        "brake": 0.0,
        "id": 3434,
        "ego_matrix": [
            [
                -0.9995800852775574,
                -0.028976615518331528,
                6.206642865436152e-05,
                -73.36690521240234
            ],
            [
                0.02897658757865429,
                -0.9995799660682678,
                -0.0004301894805394113,
                -68.65061950683594
            ],
            [
                7.450579869328067e-05,
                -0.0004282103618606925,
                0.9999998807907104,
                0.0013121414231136441
            ],
            [
                0.0,
                0.0,
                0.0,
                1.0
            ]
        ]
    },
    {
        "class": "Car",
        "extent": [
            1.1454535722732544,
            2.0333523750305176,
            0.8025798797607422
        ],
        "position": [
            15.651311775915772,
            2.432454807034692,
            -2.5386722950615512
        ],
        "yaw": 3.6893419726383394,
        "num_points": 12,
        "distance": 16.041360718994476,
        "speed": 4.654257420701001,
        "brake": 0.0,
        "id": 3436,
        "ego_matrix": [
            [
                -0.9991322755813599,
                -0.04165014252066612,
                0.0001111518795369193,
                -73.58922576904297
            ],
            [
                0.041649602353572845,
                -0.9990968704223633,
                0.008419230580329895,
                -65.14579772949219
            ],
            [
                -0.00023961065744515508,
                0.008416554890573025,
                0.9999645948410034,
                0.0013178065419197083
            ],
            [
                0.0,
                0.0,
                0.0,
                1.0
            ]
        ]
    },
    {
        "class": "Car",
        "extent": [
            1.6171096563339233,
            3.987684965133667,
            1.8508483171463013
        ],
        "position": [
            -43.46145410222292,
            -26.492216533930304,
            -2.4909342870374847
        ],
        "yaw": -0.9703357260806845,
        "num_points": 0,
        "distance": 50.960183311901645,
        "speed": 4.58930799881071,
        "brake": 0.0,
        "id": 3451,
        "ego_matrix": [
            [
                0.011049360036849976,
                0.99993896484375,
                3.2859497878234833e-07,
                -106.64942932128906
            ],
            [
                -0.99993896484375,
                0.011049360036849976,
                2.1104960978846066e-05,
                -8.24255084991455
            ],
            [
                2.1100042431498878e-05,
                -5.617712304228917e-07,
                1.0,
                0.038268737494945526
            ],
            [
                0.0,
                0.0,
                0.0,
                1.0
            ]
        ]
    }
]