[
    {
        "class": "Car",
        "extent": [
            1.5107464790344238,
            4.901683330535889,
            2.128324270248413
        ],
        "position": [
            -1.3,
            0.0,
            -2.5
        ],
        "yaw": 0,
        "num_points": -1,
        "distance": -1,
        "speed": 3.752360946100865,
        "brake": 0.0,
        "id": 3360,
        "ego_matrix": [
            [
                0.8628227114677429,
                0.5055066347122192,
                -0.0001942968083312735,
                -84.65503692626953
            ],
            [
                -0.505506694316864,
                0.862822413444519,
                -0.0007436148589476943,
                -54.659725189208984
            ],
            [
                -0.00020825861429329962,
                0.0007398260640911758,
                0.9999997019767761,
                0.03352104127407074
            ],
            [
                0.0,
                0.0,
                0.0,
                1.0
            ]
        ]
    },
    {
        "class": "Car",
        "extent": [
            1.4750303030014038,
            3.805800199508667,
            1.97027587890625
        ],
        "position": [
            -33.22060081063878,
            -18.169700334152914,
            -2.511536123383069
        ],
        "yaw": -1.0102166965626755,
        "num_points": 5,
        "distance": 37.94804530080289,
        "speed": 4.832956311724344,
        "brake": 0.0,
        "id": 3370,
        "ego_matrix": [
            [
                0.0306057371199131,
                0.9995315074920654,
                -6.239635695237666e-05,
                -103.01194763183594
            ],
            [
                -0.9995315074920654,
                0.03060574270784855,
                0.00010602437396300957,
                -22.846418380737305
            ],
            [
                0.00010788439976749942,
                5.912217602599412e-05,
                1.0,
                0.042075078934431076
            ],
            [
                0.0,
                0.0,
                0.0,
                1.0
            ]
        ]
    },
    {
        "class": "Car",
        "extent": [
            1.2511454820632935,
            2.2094459533691406,
            0.8670341968536377
        ],
        "position": [
            10.574491917953006,
            -43.623543680810116,
            -2.598487649202455
        ],
        "yaw": 2.102120067188161,
        "num_points": 4,
        "distance": 44.962046001683014,
        "speed": 4.692957914585261,
        "brake": 0.0,
        "id": 3395,
        "ego_matrix": [
            [
                -0.001354618463665247,
                -0.9999991059303284,
                1.2111976502637845e-05,
                -52.357444763183594
            ],
            [
                0.9999991059303284,
                -0.0013546171830967069,
                0.00010229806503048167,
                -23.022916793823242
            ],
            [
                -0.0001022815631586127,
                1.2250539839442354e-05,
                1.0,
                -0.035165708512067795
            ],
            [
                0.0,
                0.0,
                0.0,
                1.0
            ]
        ]
    },
    {
        "class": "Car",
        "extent": [
            1.3787471055984497,
            2.2072951793670654,
            1.4809197187423706
        ],
        "position": [
            -41.637538214874674,
            -18.703770660677694,
            -2.5532878053338774
        ],
        "yaw": 2.1155997902036514,
        "num_points": 0,
        "distance": 45.716899546439535,
        "speed": 2.585069624923036,
        "brake": 0.0,
        "id": 3397,
        "ego_matrix": [
            [
                -0.01483336091041565,
                -0.9998899698257446,
                0.00012274464825168252,
                -110.00428771972656
            ],
            [
                0.9998614192008972,
                -0.014833864755928516,
                -0.007555615156888962,
                -18.130762100219727
            ],
            [
                0.007556604687124491,
                1.0652466698957141e-05,
                0.9999714493751526,
                0.0024714278988540173
            ],
            [
                0.0,
                0.0,
                0.0,
                1.0
            ]
        ]
    },
    {
        "class": "Car",
        "extent": [
            1.5248334407806396,
            4.513522624969482,
            2.006814479827881
        ],
        "position": [
            28.269084377026942,
            -34.489002091273,
            -2.517090015001662
        ],
        "yaw": -1.0323219988747694,
        "num_points": 3,
        "distance": 44.665066202916606,
        "speed": -1.8519231358395188e-07,
        "brake": 1.0,
        "id": 3408,
        "ego_matrix": [
            [
                0.008505078963935375,
                0.9999638199806213,
                -4.297402938391315e-06,
                -41.70773696899414
            ],
            [
                -0.9999638199806213,
                0.008505078963935375,
                4.255138264852576e-06,
                -39.84919738769531
            ],
            [
                4.291533969080774e-06,
                4.261057256371714e-06,
                1.0,
                0.0357888787984848
            ],
            [
                0.0,
                0.0,
                0.0,
                1.0
            ]
        ]
    },
    {
        "class": "Car",
        "extent": [
            1.3787471055984497,
            2.2072951793670654,
            1.4809197187423706
        ],
        "position": [
            25.21634436147379,
            -32.78132029880277,
            -2.5497166758759113
        ],
        "yaw": -1.0313516761315988,
        "num_points": 5,
        "distance": 41.43645784350261,
        "speed": -0.0005306997809242167,
        "brake": 1.0,
        "id": 3412,
        "ego_matrix": [
            [
                0.00947510451078415,
                0.9999551177024841,
                -7.521182124037296e-05,
                -45.20494842529297
            ],
            [
                -0.999923586845398,
                0.0094754034653306,
                0.007937228307127953,
                -39.7794189453125
            ],
            [
                0.00793758500367403,
                -0.0,
                0.9999684691429138,
                0.0025345992762595415
            ],
            [
                0.0,
                0.0,
                0.0,
                1.0
            ]
        ]
    },
    {
        "class": "Car",
        "extent": [
            1.385296106338501,
            4.181210041046143,
            1.9941171407699585
        ],
        "position": [
            13.708564160074687,
            -45.185065095206056,
            -2.575497692570384
        ],
        "yaw": 2.102630728327184,
        "num_points": 3,
        "distance": 47.28898420724776,
        "speed": 4.618705533436151,
        "brake": 0.0,
        "id": 3417,
        "ego_matrix": [
            [
                -0.0018653103616088629,
                -0.9999982714653015,
                -2.347871713936911e-06,
                -48.86394119262695
            ],
            [
                0.9999982714653015,
                -0.0018653103616088629,
                -2.408469663350843e-05,
                -23.259912490844727
            ],
            [
                2.408027467026841e-05,
                -2.3927930214995285e-06,
                1.0,
                -0.01167320180684328
            ],
            [
                0.0,
                0.0,
                0.0,
                1.0
            ]
        ]
    },
    {
        "class": "Car",
        "extent": [
            1.4750303030014038,
            3.805800199508667,
            1.97027587890625
        ],
        "position": [
            -36.22383062349239,
            -16.364552939380292,
            -2.510826113710494
        ],
        "yaw": -1.0118336348185173,
        "num_points": 5,
        "distance": 39.8279894762281,
        "speed": 4.833173917290244,
        "brake": 0.0,
        "id": 3429,
        "ego_matrix": [
            [
                0.028989501297473907,
                0.9995797276496887,
                -5.424561823019758e-05,
                -106.51571655273438
            ],
            [
                -0.9995797276496887,
                0.028989506885409355,
                0.00010659507097443566,
                -22.885787963867188
            ],
            [
                0.00010812281834660098,
                5.1132679800502956e-05,
                1.0,
                0.04207504168152809
            ],
            [
                0.0,
                0.0,
                0.0,
                1.0
            ]
        ]
    },
    {
        "class": "Car",
        "extent": [
            1.5248334407806396,
            4.513522624969482,
            2.006814479827881
        ],
        "position": [
            19.795060687836614,
            -35.109567967798014,
            -2.5193260442697505
        ],
        "yaw": 2.108328694637463,
        "num_points": 6,
        "distance": 40.384071045870286,
        "speed": 4.792396328154647,
        "brake": 0.0,
        "id": 3431,
        "ego_matrix": [
            [
                -0.007563204970210791,
                -0.9999713897705078,
                4.544040621112799e-06,
                -48.70561599731445
            ],
            [
                0.9999713897705078,
                -0.007563204970210791,
                -3.7398414860945195e-05,
                -35.03008270263672
            ],
            [
                3.7431713280966505e-05,
                4.261058620613767e-06,
                1.0,
                0.03577674925327301
            ],
            [
                0.0,
                0.0,
                0.0,
                1.0
            ]
        ]
    },
    {
        "class": "Car",
        "extent": [
            1.488319993019104,
            4.791779518127441,
            2.163450002670288
        ],
        "position": [
            13.365391733887174,
            7.406791562976687,
            -2.523659907343832
        ],
        "yaw": 3.5931186335024137,
        "num_points": 62,
        "distance": 15.48751486796952,
        "speed": 4.790806729865217,
        "brake": 0.0,
        "id": 3434,
        "ego_matrix": [
            [
                -0.9969249367713928,
                -0.07836277782917023,
                -1.275225804420188e-05,
                -75.7455825805664
            ],
            [
                0.07836277782917023,
                -0.9969247579574585,
                -0.0005471091135405004,
                -68.46390533447266
            ],
            [
                3.0159948437358253e-05,
                -0.00054642598843202,
                0.9999998211860657,
                0.0013272094074636698
            ],
            [
                0.0,
                0.0,
                0.0,
                1.0
            ]
        ]
    },
    {
        "class": "Car",
        "extent": [
            1.1454535722732544,
            2.0333523750305176,
            0.8025798797607422
        ],
        "position": [
            11.447105885166845,
            4.45567340722333,
            -2.5262578467195964
        ],
        "yaw": 3.571148619773696,
        "num_points": 24,
        "distance": 12.540782964638648,
        "speed": 4.657841639174007,
        "brake": 0.0,
        "id": 3436,
        "ego_matrix": [
            [
                -0.9949628114700317,
                -0.1002407819032669,
                0.0008932498167268932,
                -75.9089126586914
            ],
            [
                0.10024458169937134,
                -0.9949044585227966,
                0.010779104195535183,
                -64.94790649414062
            ],
            [
                -0.0001918077323352918,
                0.010814351961016655,
                0.9999415278434753,
                0.0013120844960212708
            ],
            [
                0.0,
                0.0,
                0.0,
                1.0
            ]
        ]
    },
    {
        "class": "Car",
        "extent": [
            1.6171096563339233,
            3.987684965133667,
            1.8508483171463013
        ],
        "position": [
            -42.55692408137182,
            -26.9598564342114,
            -2.5238971417592966
        ],
        "yaw": -1.0297898653103221,
        "num_points": 1,
        "distance": 50.441012113191334,
        "speed": 4.816464158957147,
        "brake": 0.0,
        "id": 3451,
        "ego_matrix": [
            [
                0.01103708054870367,
                0.9999390840530396,
                -1.66767449627514e-06,
                -106.62405395507812
            ],
            [
                -0.9999390244483948,
                0.011037081480026245,
                0.00024723669048398733,
                -10.542492866516113
            ],
            [
                0.00024724003742448986,
                -1.0611984180286527e-06,
                0.9999999403953552,
                0.03816162049770355
            ],
            [
                0.0,
                0.0,
                0.0,
                1.0
            ]
        ]
    }
]