[
    {
        "class": "Car",
        "extent": [
            1.5107464790344238,
            4.901683330535889,
            2.128324270248413
        ],
        "position": [
            -1.3,
            0.0,
            -2.5
        ],
        "yaw": 0,
        "num_points": -1,
        "distance": -1,
        "speed": 3.8779274066980935,
        "brake": 0.0,
        "id": 3360,
        "ego_matrix": [
            [
                0.8937917947769165,
                0.4484821856021881,
                -0.00018040755821857601,
                -82.85585021972656
            ],
            [
                -0.4484821856021881,
                0.8937914967536926,
                -0.0007646273006685078,
                -55.54240417480469
            ],
            [
                -0.00018167495727539062,
                0.0007643271237611771,
                0.9999997019767761,
                0.03350795805454254
            ],
            [
                0.0,
                0.0,
                0.0,
                1.0
            ]
        ]
    },
    {
        "class": "Car",
        "extent": [
            1.4750303030014038,
            3.805800199508667,
            1.97027587890625
        ],
        "position": [
            -32.71711131241678,
            -18.029936810593476,
            -2.5111843006446306
        ],
        "yaw": -1.0390676527578855,
        "num_points": 9,
        "distance": 37.44054006841873,
        "speed": 4.969943212328733,
        "brake": 0.0,
        "id": 3370,
        "ego_matrix": [
            [
                0.06661290675401688,
                0.9977788925170898,
                -0.00011790289136115462,
                -102.85009765625
            ],
            [
                -0.9977788925170898,
                0.06661290675401688,
                -1.0612820915412158e-06,
                -25.337379455566406
            ],
            [
                6.794929504394531e-06,
                0.00011771170829888433,
                1.0,
                0.04181213304400444
            ],
            [
                0.0,
                0.0,
                0.0,
                1.0
            ]
        ]
    },
    {
        "class": "Car",
        "extent": [
            1.2511454820632935,
            2.2094459533691406,
            0.8670341968536377
        ],
        "position": [
            10.483876784586176,
            -44.51402154916879,
            -2.600623449008655
        ],
        "yaw": 2.0369245521224766,
        "num_points": 0,
        "distance": 45.80581872685808,
        "speed": 3.0159331412969497,
        "brake": 0.0,
        "id": 3395,
        "ego_matrix": [
            [
                -0.0010618350934237242,
                -0.999999463558197,
                3.807758184848353e-05,
                -52.35975646972656
            ],
            [
                0.999994158744812,
                -0.0010619533713907003,
                -0.003255203366279602,
                -21.040935516357422
            ],
            [
                0.0032552420161664486,
                3.462086897343397e-05,
                0.999994695186615,
                -0.0352330207824707
            ],
            [
                0.0,
                0.0,
                0.0,
                1.0
            ]
        ]
    },
    {
        "class": "Car",
        "extent": [
            1.3787471055984497,
            2.2072951793670654,
            1.4809197187423706
        ],
        "position": [
            -42.94951562878382,
            -22.425800630146416,
            -2.5559720266947026
        ],
        "yaw": 2.051043700115695,
        "num_points": 0,
        "distance": 48.519175793200226,
        "speed": 2.6495658011950383,
        "brake": 0.0,
        "id": 3397,
        "ego_matrix": [
            [
                -0.015180125832557678,
                -0.9998847842216492,
                9.599915938451886e-05,
                -110.02426147460938
            ],
            [
                0.9998663067817688,
                -0.015180428512394428,
                -0.006077567581087351,
                -16.81930923461914
            ],
            [
                0.006078324746340513,
                3.728084038812085e-06,
                0.9999815225601196,
                0.0022432708647102118
            ],
            [
                0.0,
                0.0,
                0.0,
                1.0
            ]
        ]
    },
    {
        "class": "Car",
        "extent": [
            1.5248334407806396,
            4.513522624969482,
            2.006814479827881
        ],
        "position": [
            28.43972190065212,
            -32.48065229069686,
            -2.5171418121802946
        ],
        "yaw": -1.0972246993786,
        "num_points": 5,
        "distance": 43.24519115367869,
        "speed": 2.8555397498871076e-08,
        "brake": 1.0,
        "id": 3408,
        "ego_matrix": [
            [
                0.008505078963935375,
                0.9999638199806213,
                -4.297402938391315e-06,
                -41.70773696899414
            ],
            [
                -0.9999638199806213,
                0.008505078963935375,
                4.255138264852576e-06,
                -39.84919738769531
            ],
            [
                4.291533969080774e-06,
                4.261057256371714e-06,
                1.0,
                0.03578903153538704
            ],
            [
                0.0,
                0.0,
                0.0,
                1.0
            ]
        ]
    },
    {
        "class": "Car",
        "extent": [
            1.3787471055984497,
            2.2072951793670654,
            1.4809197187423706
        ],
        "position": [
            25.2823998243414,
            -30.975047910310074,
            -2.550167597796654
        ],
        "yaw": -1.0962543766354294,
        "num_points": 3,
        "distance": 40.06440675588139,
        "speed": 0.00022899672600823156,
        "brake": 1.0,
        "id": 3412,
        "ego_matrix": [
            [
                0.009475248865783215,
                0.9999551177024841,
                -5.406365016824566e-05,
                -45.2049560546875
            ],
            [
                -0.9999388456344604,
                0.0094754034653306,
                0.005705426912754774,
                -39.778865814208984
            ],
            [
                0.005705683026462793,
                -0.0,
                0.9999837279319763,
                0.002186088589951396
            ],
            [
                0.0,
                0.0,
                0.0,
                1.0
            ]
        ]
    },
    {
        "class": "Car",
        "extent": [
            1.385296106338501,
            4.181210041046143,
            1.9941171407699585
        ],
        "position": [
            13.602215921276061,
            -46.08661180117333,
            -2.5774213626235585
        ],
        "yaw": 2.0374252264074113,
        "num_points": 2,
        "distance": 48.12108858038826,
        "speed": 3.8547992632613943,
        "brake": 0.1519319713115692,
        "id": 3417,
        "ego_matrix": [
            [
                -0.0015625189989805222,
                -0.9999988079071045,
                -2.6496636564843357e-06,
                -48.86733627319336
            ],
            [
                0.9999986290931702,
                -0.0015625202795490623,
                0.0006360973347909749,
                -21.033905029296875
            ],
            [
                -0.0006361006526276469,
                -1.6557459048271994e-06,
                0.9999998211860657,
                -0.01139549259096384
            ],
            [
                0.0,
                0.0,
                0.0,
                1.0
            ]
        ]
    },
    {
        "class": "Car",
        "extent": [
            1.4750303030014038,
            3.805800199508667,
            1.97027587890625
        ],
        "position": [
            -35.84272860913161,
            -16.416734935531963,
            -2.510519248399316
        ],
        "yaw": -1.0448026370073167,
        "num_points": 3,
        "distance": 39.503330074665364,
        "speed": 4.97030646883658,
        "brake": 0.0,
        "id": 3429,
        "ego_matrix": [
            [
                0.06088953837752342,
                0.9981445074081421,
                -0.00010305004252586514,
                -106.36724090576172
            ],
            [
                -0.9981445074081421,
                0.06088953837752342,
                9.98950326902559e-07,
                -25.37746238708496
            ],
            [
                7.271766662597656e-06,
                0.00010279801063006744,
                1.0,
                0.04181201756000519
            ],
            [
                0.0,
                0.0,
                0.0,
                1.0
            ]
        ]
    },
    {
        "class": "Car",
        "extent": [
            1.5248334407806396,
            4.513522624969482,
            2.006814479827881
        ],
        "position": [
            18.931987585821485,
            -35.78489244475339,
            -2.52140365518478
        ],
        "yaw": 2.0434259941336324,
        "num_points": 7,
        "distance": 40.5627434676779,
        "speed": 4.799540102621412,
        "brake": 0.0,
        "id": 3431,
        "ego_matrix": [
            [
                -0.007563204970210791,
                -0.9999713897705078,
                4.544040621112799e-06,
                -48.723777770996094
            ],
            [
                0.9999713897705078,
                -0.007563204970210791,
                -3.7398414860945195e-05,
                -32.63184356689453
            ],
            [
                3.7431713280966505e-05,
                4.261058620613767e-06,
                1.0,
                0.03578002750873566
            ],
            [
                0.0,
                0.0,
                0.0,
                1.0
            ]
        ]
    },
    {
        "class": "Car",
        "extent": [
            1.488319993019104,
            4.791779518127441,
            2.163450002670288
        ],
        "position": [
            8.575630673427302,
            9.129665405059795,
            -2.5234035913187225
        ],
        "yaw": 3.468208788368591,
        "num_points": 51,
        "distance": 12.77731574079834,
        "speed": 4.8083179745207945,
        "brake": 0.0,
        "id": 3434,
        "ego_matrix": [
            [
                -0.9904310703277588,
                -0.13800838589668274,
                -6.622928776778281e-05,
                -78.12358093261719
            ],
            [
                0.13800840079784393,
                -0.9904308915138245,
                -0.0005875928327441216,
                -68.1314468383789
            ],
            [
                1.5497207641601562e-05,
                -0.0005911103799007833,
                0.9999998211860657,
                0.0013321685837581754
            ],
            [
                0.0,
                0.0,
                0.0,
                1.0
            ]
        ]
    },
    {
        "class": "Car",
        "extent": [
            1.1454535722732544,
            2.0333523750305176,
            0.8025798797607422
        ],
        "position": [
            6.91110775625572,
            6.0089644348901015,
            -2.5261115818224273
        ],
        "yaw": 3.4380828438015056,
        "num_points": 42,
        "distance": 9.500121247761498,
        "speed": 4.660289464250735,
        "brake": 0.0,
        "id": 3436,
        "ego_matrix": [
            [
                -0.9858246445655823,
                -0.16776905953884125,
                0.0018210946582257748,
                -78.21173858642578
            ],
            [
                0.1677788496017456,
                -0.9857543110847473,
                0.011776627972722054,
                -64.5956802368164
            ],
            [
                -0.00018060205911751837,
                0.011915232054889202,
                0.9999290108680725,
                0.0013118174392729998
            ],
            [
                0.0,
                0.0,
                0.0,
                1.0
            ]
        ]
    },
    {
        "class": "Car",
        "extent": [
            1.6171096563339233,
            3.987684965133667,
            1.8508483171463013
        ],
        "position": [
            -41.5829787155177,
            -27.34525488542959,
            -2.5236475676759613
        ],
        "yaw": -1.0947044168810034,
        "num_points": 1,
        "distance": 49.8324781708691,
        "speed": 4.978568239472614,
        "brake": 0.0,
        "id": 3451,
        "ego_matrix": [
            [
                0.011025280691683292,
                0.9999392032623291,
                3.1249808785105415e-07,
                -106.5965805053711
            ],
            [
                -0.9999392032623291,
                0.011025280691683292,
                2.5754214220796712e-05,
                -13.035235404968262
            ],
            [
                2.5749204723979346e-05,
                -5.964265596958285e-07,
                1.0,
                0.03807952627539635
            ],
            [
                0.0,
                0.0,
                0.0,
                1.0
            ]
        ]
    }
]