[
    {
        "class": "Car",
        "extent": [
            1.5107464790344238,
            4.901683330535889,
            2.128324270248413
        ],
        "position": [
            -1.3,
            0.0,
            -2.5
        ],
        "yaw": 0,
        "num_points": -1,
        "distance": -1,
        "speed": 4.123084973423575,
        "brake": 0.0,
        "id": 3360,
        "ego_matrix": [
            [
                0.9216626882553101,
                0.38799142837524414,
                -0.0007414612919092178,
                -81.079833984375
            ],
            [
                -0.3879918158054352,
                0.9216626286506653,
                -0.000505601114127785,
                -56.265316009521484
            ],
            [
                0.00048720830818638206,
                0.0007536745397374034,
                0.9999995827674866,
                0.03317493200302124
            ],
            [
                0.0,
                0.0,
                0.0,
                1.0
            ]
        ]
    },
    {
        "class": "Car",
        "extent": [
            1.4750303030014038,
            3.805800199508667,
            1.97027587890625
        ],
        "position": [
            -32.14582657717191,
            -17.906968103731295,
            -2.48954967889651
        ],
        "yaw": -1.0539883456601906,
        "num_points": 8,
        "distance": 36.8810456820486,
        "speed": 4.927559004074792,
        "brake": 0.0,
        "id": 3370,
        "ego_matrix": [
            [
                0.11808004975318909,
                0.9930040836334229,
                -0.00013938377378508449,
                -102.56153869628906
            ],
            [
                -0.9930040836334229,
                0.11808004975318909,
                -1.4173412637319416e-05,
                -27.7932071685791
            ],
            [
                2.3841855636419496e-06,
                0.00014008225116413087,
                1.0,
                0.042092934250831604
            ],
            [
                0.0,
                0.0,
                0.0,
                1.0
            ]
        ]
    },
    {
        "class": "Car",
        "extent": [
            1.2511454820632935,
            2.2094459533691406,
            0.8670341968536377
        ],
        "position": [
            10.967044058141115,
            -44.879005186453156,
            -2.6082090552159434
        ],
        "yaw": 1.9701495827932924,
        "num_points": 2,
        "distance": 46.273144656210775,
        "speed": 1.8221591785267237,
        "brake": 0.0,
        "id": 3395,
        "ego_matrix": [
            [
                -0.000901499530300498,
                -0.9999995827674866,
                -9.002408205560641e-07,
                -52.36100769042969
            ],
            [
                0.9999943375587463,
                -0.0009014918468892574,
                -0.003244396299123764,
                -19.661468505859375
            ],
            [
                0.003244394203647971,
                -3.825057774520246e-06,
                0.9999947547912598,
                -0.035233307629823685
            ],
            [
                0.0,
                0.0,
                0.0,
                1.0
            ]
        ]
    },
    {
        "class": "Car",
        "extent": [
            1.5248334407806396,
            4.513522624969482,
            2.006814479827881
        ],
        "position": [
            28.61847437849605,
            -30.406161170540013,
            -2.53487879534137
        ],
        "yaw": -1.1638393464101608,
        "num_points": 4,
        "distance": 41.832730288478196,
        "speed": -1.5636934951283596e-09,
        "brake": 1.0,
        "id": 3408,
        "ego_matrix": [
            [
                0.008505078963935375,
                0.9999638199806213,
                -4.297402938391315e-06,
                -41.70773696899414
            ],
            [
                -0.9999638199806213,
                0.008505078963935375,
                4.255138264852576e-06,
                -39.84919738769531
            ],
            [
                4.291533969080774e-06,
                4.261057256371714e-06,
                1.0,
                0.03578903153538704
            ],
            [
                0.0,
                0.0,
                0.0,
                1.0
            ]
        ]
    },
    {
        "class": "Car",
        "extent": [
            1.3787471055984497,
            2.2072951793670654,
            1.4809197187423706
        ],
        "position": [
            25.36792395128819,
            -29.114042192591086,
            -2.565918534046803
        ],
        "yaw": -1.162868890508936,
        "num_points": 5,
        "distance": 38.70068418405132,
        "speed": -4.4236351958895454e-05,
        "brake": 1.0,
        "id": 3412,
        "ego_matrix": [
            [
                0.009475366212427616,
                0.9999551177024841,
                -5.4186155466595665e-05,
                -45.2049560546875
            ],
            [
                -0.9999386072158813,
                0.009475521743297577,
                0.005742143373936415,
                -39.778892517089844
            ],
            [
                0.005742398556321859,
                -2.260785407770527e-07,
                0.9999834895133972,
                0.0021917724516242743
            ],
            [
                0.0,
                0.0,
                0.0,
                1.0
            ]
        ]
    },
    {
        "class": "Car",
        "extent": [
            1.385296106338501,
            4.181210041046143,
            1.9941171407699585
        ],
        "position": [
            14.18456630933213,
            -46.2370464922125,
            -2.5871891403962373
        ],
        "yaw": 1.9703759514859494,
        "num_points": 1,
        "distance": 48.433045922748285,
        "speed": 2.7401874468709915,
        "brake": 0.0,
        "id": 3417,
        "ego_matrix": [
            [
                -0.0011278825113549829,
                -0.9999993443489075,
                -1.5021845456431038e-06,
                -48.86864471435547
            ],
            [
                0.9999993443489075,
                -0.0011278826277703047,
                9.584262443240732e-05,
                -19.65819549560547
            ],
            [
                -9.584426152287051e-05,
                -1.3940843928139657e-06,
                1.0,
                -0.011622276157140732
            ],
            [
                0.0,
                0.0,
                0.0,
                1.0
            ]
        ]
    },
    {
        "class": "Car",
        "extent": [
            1.4750303030014038,
            3.805800199508667,
            1.97027587890625
        ],
        "position": [
            -35.39289361874408,
            -16.493345706307352,
            -2.486902309508896
        ],
        "yaw": -1.0638989001827572,
        "num_points": 2,
        "distance": 39.1263600963921,
        "speed": 4.928301920984339,
        "brake": 0.0,
        "id": 3429,
        "ego_matrix": [
            [
                0.10823328047990799,
                0.9941255450248718,
                -0.00012687382695730776,
                -106.10271453857422
            ],
            [
                -0.9941255450248718,
                0.10823328047990799,
                -1.0815272617037408e-05,
                -27.83625602722168
            ],
            [
                2.980232011395856e-06,
                0.00012729907757602632,
                1.0,
                0.04209289327263832
            ],
            [
                0.0,
                0.0,
                0.0,
                1.0
            ]
        ]
    },
    {
        "class": "Car",
        "extent": [
            1.5248334407806396,
            4.513522624969482,
            2.006814479827881
        ],
        "position": [
            18.53562641493057,
            -36.234423479699956,
            -2.533813917774245
        ],
        "yaw": 1.9768029581446376,
        "num_points": 3,
        "distance": 40.778954185584624,
        "speed": 3.3312348170470787,
        "brake": 0.04058670997619629,
        "id": 3431,
        "ego_matrix": [
            [
                -0.00755473505705595,
                -0.9999714493751526,
                -5.359300757845631e-06,
                -48.73940658569336
            ],
            [
                0.9999706149101257,
                -0.007554735988378525,
                0.0012733892071992159,
                -30.56544303894043
            ],
            [
                -0.0012733932817354798,
                4.260974947101204e-06,
                0.9999991655349731,
                0.0363340750336647
            ],
            [
                0.0,
                0.0,
                0.0,
                1.0
            ]
        ]
    },
    {
        "class": "Car",
        "extent": [
            1.488319993019104,
            4.791779518127441,
            2.163450002670288
        ],
        "position": [
            3.667730845190195,
            10.258403381400877,
            -2.5265300690701324
        ],
        "yaw": 3.3384881424626216,
        "num_points": 52,
        "distance": 11.183489780842653,
        "speed": 4.815806313590075,
        "brake": 0.0,
        "id": 3434,
        "ego_matrix": [
            [
                -0.9797561764717102,
                -0.20019438862800598,
                -0.0001088786666514352,
                -80.48141479492188
            ],
            [
                0.20019441843032837,
                -0.9797559976577759,
                -0.0005864468403160572,
                -67.64752960205078
            ],
            [
                1.0728836059570312e-05,
                -0.0005963718285784125,
                0.9999998211860657,
                0.001333694439381361
            ],
            [
                0.0,
                0.0,
                0.0,
                1.0
            ]
        ]
    },
    {
        "class": "Car",
        "extent": [
            1.1454535722732544,
            2.0333523750305176,
            0.8025798797607422
        ],
        "position": [
            2.281024563034558,
            6.975808943921294,
            -2.5283505881157895
        ],
        "yaw": 3.3019453112489905,
        "num_points": 93,
        "distance": 7.7625730383478375,
        "speed": 4.662992965978393,
        "brake": 0.0,
        "id": 3436,
        "ego_matrix": [
            [
                -0.9717880487442017,
                -0.23584145307540894,
                0.00261908071115613,
                -80.48587036132812
            ],
            [
                0.23585592210292816,
                -0.9717194437980652,
                0.011550404131412506,
                -64.08405303955078
            ],
            [
                -0.0001790523383533582,
                0.011842269450426102,
                0.9999299049377441,
                0.0013115694746375084
            ],
            [
                0.0,
                0.0,
                0.0,
                1.0
            ]
        ]
    },
    {
        "class": "Car",
        "extent": [
            1.6171096563339233,
            3.987684965133667,
            1.8508483171463013
        ],
        "position": [
            -40.603841276344404,
            -27.669264679754452,
            -2.496609515165801
        ],
        "yaw": -1.1613174660159102,
        "num_points": 2,
        "distance": 49.19850804022509,
        "speed": 4.945135901434912,
        "brake": 0.0,
        "id": 3451,
        "ego_matrix": [
            [
                0.011026830412447453,
                0.9999392032623291,
                2.965022076750756e-07,
                -106.56928253173828
            ],
            [
                -0.9999392032623291,
                0.011026830412447453,
                4.533497303782497e-06,
                -15.514018058776855
            ],
            [
                4.529952548182337e-06,
                -3.4647428037715144e-07,
                1.0,
                0.038269881159067154
            ],
            [
                0.0,
                0.0,
                0.0,
                1.0
            ]
        ]
    }
]