[
    {
        "class": "Car",
        "extent": [
            1.5107464790344238,
            4.901683330535889,
            2.128324270248413
        ],
        "position": [
            -1.3,
            0.0,
            -2.5
        ],
        "yaw": 0,
        "num_points": -1,
        "distance": -1,
        "speed": 3.678753360677159,
        "brake": 0.0,
        "id": 3360,
        "ego_matrix": [
            [
                0.946327805519104,
                0.3232085108757019,
                0.00014724291395395994,
                -79.22477722167969
            ],
            [
                -0.3232082724571228,
                0.9463274478912354,
                -0.0008461465477012098,
                -56.875579833984375
            ],
            [
                -0.00041282176971435547,
                0.0007531418232247233,
                0.9999996423721313,
                0.03362274169921875
            ],
            [
                0.0,
                0.0,
                0.0,
                1.0
            ]
        ]
    },
    {
        "class": "Car",
        "extent": [
            1.4750303030014038,
            3.805800199508667,
            1.97027587890625
        ],
        "position": [
            -31.590875700738284,
            -17.82643628927438,
            -2.5174614887611533
        ],
        "yaw": -1.0640408799583718,
        "num_points": 4,
        "distance": 36.36073253748404,
        "speed": 4.916885667206973,
        "brake": 0.0,
        "id": 3370,
        "ego_matrix": [
            [
                0.17670489847660065,
                0.9842638969421387,
                -0.0001393103157170117,
                -102.12821960449219
            ],
            [
                -0.9842638969421387,
                0.17670489847660065,
                -1.6774549294495955e-05,
                -30.215656280517578
            ],
            [
                8.106230779958423e-06,
                0.00014008225116413087,
                1.0,
                0.04209182783961296
            ],
            [
                0.0,
                0.0,
                0.0,
                1.0
            ]
        ]
    },
    {
        "class": "Car",
        "extent": [
            1.2511454820632935,
            2.2094459533691406,
            0.8670341968536377
        ],
        "position": [
            11.716809388918282,
            -45.00110265416561,
            -2.5973535037381157
        ],
        "yaw": 1.9006881830040054,
        "num_points": 0,
        "distance": 46.57391015977051,
        "speed": 1.728164049221171,
        "brake": 0.0,
        "id": 3395,
        "ego_matrix": [
            [
                -0.0007740676519460976,
                -0.9999997019767761,
                -8.769321539148223e-06,
                -52.36188507080078
            ],
            [
                0.9999971985816956,
                -0.0007740459986962378,
                -0.002241974463686347,
                -18.496856689453125
            ],
            [
                0.00224196701310575,
                -1.0504736565053463e-05,
                0.9999974966049194,
                -0.03521213307976723
            ],
            [
                0.0,
                0.0,
                0.0,
                1.0
            ]
        ]
    },
    {
        "class": "Car",
        "extent": [
            1.5248334407806396,
            4.513522624969482,
            2.006814479827881
        ],
        "position": [
            28.700349820944833,
            -28.238361391274598,
            -2.506716407335592
        ],
        "yaw": -1.2331733139412877,
        "num_points": 2,
        "distance": 40.34103073863683,
        "speed": -2.4917916390547216e-09,
        "brake": 1.0,
        "id": 3408,
        "ego_matrix": [
            [
                0.008505078963935375,
                0.9999638199806213,
                -4.297402938391315e-06,
                -41.70773696899414
            ],
            [
                -0.9999638199806213,
                0.008505078963935375,
                4.255138264852576e-06,
                -39.84919738769531
            ],
            [
                4.291533969080774e-06,
                4.261057256371714e-06,
                1.0,
                0.03578903153538704
            ],
            [
                0.0,
                0.0,
                0.0,
                1.0
            ]
        ]
    },
    {
        "class": "Car",
        "extent": [
            1.3787471055984497,
            2.2072951793670654,
            1.4809197187423706
        ],
        "position": [
            25.368128608215322,
            -27.17452571868096,
            -2.5408815886435234
        ],
        "yaw": -1.2322029911981172,
        "num_points": 8,
        "distance": 37.261949443979894,
        "speed": 5.922676156836928e-06,
        "brake": 1.0,
        "id": 3412,
        "ego_matrix": [
            [
                0.009475245140492916,
                0.9999551177024841,
                -5.455628706840798e-05,
                -45.2049560546875
            ],
            [
                -0.9999383687973022,
                0.009475401602685452,
                0.005784936714917421,
                -39.77890396118164
            ],
            [
                0.0057851942256093025,
                -2.60770320892334e-07,
                0.9999832510948181,
                0.0021982574835419655
            ],
            [
                0.0,
                0.0,
                0.0,
                1.0
            ]
        ]
    },
    {
        "class": "Car",
        "extent": [
            1.385296106338501,
            4.181210041046143,
            1.9941171407699585
        ],
        "position": [
            14.94135604035035,
            -46.364283494408284,
            -2.5734177915726897
        ],
        "yaw": 1.9008305289642702,
        "num_points": 2,
        "distance": 48.78025608178331,
        "speed": 2.6099933831026942,
        "brake": 0.0,
        "id": 3417,
        "ego_matrix": [
            [
                -0.0009164054063148797,
                -0.9999995827674866,
                -4.4889344508192153e-07,
                -48.86981201171875
            ],
            [
                0.9999995827674866,
                -0.0009164054645225406,
                0.00019443001656327397,
                -18.249061584472656
            ],
            [
                -0.00019443035125732422,
                -2.7071655495092273e-07,
                1.0,
                -0.01158092450350523
            ],
            [
                0.0,
                0.0,
                0.0,
                1.0
            ]
        ]
    },
    {
        "class": "Car",
        "extent": [
            1.4750303030014038,
            3.805800199508667,
            1.97027587890625
        ],
        "position": [
            -34.95882003533214,
            -16.62412888899983,
            -2.5179463416457093
        ],
        "yaw": -1.0784057045621502,
        "num_points": 3,
        "distance": 38.79201997009469,
        "speed": 4.917390553634994,
        "brake": 0.0,
        "id": 3429,
        "ego_matrix": [
            [
                0.16254836320877075,
                0.9867005944252014,
                -0.00013173118350096047,
                -105.70399475097656
            ],
            [
                -0.9867005944252014,
                0.16254836320877075,
                -1.300254552916158e-05,
                -30.26488494873047
            ],
            [
                8.583067938161548e-06,
                0.00013209276949055493,
                1.0,
                0.04209182783961296
            ],
            [
                0.0,
                0.0,
                0.0,
                1.0
            ]
        ]
    },
    {
        "class": "Car",
        "extent": [
            1.5248334407806396,
            4.513522624969482,
            2.006814479827881
        ],
        "position": [
            18.56140347067558,
            -36.13424347117837,
            -2.516645691047447
        ],
        "yaw": 1.9074671264007477,
        "num_points": 5,
        "distance": 40.7006480976639,
        "speed": 2.6497318594444823,
        "brake": 0.0,
        "id": 3431,
        "ego_matrix": [
            [
                -0.007552952505648136,
                -0.9999714493751526,
                7.61170667828992e-07,
                -48.75048828125
            ],
            [
                0.999971330165863,
                -0.0075529515743255615,
                0.00046338539686985314,
                -29.100107192993164
            ],
            [
                -0.0004633664502762258,
                4.261077265255153e-06,
                0.9999998807907104,
                0.03599204868078232
            ],
            [
                0.0,
                0.0,
                0.0,
                1.0
            ]
        ]
    },
    {
        "class": "Car",
        "extent": [
            1.488319993019104,
            4.791779518127441,
            2.163450002670288
        ],
        "position": [
            -1.4125174637465343,
            10.75256502303381,
            -2.524236612672763
        ],
        "yaw": 3.205852966349183,
        "num_points": 147,
        "distance": 11.13483859949109,
        "speed": 4.819561237084795,
        "brake": 0.0,
        "id": 3434,
        "ego_matrix": [
            [
                -0.9651298522949219,
                -0.26177161931991577,
                -0.00015088365762494504,
                -82.80657958984375
            ],
            [
                0.26177167892456055,
                -0.9651296734809875,
                -0.0005909050814807415,
                -67.01464080810547
            ],
            [
                9.059905096364673e-06,
                -0.0006097971927374601,
                0.9999998211860657,
                0.0013343810569494963
            ],
            [
                0.0,
                0.0,
                0.0,
                1.0
            ]
        ]
    },
    {
        "class": "Car",
        "extent": [
            1.1454535722732544,
            2.0333523750305176,
            0.8025798797607422
        ],
        "position": [
            -2.494104265353748,
            7.319878285929352,
            -2.5272912089785593
        ],
        "yaw": 3.1640362772288677,
        "num_points": 90,
        "distance": 8.13562382747974,
        "speed": 4.665749478973146,
        "brake": 0.0,
        "id": 3436,
        "ego_matrix": [
            [
                -0.953342854976654,
                -0.3018711805343628,
                0.003342465730383992,
                -82.72064208984375
            ],
            [
                0.3018896281719208,
                -0.953277587890625,
                0.01115501206368208,
                -63.4166145324707
            ],
            [
                -0.0001810788962757215,
                0.011643607169389725,
                0.9999322295188904,
                0.001311588566750288
            ],
            [
                0.0,
                0.0,
                0.0,
                1.0
            ]
        ]
    },
    {
        "class": "Car",
        "extent": [
            1.6171096563339233,
            3.987684965133667,
            1.8508483171463013
        ],
        "position": [
            -39.721300294221,
            -27.975396017717976,
            -2.5322804127366023
        ],
        "yaw": -1.230651433547037,
        "num_points": 2,
        "distance": 48.64994268753625,
        "speed": 4.936124615540723,
        "brake": 0.0,
        "id": 3451,
        "ego_matrix": [
            [
                0.011026830412447453,
                0.9999392032623291,
                3.5157708566657675e-07,
                -106.54203796386719
            ],
            [
                -0.9999392032623291,
                0.011026830412447453,
                8.22981837700354e-06,
                -17.983583450317383
            ],
            [
                8.225440979003906e-06,
                -4.4230452544979926e-07,
                1.0,
                0.038272932171821594
            ],
            [
                0.0,
                0.0,
                0.0,
                1.0
            ]
        ]
    }
]