[
    {
        "class": "Car",
        "extent": [
            1.5107464790344238,
            4.901683330535889,
            2.128324270248413
        ],
        "position": [
            -1.3,
            0.0,
            -2.5
        ],
        "yaw": 0,
        "num_points": -1,
        "distance": -1,
        "speed": 4.008320005507479,
        "brake": 0.0,
        "id": 3360,
        "ego_matrix": [
            [
                0.9664357304573059,
                0.2569084167480469,
                -0.00029501126846298575,
                -77.2950439453125
            ],
            [
                -0.2569085657596588,
                0.966435432434082,
                -0.0007543350220657885,
                -57.367156982421875
            ],
            [
                9.131431579589844e-05,
                0.0008048072340898216,
                0.9999997019767761,
                0.03337204083800316
            ],
            [
                0.0,
                0.0,
                0.0,
                1.0
            ]
        ]
    },
    {
        "class": "Car",
        "extent": [
            1.4750303030014038,
            3.805800199508667,
            1.97027587890625
        ],
        "position": [
            -31.098376680208442,
            -17.701828466274346,
            -2.5028060597487105
        ],
        "yaw": -1.0714349136983816,
        "num_points": 4,
        "distance": 35.8709882964806,
        "speed": 4.915057249799703,
        "brake": 0.0,
        "id": 3370,
        "ego_matrix": [
            [
                0.23725514113903046,
                0.9714473485946655,
                -0.00014311513223219663,
                -101.5455093383789
            ],
            [
                -0.9714473485946655,
                0.23725514113903046,
                -2.464489807607606e-05,
                -32.60402297973633
            ],
            [
                1.0013579412770923e-05,
                0.00014487594307865947,
                1.0,
                0.04209152236580849
            ],
            [
                0.0,
                0.0,
                0.0,
                1.0
            ]
        ]
    },
    {
        "class": "Car",
        "extent": [
            1.2511454820632935,
            2.2094459533691406,
            0.8670341968536377
        ],
        "position": [
            12.54556386735264,
            -44.9639357790524,
            -2.6059780370537897
        ],
        "yaw": 1.8312994875124773,
        "num_points": 0,
        "distance": 46.75401389209465,
        "speed": 2.1039128833017826,
        "brake": 0.0,
        "id": 3395,
        "ego_matrix": [
            [
                -0.0006810861523263156,
                -0.9999997615814209,
                -1.0555509106779937e-05,
                -52.362552642822266
            ],
            [
                0.999999463558197,
                -0.0006810937193222344,
                0.0007367063080891967,
                -17.46938133239746
            ],
            [
                -0.0007367133512161672,
                -1.0053743608295918e-05,
                0.9999997019767761,
                -0.03515436127781868
            ],
            [
                0.0,
                0.0,
                0.0,
                1.0
            ]
        ]
    },
    {
        "class": "Car",
        "extent": [
            1.5248334407806396,
            4.513522624969482,
            2.006814479827881
        ],
        "position": [
            28.592331358855606,
            -26.072657493116612,
            -2.5212960770326367
        ],
        "yaw": -1.3024690651107722,
        "num_points": 9,
        "distance": 38.77707847680157,
        "speed": 2.1450362436771107e-09,
        "brake": 1.0,
        "id": 3408,
        "ego_matrix": [
            [
                0.008505078963935375,
                0.9999638199806213,
                -4.297402938391315e-06,
                -41.70773696899414
            ],
            [
                -0.9999638199806213,
                0.008505078963935375,
                4.255138264852576e-06,
                -39.84919738769531
            ],
            [
                4.291533969080774e-06,
                4.261057256371714e-06,
                1.0,
                0.03578903153538704
            ],
            [
                0.0,
                0.0,
                0.0,
                1.0
            ]
        ]
    },
    {
        "class": "Car",
        "extent": [
            1.3787471055984497,
            2.2072951793670654,
            1.4809197187423706
        ],
        "position": [
            25.19443084642063,
            -25.24210318497088,
            -2.553908683819425
        ],
        "yaw": -1.3014987423676017,
        "num_points": 2,
        "distance": 35.75535719918173,
        "speed": -4.895774391472144e-07,
        "brake": 1.0,
        "id": 3412,
        "ego_matrix": [
            [
                0.009475245140492916,
                0.9999551177024841,
                -5.4535896197194234e-05,
                -45.2049560546875
            ],
            [
                -0.999938428401947,
                0.009475401602685452,
                0.005782195366919041,
                -39.778900146484375
            ],
            [
                0.0057824524119496346,
                -2.551823570229317e-07,
                0.9999833106994629,
                0.0021977233700454235
            ],
            [
                0.0,
                0.0,
                0.0,
                1.0
            ]
        ]
    },
    {
        "class": "Car",
        "extent": [
            1.385296106338501,
            4.181210041046143,
            1.9941171407699585
        ],
        "position": [
            15.801002954021634,
            -46.31004574752666,
            -2.583836908874482
        ],
        "yaw": 1.8313381033482834,
        "num_points": 0,
        "distance": 48.99967596487424,
        "speed": 2.431000169499213,
        "brake": 0.0,
        "id": 3417,
        "ego_matrix": [
            [
                -0.0007197101367637515,
                -0.9999997615814209,
                -4.1263729144702666e-07,
                -48.87055969238281
            ],
            [
                0.9999997615814209,
                -0.0007197101367637515,
                7.128687866497785e-05,
                -17.004819869995117
            ],
            [
                -7.128715515136719e-05,
                -3.613313026562537e-07,
                1.0,
                -0.011632613837718964
            ],
            [
                0.0,
                0.0,
                0.0,
                1.0
            ]
        ]
    },
    {
        "class": "Car",
        "extent": [
            1.4750303030014038,
            3.805800199508667,
            1.97027587890625
        ],
        "position": [
            -34.58221879084228,
            -16.713650346404982,
            -2.501692757303869
        ],
        "yaw": -1.0902920915869603,
        "num_points": 3,
        "distance": 38.49070577492072,
        "speed": 4.915680364237082,
        "brake": 0.0,
        "id": 3429,
        "ego_matrix": [
            [
                0.2188953459262848,
                0.9757483601570129,
                -0.00013378416770137846,
                -105.16629028320312
            ],
            [
                -0.9757483601570129,
                0.2188953459262848,
                -1.9261437046225183e-05,
                -32.664005279541016
            ],
            [
                1.0490416570974048e-05,
                0.00013475591549649835,
                1.0,
                0.042091406881809235
            ],
            [
                0.0,
                0.0,
                0.0,
                1.0
            ]
        ]
    },
    {
        "class": "Car",
        "extent": [
            1.5248334407806396,
            4.513522624969482,
            2.006814479827881
        ],
        "position": [
            18.683976208050304,
            -35.89448884145607,
            -2.5282558154714074
        ],
        "yaw": 1.8381709757570994,
        "num_points": 5,
        "distance": 40.545004298937606,
        "speed": 2.5159339914798027,
        "brake": 0.0,
        "id": 3431,
        "ego_matrix": [
            [
                -0.007552476599812508,
                -0.9999715089797974,
                3.677526365208905e-06,
                -48.76021194458008
            ],
            [
                0.9999715089797974,
                -0.00755247613415122,
                7.72776038502343e-05,
                -27.811485290527344
            ],
            [
                -7.724761962890625e-05,
                4.261058620613767e-06,
                1.0,
                0.035829201340675354
            ],
            [
                0.0,
                0.0,
                0.0,
                1.0
            ]
        ]
    },
    {
        "class": "Car",
        "extent": [
            1.0795789957046509,
            1.4872888326644897,
            0.8592574596405029
        ],
        "position": [
            20.20856561834171,
            -43.30996951124394,
            -2.5678270342581855
        ],
        "yaw": -1.3101773185698975,
        "num_points": 0,
        "distance": 47.86160589756229,
        "speed": 2.3077532426390235,
        "brake": 0.0,
        "id": 3433,
        "ego_matrix": [
            [
                0.0007969895377755165,
                0.9999995827674866,
                0.0004724224272649735,
                -45.381683349609375
            ],
            [
                -0.9999997019767761,
                0.0007970362203195691,
                -9.868641791399568e-05,
                -21.03655242919922
            ],
            [
                -9.90629123407416e-05,
                -0.0004723436140920967,
                0.9999998807907104,
                0.0023652457166463137
            ],
            [
                0.0,
                0.0,
                0.0,
                1.0
            ]
        ]
    },
    {
        "class": "Car",
        "extent": [
            1.488319993019104,
            4.791779518127441,
            2.163450002670288
        ],
        "position": [
            -6.553817527612873,
            10.574453929829241,
            -2.523047408281211
        ],
        "yaw": 3.0739929032710123,
        "num_points": 131,
        "distance": 12.693989456579887,
        "speed": 4.822229226837025,
        "brake": 0.0,
        "id": 3434,
        "ego_matrix": [
            [
                -0.9468746185302734,
                -0.32160282135009766,
                -0.00018533304682932794,
                -85.08917999267578
            ],
            [
                0.32160288095474243,
                -0.9468744397163391,
                -0.0005738352192565799,
                -66.2369155883789
            ],
            [
                9.059905096364673e-06,
                -0.0006029536598362029,
                0.9999998211860657,
                0.0013344954932108521
            ],
            [
                0.0,
                0.0,
                0.0,
                1.0
            ]
        ]
    },
    {
        "class": "Car",
        "extent": [
            1.1454535722732544,
            2.0333523750305176,
            0.8025798797607422
        ],
        "position": [
            -7.311836906398929,
            7.012863153095158,
            -2.525867816268777
        ],
        "yaw": 3.027913292193807,
        "num_points": 37,
        "distance": 10.441418331581184,
        "speed": 4.668451629913669,
        "brake": 0.0,
        "id": 3436,
        "ego_matrix": [
            [
                -0.9310554265975952,
                -0.36485663056373596,
                0.003925193566828966,
                -84.90675354003906
            ],
            [
                0.36487770080566406,
                -0.9309960007667542,
                0.010515065863728523,
                -62.60012435913086
            ],
            [
                -0.00018215177988167852,
                0.011222325265407562,
                0.9999369978904724,
                0.001311264350079
            ],
            [
                0.0,
                0.0,
                0.0,
                1.0
            ]
        ]
    },
    {
        "class": "Car",
        "extent": [
            1.6171096563339233,
            3.987684965133667,
            1.8508483171463013
        ],
        "position": [
            -39.02158657552426,
            -28.170732355193227,
            -2.5143289662025303
        ],
        "yaw": -1.2990582215446533,
        "num_points": 1,
        "distance": 48.19332142993831,
        "speed": 4.934711433719541,
        "brake": 0.0,
        "id": 3451,
        "ego_matrix": [
            [
                0.011915834620594978,
                0.9999290108680725,
                -4.8609552322886884e-05,
                -106.51322937011719
            ],
            [
                -0.9999290108680725,
                0.011915835551917553,
                1.1461727808637079e-05,
                -20.45095443725586
            ],
            [
                1.2040137335134204e-05,
                4.8469526518601924e-05,
                1.0,
                0.03827056661248207
            ],
            [
                0.0,
                0.0,
                0.0,
                1.0
            ]
        ]
    }
]