[
    {
        "class": "Car",
        "extent": [
            1.5107464790344238,
            4.901683330535889,
            2.128324270248413
        ],
        "position": [
            -1.3,
            0.0,
            -2.5
        ],
        "yaw": 0,
        "num_points": -1,
        "distance": -1,
        "speed": 3.964301088290177,
        "brake": 0.0,
        "id": 3360,
        "ego_matrix": [
            [
                0.9812127947807312,
                0.1929282248020172,
                -0.000391271838452667,
                -75.4311294555664
            ],
            [
                -0.19292840361595154,
                0.9812127351760864,
                -0.0005706638912670314,
                -57.70940399169922
            ],
            [
                0.0002738237089943141,
                0.0006354301003739238,
                0.9999997615814209,
                0.033281248062849045
            ],
            [
                0.0,
                0.0,
                0.0,
                1.0
            ]
        ]
    },
    {
        "class": "Car",
        "extent": [
            1.4750303030014038,
            3.805800199508667,
            1.97027587890625
        ],
        "position": [
            -30.59742226442598,
            -17.433202873419432,
            -2.494245018317403
        ],
        "yaw": -1.0747294437038915,
        "num_points": 2,
        "distance": 35.30354188838269,
        "speed": 4.91615882955964,
        "brake": 0.0,
        "id": 3370,
        "ego_matrix": [
            [
                0.29735493659973145,
                0.9547669887542725,
                -0.0001425301597919315,
                -100.81478118896484
            ],
            [
                -0.9547669887542725,
                0.29735493659973145,
                -3.315281355753541e-05,
                -34.95142364501953
            ],
            [
                1.0728836059570312e-05,
                0.00014594124513678253,
                1.0,
                0.042091481387615204
            ],
            [
                0.0,
                0.0,
                0.0,
                1.0
            ]
        ]
    },
    {
        "class": "Car",
        "extent": [
            1.2511454820632935,
            2.2094459533691406,
            0.8670341968536377
        ],
        "position": [
            13.393551861036858,
            -44.83789810788163,
            -2.6009191091773376
        ],
        "yaw": 1.7655465062516114,
        "num_points": 0,
        "distance": 46.867783374078435,
        "speed": 2.0141800662818263,
        "brake": 1.0,
        "id": 3395,
        "ego_matrix": [
            [
                -0.0006044331239536405,
                -0.9999998211860657,
                -1.0577447937976103e-05,
                -52.363094329833984
            ],
            [
                0.9999971389770508,
                -0.0006044560577720404,
                0.0023186125326901674,
                -16.54863929748535
            ],
            [
                -0.0023186185862869024,
                -9.175971172226127e-06,
                0.9999973177909851,
                -0.03512304276227951
            ],
            [
                0.0,
                0.0,
                0.0,
                1.0
            ]
        ]
    },
    {
        "class": "Car",
        "extent": [
            1.5248334407806396,
            4.513522624969482,
            2.006814479827881
        ],
        "position": [
            28.34408372956611,
            -24.030858012981852,
            -2.52087940590192
        ],
        "yaw": -1.3681453473322436,
        "num_points": 3,
        "distance": 37.2454568006334,
        "speed": 1.2526044249144008e-09,
        "brake": 1.0,
        "id": 3408,
        "ego_matrix": [
            [
                0.008505078963935375,
                0.9999638199806213,
                -4.297402938391315e-06,
                -41.70773696899414
            ],
            [
                -0.9999638199806213,
                0.008505078963935375,
                4.255138264852576e-06,
                -39.84919738769531
            ],
            [
                4.291533969080774e-06,
                4.261057256371714e-06,
                1.0,
                0.03578903153538704
            ],
            [
                0.0,
                0.0,
                0.0,
                1.0
            ]
        ]
    },
    {
        "class": "Car",
        "extent": [
            1.3787471055984497,
            2.2072951793670654,
            1.4809197187423706
        ],
        "position": [
            24.8989968198843,
            -23.425097203425622,
            -2.5531424184534273
        ],
        "yaw": -1.367175024589073,
        "num_points": 6,
        "distance": 34.281390838696346,
        "speed": -1.843131045605882e-08,
        "brake": 1.0,
        "id": 3412,
        "ego_matrix": [
            [
                0.009475245140492916,
                0.9999551177024841,
                -5.4535896197194234e-05,
                -45.2049560546875
            ],
            [
                -0.999938428401947,
                0.009475401602685452,
                0.005782195366919041,
                -39.77890396118164
            ],
            [
                0.0057824524119496346,
                -2.551823570229317e-07,
                0.9999833106994629,
                0.0021977615542709827
            ],
            [
                0.0,
                0.0,
                0.0,
                1.0
            ]
        ]
    },
    {
        "class": "Car",
        "extent": [
            1.385296106338501,
            4.181210041046143,
            1.9941171407699585
        ],
        "position": [
            16.67528466696972,
            -46.24727190728048,
            -2.57924940004346
        ],
        "yaw": 1.7654999009325352,
        "num_points": 0,
        "distance": 49.229338864726124,
        "speed": 2.401475706536848,
        "brake": 0.0,
        "id": 3417,
        "ego_matrix": [
            [
                -0.0005578239215537906,
                -0.9999998211860657,
                -4.4570205659510975e-07,
                -48.871116638183594
            ],
            [
                0.9999998211860657,
                -0.0005578239215537906,
                7.986773198354058e-06,
                -15.798895835876465
            ],
            [
                -7.987021490407642e-06,
                -4.4124678311163734e-07,
                1.0,
                -0.011659163981676102
            ],
            [
                0.0,
                0.0,
                0.0,
                1.0
            ]
        ]
    },
    {
        "class": "Car",
        "extent": [
            1.4750303030014038,
            3.805800199508667,
            1.97027587890625
        ],
        "position": [
            -34.189934340457974,
            -16.648559539243795,
            -2.4927629814213184
        ],
        "yaw": -1.098381243660994,
        "num_points": 3,
        "distance": 38.109579008670735,
        "speed": 4.91703103056603,
        "brake": 0.0,
        "id": 3429,
        "ego_matrix": [
            [
                0.27469199895858765,
                0.9615322947502136,
                -0.00013005682558286935,
                -104.49118041992188
            ],
            [
                -0.9615322947502136,
                0.27469199895858765,
                -2.5624833142501302e-05,
                -35.028228759765625
            ],
            [
                1.1086463928222656e-05,
                0.00013209276949055493,
                1.0,
                0.04209121689200401
            ],
            [
                0.0,
                0.0,
                0.0,
                1.0
            ]
        ]
    },
    {
        "class": "Car",
        "extent": [
            1.5248334407806396,
            4.513522624969482,
            2.006814479827881
        ],
        "position": [
            18.85192941781144,
            -35.70326114450762,
            -2.5256907818277634
        ],
        "yaw": 1.772492429848702,
        "num_points": 6,
        "distance": 40.453642766164606,
        "speed": 2.4803966848139876,
        "brake": 0.0,
        "id": 3431,
        "ego_matrix": [
            [
                -0.007550211623311043,
                -0.9999715089797974,
                4.276236722944304e-06,
                -48.769622802734375
            ],
            [
                0.9999715089797974,
                -0.007550211623311043,
                -1.994328158616554e-06,
                -26.56477928161621
            ],
            [
                2.026557694989606e-06,
                4.261057256371714e-06,
                1.0,
                0.03579547628760338
            ],
            [
                0.0,
                0.0,
                0.0,
                1.0
            ]
        ]
    },
    {
        "class": "Car",
        "extent": [
            1.0795789957046509,
            1.4872888326644897,
            0.8592574596405029
        ],
        "position": [
            21.336564008685066,
            -40.653058405712905,
            -2.5629474055965034
        ],
        "yaw": -1.3723179881281797,
        "num_points": 0,
        "distance": 45.98357120579994,
        "speed": 2.2963504551002636,
        "brake": 0.0,
        "id": 3433,
        "ego_matrix": [
            [
                0.004332604352384806,
                0.9999905824661255,
                0.0003261540550738573,
                -45.3766975402832
            ],
            [
                -0.9999906420707703,
                0.004332640673965216,
                -0.00011207518400624394,
                -22.18731117248535
            ],
            [
                -0.00011348723637638614,
                -0.00032566540176048875,
                0.9999999403953552,
                0.0023644636385142803
            ],
            [
                0.0,
                0.0,
                0.0,
                1.0
            ]
        ]
    },
    {
        "class": "Car",
        "extent": [
            1.488319993019104,
            4.791779518127441,
            2.163450002670288
        ],
        "position": [
            -11.497986694066812,
            9.760518895212083,
            -2.5229522941453606
        ],
        "yaw": 2.9465733617049255,
        "num_points": 64,
        "distance": 15.291720485258123,
        "speed": 4.825389429013286,
        "brake": 0.0,
        "id": 3434,
        "ego_matrix": [
            [
                -0.9252261519432068,
                -0.37941598892211914,
                -0.00020888398285023868,
                -87.32059478759766
            ],
            [
                0.3794160485267639,
                -0.9252259731292725,
                -0.0005341958021745086,
                -65.31905364990234
            ],
            [
                9.417532965017017e-06,
                -0.0005735058803111315,
                0.9999998211860657,
                0.0013343810569494963
            ],
            [
                0.0,
                0.0,
                0.0,
                1.0
            ]
        ]
    },
    {
        "class": "Car",
        "extent": [
            1.1454535722732544,
            2.0333523750305176,
            0.8025798797607422
        ],
        "position": [
            -11.927972097142927,
            6.096725963840925,
            -2.5251855839772412
        ],
        "yaw": 2.8967589335149935,
        "num_points": 18,
        "distance": 13.63169644842192,
        "speed": 4.671054345801463,
        "brake": 0.0,
        "id": 3436,
        "ego_matrix": [
            [
                -0.9051858186721802,
                -0.4249919354915619,
                0.00452389707788825,
                -87.03565216064453
            ],
            [
                0.42501598596572876,
                -0.9051299095153809,
                0.01006480772048235,
                -61.641136169433594
            ],
            [
                -0.00018274782632943243,
                0.011033250950276852,
                0.9999391436576843,
                0.001311435946263373
            ],
            [
                0.0,
                0.0,
                0.0,
                1.0
            ]
        ]
    },
    {
        "class": "Car",
        "extent": [
            1.50146484375,
            3.633375883102417,
            1.845113754272461
        ],
        "position": [
            24.7157465263013,
            -41.71742864965768,
            -2.586333787291659
        ],
        "yaw": -1.3764107340914133,
        "num_points": 0,
        "distance": 48.55822383439226,
        "speed": 4.577636544826072,
        "brake": 0.0,
        "id": 3445,
        "ego_matrix": [
            [
                0.00023980537662282586,
                1.0,
                -4.901459033135325e-05,
                -41.85564422607422
            ],
            [
                -1.0,
                0.00023980792320799083,
                5.184428664506413e-05,
                -21.794864654541016
            ],
            [
                5.185603731661104e-05,
                4.900215571979061e-05,
                1.0,
                -0.019420279189944267
            ],
            [
                0.0,
                0.0,
                0.0,
                1.0
            ]
        ]
    },
    {
        "class": "Car",
        "extent": [
            1.6171096563339233,
            3.987684965133667,
            1.8508483171463013
        ],
        "position": [
            -38.46071266507327,
            -28.15105864962809,
            -2.502723380824779
        ],
        "yaw": -1.3548079702770177,
        "num_points": 2,
        "distance": 47.72810645857486,
        "speed": 4.935031307761203,
        "brake": 0.0,
        "id": 3451,
        "ego_matrix": [
            [
                0.021840818226337433,
                0.9997614026069641,
                -0.0002942136488854885,
                -106.46256256103516
            ],
            [
                -0.9997614622116089,
                0.021840820088982582,
                5.973322004138026e-06,
                -22.917871475219727
            ],
            [
                1.2397765203786548e-05,
                0.0002940130070783198,
                0.9999999403953552,
                0.038270413875579834
            ],
            [
                0.0,
                0.0,
                0.0,
                1.0
            ]
        ]
    }
]