[
    {
        "class": "Car",
        "extent": [
            1.5107464790344238,
            4.901683330535889,
            2.128324270248413
        ],
        "position": [
            -1.3,
            0.0,
            -2.5
        ],
        "yaw": 0,
        "num_points": -1,
        "distance": -1,
        "speed": 3.679594600080394,
        "brake": 0.0,
        "id": 3360,
        "ego_matrix": [
            [
                0.992067277431488,
                0.1257074475288391,
                0.00040956580778583884,
                -73.45162200927734
            ],
            [
                -0.12570710480213165,
                0.9920670986175537,
                -0.0007809950620867312,
                -57.94003677368164
            ],
            [
                -0.0005044936551712453,
                0.0007233143551275134,
                0.9999996423721313,
                0.033668555319309235
            ],
            [
                0.0,
                0.0,
                0.0,
                1.0
            ]
        ]
    },
    {
        "class": "Car",
        "extent": [
            1.4750303030014038,
            3.805800199508667,
            1.97027587890625
        ],
        "position": [
            -30.179365265126773,
            -17.196107691657787,
            -2.5185848024882223
        ],
        "yaw": -1.0810611508074468,
        "num_points": 3,
        "distance": 34.82590238538489,
        "speed": 4.918394720562004,
        "brake": 0.0,
        "id": 3370,
        "ego_matrix": [
            [
                0.3557296097278595,
                0.9345889091491699,
                -0.00013527610281016678,
                -99.94022369384766
            ],
            [
                -0.9345889091491699,
                0.3557296097278595,
                -3.9882426790427417e-05,
                -37.2499885559082
            ],
            [
                1.0848044439626392e-05,
                0.00014061490946915,
                1.0,
                0.042091406881809235
            ],
            [
                0.0,
                0.0,
                0.0,
                1.0
            ]
        ]
    },
    {
        "class": "Car",
        "extent": [
            1.2511454820632935,
            2.2094459533691406,
            0.8670341968536377
        ],
        "position": [
            14.358729133904799,
            -44.180459711757884,
            -2.592951966271671
        ],
        "yaw": 1.697452498201647,
        "num_points": 1,
        "distance": 46.52751360842851,
        "speed": 0.5606037473397927,
        "brake": 0.0,
        "id": 3395,
        "ego_matrix": [
            [
                -0.000615518307313323,
                -0.9999998211860657,
                2.8136014407209586e-08,
                -52.36333465576172
            ],
            [
                0.9999951124191284,
                -0.0006155155133455992,
                -0.003066177712753415,
                -16.078397750854492
            ],
            [
                0.003066177014261484,
                -1.8591525758893113e-06,
                0.9999952912330627,
                -0.035226743668317795
            ],
            [
                0.0,
                0.0,
                0.0,
                1.0
            ]
        ]
    },
    {
        "class": "Car",
        "extent": [
            1.5248334407806396,
            4.513522624969482,
            2.006814479827881
        ],
        "position": [
            27.917921494592388,
            -21.937770838045413,
            -2.4990071708529387
        ],
        "yaw": -1.4362505406587864,
        "num_points": 7,
        "distance": 35.59383607818626,
        "speed": 5.627758309217987e-10,
        "brake": 1.0,
        "id": 3408,
        "ego_matrix": [
            [
                0.008505078963935375,
                0.9999638199806213,
                -4.297402938391315e-06,
                -41.70773696899414
            ],
            [
                -0.9999638199806213,
                0.008505078963935375,
                4.255138264852576e-06,
                -39.84919738769531
            ],
            [
                4.291533969080774e-06,
                4.261057256371714e-06,
                1.0,
                0.03578903153538704
            ],
            [
                0.0,
                0.0,
                0.0,
                1.0
            ]
        ]
    },
    {
        "class": "Car",
        "extent": [
            1.3787471055984497,
            2.2072951793670654,
            1.4809197187423706
        ],
        "position": [
            24.439625441116057,
            -21.567855851979278,
            -2.5340856689997207
        ],
        "yaw": -1.4352802179156159,
        "num_points": 7,
        "distance": 32.69387233001979,
        "speed": 1.2812553664634413e-08,
        "brake": 1.0,
        "id": 3412,
        "ego_matrix": [
            [
                0.009475245140492916,
                0.9999551177024841,
                -5.4535896197194234e-05,
                -45.2049560546875
            ],
            [
                -0.999938428401947,
                0.009475401602685452,
                0.005782195366919041,
                -39.77890396118164
            ],
            [
                0.0057824524119496346,
                -2.551823570229317e-07,
                0.9999833106994629,
                0.0021977615542709827
            ],
            [
                0.0,
                0.0,
                0.0,
                1.0
            ]
        ]
    },
    {
        "class": "Car",
        "extent": [
            1.385296106338501,
            4.181210041046143,
            1.9941171407699585
        ],
        "position": [
            17.636925989264338,
            -46.087115039792494,
            -2.5691155711156357
        ],
        "yaw": 1.6972141452840848,
        "num_points": 2,
        "distance": 49.41339581388436,
        "speed": 2.3977328727367038,
        "brake": 0.0,
        "id": 3417,
        "ego_matrix": [
            [
                -0.0003772219060920179,
                -0.9999999403953552,
                -7.255522405102965e-07,
                -48.87145233154297
            ],
            [
                0.9999999403953552,
                -0.0003772219060920179,
                -6.318366558843991e-06,
                -14.598978996276855
            ],
            [
                6.318092346191406e-06,
                -7.279356282197114e-07,
                1.0,
                -0.011665076948702335
            ],
            [
                0.0,
                0.0,
                0.0,
                1.0
            ]
        ]
    },
    {
        "class": "Car",
        "extent": [
            1.4750303030014038,
            3.805800199508667,
            1.97027587890625
        ],
        "position": [
            -33.87841258603269,
            -16.625878454076187,
            -2.520038762200928
        ],
        "yaw": -1.1092654914899855,
        "num_points": 0,
        "distance": 37.82217959190305,
        "speed": 4.918708693999906,
        "brake": 0.0,
        "id": 3429,
        "ego_matrix": [
            [
                0.32923218607902527,
                0.9442489743232727,
                -0.0001285354810534045,
                -103.68161010742188
            ],
            [
                -0.9442489743232727,
                0.32923218607902527,
                -3.257055868743919e-05,
                -37.3506965637207
            ],
            [
                1.156330017693108e-05,
                0.00013209276949055493,
                1.0,
                0.042091138660907745
            ],
            [
                0.0,
                0.0,
                0.0,
                1.0
            ]
        ]
    },
    {
        "class": "Car",
        "extent": [
            1.5248334407806396,
            4.513522624969482,
            2.006814479827881
        ],
        "position": [
            19.077274376048344,
            -35.455317187220324,
            -2.5132451940697456
        ],
        "yaw": 1.7043755186133625,
        "num_points": 5,
        "distance": 40.340281554185346,
        "speed": 2.471730831170408,
        "brake": 0.0,
        "id": 3431,
        "ego_matrix": [
            [
                -0.0075385295785963535,
                -0.9999715685844421,
                4.40472331320052e-06,
                -48.77900314331055
            ],
            [
                0.9999715685844421,
                -0.0075385295785963535,
                -1.9040820916416124e-05,
                -25.32754135131836
            ],
            [
                1.9073484509135596e-05,
                4.261058165866416e-06,
                1.0,
                0.03578849881887436
            ],
            [
                0.0,
                0.0,
                0.0,
                1.0
            ]
        ]
    },
    {
        "class": "Car",
        "extent": [
            1.0795789957046509,
            1.4872888326644897,
            0.8592574596405029
        ],
        "position": [
            22.21000876136205,
            -37.86300610274453,
            -2.5468311727880746
        ],
        "yaw": -1.4377983698843404,
        "num_points": 0,
        "distance": 43.97019523880845,
        "speed": 2.286427147438898,
        "brake": 0.0,
        "id": 3433,
        "ego_matrix": [
            [
                0.006957312114536762,
                0.9999758005142212,
                0.00022578341304324567,
                -45.36846923828125
            ],
            [
                -0.9999758005142212,
                0.006957340519875288,
                -0.00012574771244544536,
                -23.332733154296875
            ],
            [
                -0.00012731552124023438,
                -0.0002249030803795904,
                1.0,
                0.002363605424761772
            ],
            [
                0.0,
                0.0,
                0.0,
                1.0
            ]
        ]
    },
    {
        "class": "Car",
        "extent": [
            1.488319993019104,
            4.791779518127441,
            2.163450002670288
        ],
        "position": [
            -16.41853454963768,
            8.291893153247974,
            -2.533963824513461
        ],
        "yaw": 2.8171515474403983,
        "num_points": 37,
        "distance": 18.56730302134561,
        "speed": 4.8277504306985515,
        "brake": 0.0,
        "id": 3434,
        "ego_matrix": [
            [
                -0.9002374410629272,
                -0.43539923429489136,
                -0.00023936938669066876,
                -89.49259185791016
            ],
            [
                0.4353993237018585,
                -0.9002372622489929,
                -0.0005165529437363148,
                -64.26561737060547
            ],
            [
                9.417532965017017e-06,
                -0.0005692415870726109,
                0.9999998211860657,
                0.0013343048049136996
            ],
            [
                0.0,
                0.0,
                0.0,
                1.0
            ]
        ]
    },
    {
        "class": "Car",
        "extent": [
            1.1454535722732544,
            2.0333523750305176,
            0.8025798797607422
        ],
        "position": [
            -16.49584609564141,
            4.55212472846412,
            -2.5367307447169676
        ],
        "yaw": 2.764089660617224,
        "num_points": 12,
        "distance": 17.29941562093283,
        "speed": 4.673645111066097,
        "brake": 0.0,
        "id": 3436,
        "ego_matrix": [
            [
                -0.8758782148361206,
                -0.48250582814216614,
                0.005052049644291401,
                -89.09917449951172
            ],
            [
                0.482532262802124,
                -0.8758261799812317,
                0.00954903569072485,
                -60.54579544067383
            ],
            [
                -0.00018274782632943243,
                0.010801568627357483,
                0.9999416470527649,
                0.0013114168541505933
            ],
            [
                0.0,
                0.0,
                0.0,
                1.0
            ]
        ]
    },
    {
        "class": "Car",
        "extent": [
            1.50146484375,
            3.633375883102417,
            1.845113754272461
        ],
        "position": [
            25.793791388000862,
            -37.55956454150803,
            -2.566587510191748
        ],
        "yaw": -1.4428635691196166,
        "num_points": 1,
        "distance": 45.63581854380271,
        "speed": 4.580280098964727,
        "brake": 0.0,
        "id": 3445,
        "ego_matrix": [
            [
                0.0018921642331406474,
                0.9999982118606567,
                -5.176334525458515e-05,
                -41.85126876831055
            ],
            [
                -0.9999982118606567,
                0.0018921669106930494,
                5.175818660063669e-05,
                -24.084259033203125
            ],
            [
                5.185603731661104e-05,
                5.1665316277649254e-05,
                1.0,
                -0.01942020282149315
            ],
            [
                0.0,
                0.0,
                0.0,
                1.0
            ]
        ]
    },
    {
        "class": "Car",
        "extent": [
            1.6171096563339233,
            3.987684965133667,
            1.8508483171463013
        ],
        "position": [
            -38.017270612606055,
            -28.165715907100346,
            -2.5342931496062304
        ],
        "yaw": -1.392312377414114,
        "num_points": 2,
        "distance": 47.38188534830317,
        "speed": 4.934440369646593,
        "brake": 0.0,
        "id": 3451,
        "ego_matrix": [
            [
                0.052419304847717285,
                0.9986249804496765,
                -0.0005914656212553382,
                -106.33699798583984
            ],
            [
                -0.9986251592636108,
                0.05241930112242699,
                -2.101953577948734e-05,
                -25.382108688354492
            ],
            [
                1.0013579412770923e-05,
                0.0005917542730458081,
                0.9999998211860657,
                0.038271714001894
            ],
            [
                0.0,
                0.0,
                0.0,
                1.0
            ]
        ]
    }
]