[
    {
        "class": "Car",
        "extent": [
            1.5107464790344238,
            4.901683330535889,
            2.128324270248413
        ],
        "position": [
            -1.3,
            0.0,
            -2.5
        ],
        "yaw": 0,
        "num_points": -1,
        "distance": -1,
        "speed": 1.7107043202092547,
        "brake": 1.0,
        "id": 3360,
        "ego_matrix": [
            [
                0.9953315258026123,
                0.09648928791284561,
                0.0022341536823660135,
                -71.9747314453125
            ],
            [
                -0.09648917615413666,
                0.9953340291976929,
                -0.00015936666750349104,
                -58.0637321472168
            ],
            [
                -0.002239106222987175,
                -5.694896390195936e-05,
                0.9999974966049194,
                0.034531477838754654
            ],
            [
                0.0,
                0.0,
                0.0,
                1.0
            ]
        ]
    },
    {
        "class": "Car",
        "extent": [
            1.4750303030014038,
            3.805800199508667,
            1.97027587890625
        ],
        "position": [
            -29.917573043842154,
            -15.885013820877282,
            -2.5556135910661157
        ],
        "yaw": -1.0491733087974353,
        "num_points": 5,
        "distance": 33.96948633332472,
        "speed": 4.920272704272082,
        "brake": 0.0,
        "id": 3370,
        "ego_matrix": [
            [
                0.4123055040836334,
                0.9110456705093384,
                -0.0001320940355071798,
                -98.92609405517578
            ],
            [
                -0.9110456705093384,
                0.4123055040836334,
                -4.787361831404269e-05,
                -39.49154281616211
            ],
            [
                1.0848044439626392e-05,
                0.00014008225116413087,
                1.0,
                0.04209117963910103
            ],
            [
                0.0,
                0.0,
                0.0,
                1.0
            ]
        ]
    },
    {
        "class": "Car",
        "extent": [
            1.2511454820632935,
            2.2094459533691406,
            0.8670341968536377
        ],
        "position": [
            14.111797493299713,
            -44.26682933669345,
            -2.5326039807224094
        ],
        "yaw": 1.6681020162097222,
        "num_points": 1,
        "distance": 46.53073275738321,
        "speed": 2.0577971659739647,
        "brake": 0.0,
        "id": 3395,
        "ego_matrix": [
            [
                -0.0006659429636783898,
                -0.9999997615814209,
                3.0253524528234266e-05,
                -52.36368179321289
            ],
            [
                0.9999940991401672,
                -0.0006658376078121364,
                0.003359332215040922,
                -15.490517616271973
            ],
            [
                -0.0033593112602829933,
                3.2490468584001064e-05,
                0.9999943375587463,
                -0.03510202467441559
            ],
            [
                0.0,
                0.0,
                0.0,
                1.0
            ]
        ]
    },
    {
        "class": "Car",
        "extent": [
            1.5248334407806396,
            4.513522624969482,
            2.006814479827881
        ],
        "position": [
            27.06818552479977,
            -21.04998694482156,
            -2.4340241219928545
        ],
        "yaw": -1.4656513563953135,
        "num_points": 2,
        "distance": 34.37605404069206,
        "speed": 1.2986031158614463e-09,
        "brake": 1.0,
        "id": 3408,
        "ego_matrix": [
            [
                0.008505078963935375,
                0.9999638199806213,
                -4.297402938391315e-06,
                -41.70773696899414
            ],
            [
                -0.9999638199806213,
                0.008505078963935375,
                4.255138264852576e-06,
                -39.84919738769531
            ],
            [
                4.291533969080774e-06,
                4.261057256371714e-06,
                1.0,
                0.03578903153538704
            ],
            [
                0.0,
                0.0,
                0.0,
                1.0
            ]
        ]
    },
    {
        "class": "Car",
        "extent": [
            1.3787471055984497,
            2.2072951793670654,
            1.4809197187423706
        ],
        "position": [
            23.58058577577888,
            -20.78251011799378,
            -2.4754398352092237
        ],
        "yaw": -1.464681033652143,
        "num_points": 7,
        "distance": 31.529106468644486,
        "speed": 8.813628774276461e-09,
        "brake": 1.0,
        "id": 3412,
        "ego_matrix": [
            [
                0.009475245140492916,
                0.9999551177024841,
                -5.4535896197194234e-05,
                -45.2049560546875
            ],
            [
                -0.999938428401947,
                0.009475401602685452,
                0.005782195366919041,
                -39.77890396118164
            ],
            [
                0.0057824524119496346,
                -2.551823570229317e-07,
                0.9999833106994629,
                0.0021977615542709827
            ],
            [
                0.0,
                0.0,
                0.0,
                1.0
            ]
        ]
    },
    {
        "class": "Car",
        "extent": [
            1.385296106338501,
            4.181210041046143,
            1.9941171407699585
        ],
        "position": [
            17.466440366479496,
            -45.853824421693076,
            -2.5012263144981963
        ],
        "yaw": 1.6677454189397607,
        "num_points": 1,
        "distance": 49.13151622174487,
        "speed": -0.000174303222852216,
        "brake": 1.0,
        "id": 3417,
        "ego_matrix": [
            [
                -0.0003092725237365812,
                -0.9999999403953552,
                8.182262831724074e-07,
                -48.87150192260742
            ],
            [
                0.9999996423721313,
                -0.00030927176703698933,
                0.0007989408331923187,
                -14.234619140625
            ],
            [
                -0.0007989405421540141,
                1.0653164963514428e-06,
                0.9999997019767761,
                -0.011326217092573643
            ],
            [
                0.0,
                0.0,
                0.0,
                1.0
            ]
        ]
    },
    {
        "class": "Car",
        "extent": [
            1.8548461198806763,
            4.6045098304748535,
            1.9315931797027588
        ],
        "position": [
            48.276515351574396,
            1.7765393480022007,
            -2.4128696890689456
        ],
        "yaw": -3.0249357699041792,
        "num_points": 1,
        "distance": 48.36941147752602,
        "speed": 2.1292164802008384e-08,
        "brake": 1.0,
        "id": 3424,
        "ego_matrix": [
            [
                -0.9997996091842651,
                0.020015722140669823,
                0.00036383038968779147,
                -22.800886154174805
            ],
            [
                -0.020015720278024673,
                -0.9997996687889099,
                9.414742635271978e-06,
                -64.61559295654297
            ],
            [
                0.0003639459318947047,
                2.130528628185857e-06,
                0.9999999403953552,
                0.010755653493106365
            ],
            [
                0.0,
                0.0,
                0.0,
                1.0
            ]
        ]
    },
    {
        "class": "Car",
        "extent": [
            1.4750303030014038,
            3.805800199508667,
            1.97027587890625
        ],
        "position": [
            -33.702441023526035,
            -15.384478780786534,
            -2.5641167646699
        ],
        "yaw": -1.0820750661687106,
        "num_points": 5,
        "distance": 37.13638933827013,
        "speed": 4.920911287686426,
        "brake": 0.0,
        "id": 3429,
        "ego_matrix": [
            [
                0.3821127414703369,
                0.9241157174110413,
                -0.00012322422116994858,
                -102.74160766601562
            ],
            [
                -0.9241157174110413,
                0.3821127414703369,
                -3.7923178751952946e-05,
                -39.624542236328125
            ],
            [
                1.2040137335134204e-05,
                0.00012836436508223414,
                1.0,
                0.042091254144907
            ],
            [
                0.0,
                0.0,
                0.0,
                1.0
            ]
        ]
    },
    {
        "class": "Car",
        "extent": [
            1.5248334407806396,
            4.513522624969482,
            2.006814479827881
        ],
        "position": [
            18.500198069536648,
            -36.05047166682786,
            -2.452356868875004
        ],
        "yaw": 1.6749749691929443,
        "num_points": 3,
        "distance": 40.594431763791995,
        "speed": 2.47097431435257,
        "brake": 0.0,
        "id": 3431,
        "ego_matrix": [
            [
                -0.007538767997175455,
                -0.9999715685844421,
                4.438878477230901e-06,
                -48.78837966918945
            ],
            [
                0.9999715685844421,
                -0.007538767997175455,
                -2.3570642952108756e-05,
                -24.091983795166016
            ],
            [
                2.3603437512065284e-05,
                4.261058620613767e-06,
                1.0,
                0.0357867032289505
            ],
            [
                0.0,
                0.0,
                0.0,
                1.0
            ]
        ]
    },
    {
        "class": "Car",
        "extent": [
            1.0795789957046509,
            1.4872888326644897,
            0.8592574596405029
        ],
        "position": [
            21.951204549271367,
            -36.00175720653179,
            -2.4780560928701223
        ],
        "yaw": -1.4658175376473346,
        "num_points": 3,
        "distance": 42.238876229386435,
        "speed": 2.27758239908732,
        "brake": 0.0,
        "id": 3433,
        "ego_matrix": [
            [
                0.008338906802237034,
                0.999965250492096,
                0.00010246056626783684,
                -45.35824203491211
            ],
            [
                -0.999965250492096,
                0.008338920772075653,
                -0.0001365986536256969,
                -24.473451614379883
            ],
            [
                -0.00013744831085205078,
                -0.00010131792078027502,
                1.0,
                0.0023631476797163486
            ],
            [
                0.0,
                0.0,
                0.0,
                1.0
            ]
        ]
    },
    {
        "class": "Car",
        "extent": [
            1.488319993019104,
            4.791779518127441,
            2.163450002670288
        ],
        "position": [
            -20.347015300086547,
            6.887880188945503,
            -2.5762379145513967
        ],
        "yaw": 2.7268780597196027,
        "num_points": 23,
        "distance": 21.635177995838077,
        "speed": 4.830032580348579,
        "brake": 0.0,
        "id": 3434,
        "ego_matrix": [
            [
                -0.872082531452179,
                -0.48935872316360474,
                -0.0002691611589398235,
                -91.59760284423828
            ],
            [
                0.4893588125705719,
                -0.8720823526382446,
                -0.0004989146254956722,
                -63.08163070678711
            ],
            [
                9.417532965017017e-06,
                -0.000566811126191169,
                0.9999998211860657,
                0.0013343048049136996
            ],
            [
                0.0,
                0.0,
                0.0,
                1.0
            ]
        ]
    },
    {
        "class": "Car",
        "extent": [
            1.1454535722732544,
            2.0333523750305176,
            0.8025798797607422
        ],
        "position": [
            -20.204076892777366,
            3.0944173317975543,
            -2.5757247511554198
        ],
        "yaw": 2.6706275701232762,
        "num_points": 9,
        "distance": 20.601322765936757,
        "speed": 4.676211248847453,
        "brake": 0.0,
        "id": 3436,
        "ego_matrix": [
            [
                -0.8431910276412964,
                -0.5375847816467285,
                0.005619448143988848,
                -91.08930206298828
            ],
            [
                0.537614107131958,
                -0.8431413173675537,
                0.009155411273241043,
                -59.31966018676758
            ],
            [
                -0.00018382070993538946,
                0.010740854777395725,
                0.9999423027038574,
                0.0013113787863403559
            ],
            [
                0.0,
                0.0,
                0.0,
                1.0
            ]
        ]
    },
    {
        "class": "Car",
        "extent": [
            1.50146484375,
            3.633375883102417,
            1.845113754272461
        ],
        "position": [
            25.631955477987663,
            -34.46568815417362,
            -2.4912656702993092
        ],
        "yaw": -1.4704983095792579,
        "num_points": 8,
        "distance": 43.024262994341896,
        "speed": 4.186115212332397,
        "brake": 1.0,
        "id": 3445,
        "ego_matrix": [
            [
                0.003658240893855691,
                0.9999933242797852,
                -4.523138341028243e-05,
                -41.842918395996094
            ],
            [
                -0.9999927878379822,
                0.0036581922322511673,
                -0.001030855579301715,
                -26.35750389099121
            ],
            [
                -0.0010306831682100892,
                4.900217390968464e-05,
                0.999999463558197,
                -0.01900051161646843
            ],
            [
                0.0,
                0.0,
                0.0,
                1.0
            ]
        ]
    },
    {
        "class": "Car",
        "extent": [
            1.6171096563339233,
            3.987684965133667,
            1.8508483171463013
        ],
        "position": [
            -38.17240738218374,
            -26.793791155433738,
            -2.5772940227282484
        ],
        "yaw": -1.3732732223992992,
        "num_points": 4,
        "distance": 46.708482894566224,
        "speed": 4.934207102417313,
        "brake": 0.0,
        "id": 3451,
        "ego_matrix": [
            [
                0.10071228444576263,
                0.9949153661727905,
                -0.0007161537650972605,
                -106.08985900878906
            ],
            [
                -0.9949156045913696,
                0.10071226954460144,
                -6.494551053037867e-05,
                -27.837160110473633
            ],
            [
                7.510184332204517e-06,
                0.0007190533797256649,
                0.9999997615814209,
                0.03827301040291786
            ],
            [
                0.0,
                0.0,
                0.0,
                1.0
            ]
        ]
    }
]