[
    {
        "class": "Car",
        "extent": [
            1.5107464790344238,
            4.901683330535889,
            2.128324270248413
        ],
        "position": [
            -1.3,
            0.0,
            -2.5
        ],
        "yaw": 0,
        "num_points": -1,
        "distance": -1,
        "speed": -0.00037104887352890385,
        "brake": 1.0,
        "id": 3360,
        "ego_matrix": [
            [
                0.9956871867179871,
                0.0927707850933075,
                0.0007574258488602936,
                -71.83263397216797
            ],
            [
                -0.09277080744504929,
                0.9956874847412109,
                4.4739863369613886e-07,
                -58.07375717163086
            ],
            [
                -0.0007541179074905813,
                -7.071247819112614e-05,
                0.9999997019767761,
                0.03379272297024727
            ],
            [
                0.0,
                0.0,
                0.0,
                1.0
            ]
        ]
    },
    {
        "class": "Car",
        "extent": [
            1.4750303030014038,
            3.805800199508667,
            1.97027587890625
        ],
        "position": [
            -28.654188327525894,
            -13.928145167137767,
            -2.511344784688023
        ],
        "yaw": -0.9919076804502195,
        "num_points": 9,
        "distance": 31.958763886198163,
        "speed": 4.922171940588377,
        "brake": 0.0,
        "id": 3370,
        "ego_matrix": [
            [
                0.46707889437675476,
                0.8842156529426575,
                -0.00013075798051431775,
                -97.7767333984375
            ],
            [
                -0.8842156529426575,
                0.46707889437675476,
                -5.693798448191956e-05,
                -41.668006896972656
            ],
            [
                1.0728836059570312e-05,
                0.00014221278252080083,
                1.0,
                0.042091332376003265
            ],
            [
                0.0,
                0.0,
                0.0,
                1.0
            ]
        ]
    },
    {
        "class": "Car",
        "extent": [
            1.2511454820632935,
            2.2094459533691406,
            0.8670341968536377
        ],
        "position": [
            14.098888917966852,
            -44.58593630014881,
            -2.554231426371955
        ],
        "yaw": 1.6643793248023333,
        "num_points": 1,
        "distance": 46.831703819758275,
        "speed": 0.484342448735086,
        "brake": 0.0,
        "id": 3395,
        "ego_matrix": [
            [
                -0.0006785817095078528,
                -0.9999997615814209,
                6.069548362575006e-06,
                -52.36392593383789
            ],
            [
                0.9999979734420776,
                -0.0006785919540561736,
                -0.0018801639089360833,
                -15.108665466308594
            ],
            [
                0.0018801676342263818,
                4.7936914597812574e-06,
                0.9999982118606567,
                -0.035204049199819565
            ],
            [
                0.0,
                0.0,
                0.0,
                1.0
            ]
        ]
    },
    {
        "class": "Car",
        "extent": [
            1.5248334407806396,
            4.513522624969482,
            2.006814479827881
        ],
        "position": [
            27.004265315320957,
            -20.940676296458147,
            -2.4751781627022016
        ],
        "yaw": -1.4693866978178804,
        "num_points": 5,
        "distance": 34.261768429408434,
        "speed": 1.1490443019285467e-09,
        "brake": 1.0,
        "id": 3408,
        "ego_matrix": [
            [
                0.008505078963935375,
                0.9999638199806213,
                -4.297402938391315e-06,
                -41.70773696899414
            ],
            [
                -0.9999638199806213,
                0.008505078963935375,
                4.255138264852576e-06,
                -39.84919738769531
            ],
            [
                4.291533969080774e-06,
                4.261057256371714e-06,
                1.0,
                0.03578903153538704
            ],
            [
                0.0,
                0.0,
                0.0,
                1.0
            ]
        ]
    },
    {
        "class": "Car",
        "extent": [
            1.3787471055984497,
            2.2072951793670654,
            1.4809197187423706
        ],
        "position": [
            23.51563323639296,
            -20.686229196596262,
            -2.511418275357788
        ],
        "yaw": -1.46841637507471,
        "num_points": 6,
        "distance": 31.41993486047452,
        "speed": 9.06121981393837e-09,
        "brake": 1.0,
        "id": 3412,
        "ego_matrix": [
            [
                0.009475245140492916,
                0.9999551177024841,
                -5.4535896197194234e-05,
                -45.2049560546875
            ],
            [
                -0.999938428401947,
                0.009475401602685452,
                0.005782195366919041,
                -39.77890396118164
            ],
            [
                0.0057824524119496346,
                -2.551823570229317e-07,
                0.9999833106994629,
                0.0021977615542709827
            ],
            [
                0.0,
                0.0,
                0.0,
                1.0
            ]
        ]
    },
    {
        "class": "Car",
        "extent": [
            1.385296106338501,
            4.181210041046143,
            1.9941171407699585
        ],
        "position": [
            17.49512152942095,
            -45.78048001319842,
            -2.5280304907335087
        ],
        "yaw": 1.6640099443591392,
        "num_points": 0,
        "distance": 49.07466317490265,
        "speed": -8.273577287195982e-06,
        "brake": 1.0,
        "id": 3417,
        "ego_matrix": [
            [
                -0.0003091534017585218,
                -0.9999999403953552,
                1.0552394087426364e-06,
                -48.87150192260742
            ],
            [
                0.9999999403953552,
                -0.00030915337265469134,
                3.242525053792633e-05,
                -14.234344482421875
            ],
            [
                -3.242492311983369e-05,
                1.06526374565874e-06,
                1.0,
                -0.011648749932646751
            ],
            [
                0.0,
                0.0,
                0.0,
                1.0
            ]
        ]
    },
    {
        "class": "Car",
        "extent": [
            1.8548461198806763,
            4.6045098304748535,
            1.9315931797027588
        ],
        "position": [
            48.12719180536926,
            1.9649086496886181,
            -2.485902076207804
        ],
        "yaw": -3.0286711113267457,
        "num_points": 0,
        "distance": 48.231391916519655,
        "speed": -6.058796906857259e-09,
        "brake": 1.0,
        "id": 3424,
        "ego_matrix": [
            [
                -0.9997996091842651,
                0.020015722140669823,
                0.00036383038968779147,
                -22.800886154174805
            ],
            [
                -0.020015720278024673,
                -0.9997996687889099,
                9.414742635271978e-06,
                -64.61559295654297
            ],
            [
                0.0003639459318947047,
                2.130528628185857e-06,
                0.9999999403953552,
                0.010755653493106365
            ],
            [
                0.0,
                0.0,
                0.0,
                1.0
            ]
        ]
    },
    {
        "class": "Car",
        "extent": [
            1.4750303030014038,
            3.805800199508667,
            1.97027587890625
        ],
        "position": [
            -32.51943874898444,
            -13.392309931059032,
            -2.5142976087252693
        ],
        "yaw": -1.029593340666631,
        "num_points": 1,
        "distance": 35.25889326544063,
        "speed": 4.922778945969301,
        "brake": 0.0,
        "id": 3429,
        "ego_matrix": [
            [
                0.43343281745910645,
                0.9011858701705933,
                -0.00012148207315476611,
                -101.6750259399414
            ],
            [
                -0.9011858701705933,
                0.43343281745910645,
                -4.4802924094256014e-05,
                -41.84294891357422
            ],
            [
                1.2278555914235767e-05,
                0.00012889699428342283,
                1.0,
                0.042091254144907
            ],
            [
                0.0,
                0.0,
                0.0,
                1.0
            ]
        ]
    },
    {
        "class": "Car",
        "extent": [
            1.5248334407806396,
            4.513522624969482,
            2.006814479827881
        ],
        "position": [
            18.36839737262419,
            -37.202391077578966,
            -2.4805434293990416
        ],
        "yaw": 1.6712396277703776,
        "num_points": 1,
        "distance": 41.56403517023929,
        "speed": 2.471361229805287,
        "brake": 0.0,
        "id": 3431,
        "ego_matrix": [
            [
                -0.007538767997175455,
                -0.9999715685844421,
                4.442472345544957e-06,
                -48.797752380371094
            ],
            [
                0.9999715685844421,
                -0.007538767997175455,
                -2.4047467377386056e-05,
                -22.856454849243164
            ],
            [
                2.408027467026841e-05,
                4.261057711119065e-06,
                1.0,
                0.03578632324934006
            ],
            [
                0.0,
                0.0,
                0.0,
                1.0
            ]
        ]
    },
    {
        "class": "Car",
        "extent": [
            1.0795789957046509,
            1.4872888326644897,
            0.8592574596405029
        ],
        "position": [
            22.059776472538378,
            -34.780841275384134,
            -2.511354569728674
        ],
        "yaw": -1.4687767007701977,
        "num_points": 0,
        "distance": 41.263150141702944,
        "speed": 2.2697035799146907,
        "brake": 0.0,
        "id": 3433,
        "ego_matrix": [
            [
                0.009115049615502357,
                0.9999584555625916,
                5.0069051212631166e-05,
                -45.34696578979492
            ],
            [
                -0.9999584555625916,
                0.009115057066082954,
                -0.0001449849660275504,
                -25.610013961791992
            ],
            [
                -0.0001454353187000379,
                -4.874542719335295e-05,
                1.0,
                0.002362689934670925
            ],
            [
                0.0,
                0.0,
                0.0,
                1.0
            ]
        ]
    },
    {
        "class": "Car",
        "extent": [
            1.488319993019104,
            4.791779518127441,
            2.163450002670288
        ],
        "position": [
            -22.658350949033412,
            5.704185365095912,
            -2.548968428500266
        ],
        "yaw": 2.6625523413883165,
        "num_points": 16,
        "distance": 23.503953677167353,
        "speed": 4.8322762484401025,
        "brake": 0.0,
        "id": 3434,
        "ego_matrix": [
            [
                -0.8408498764038086,
                -0.5412682890892029,
                -0.00029818457551300526,
                -93.62808990478516
            ],
            [
                0.5412684082984924,
                -0.8408496975898743,
                -0.0004808431549463421,
                -61.77191162109375
            ],
            [
                9.536742254567798e-06,
                -0.0005657147848978639,
                0.9999998211860657,
                0.0013343810569494963
            ],
            [
                0.0,
                0.0,
                0.0,
                1.0
            ]
        ]
    },
    {
        "class": "Car",
        "extent": [
            1.1454535722732544,
            2.0333523750305176,
            0.8025798797607422
        ],
        "position": [
            -22.383902741979202,
            1.8583828219988754,
            -2.548511907726459
        ],
        "yaw": 2.602849329754811,
        "num_points": 9,
        "distance": 22.605034873215924,
        "speed": 4.678630667448966,
        "brake": 0.0,
        "id": 3436,
        "ego_matrix": [
            [
                -0.807055652141571,
                -0.590441882610321,
                0.006292543839663267,
                -92.998046875
            ],
            [
                0.5904753804206848,
                -0.8070064783096313,
                0.00891268253326416,
                -57.96815490722656
            ],
            [
                -0.0001842975616455078,
                0.010908623225986958,
                0.9999405145645142,
                0.0013119891518726945
            ],
            [
                0.0,
                0.0,
                0.0,
                1.0
            ]
        ]
    },
    {
        "class": "Car",
        "extent": [
            1.2511454820632935,
            2.2094459533691406,
            0.8670341968536377
        ],
        "position": [
            21.210054946164156,
            -43.83180737044763,
            -2.5489524171029885
        ],
        "yaw": -1.480266243503072,
        "num_points": 0,
        "distance": 48.76054682429212,
        "speed": 1.3874296277057019,
        "brake": 0.0,
        "id": 3439,
        "ego_matrix": [
            [
                -0.0023743188939988613,
                0.9999971985816956,
                3.946962533518672e-05,
                -45.35338592529297
            ],
            [
                -0.9999913573265076,
                -0.0023744399659335613,
                0.0034176392946392298,
                -16.519250869750977
            ],
            [
                0.003417723346501589,
                -3.135471706627868e-05,
                0.999994158744812,
                -0.035234373062849045
            ],
            [
                0.0,
                0.0,
                0.0,
                1.0
            ]
        ]
    },
    {
        "class": "Car",
        "extent": [
            1.50146484375,
            3.633375883102417,
            1.845113754272461
        ],
        "position": [
            25.77047913680287,
            -32.83236444894542,
            -2.5296520133566927
        ],
        "yaw": -1.4719577135342428,
        "num_points": 1,
        "distance": 41.814840542054526,
        "speed": 2.598894926541879,
        "brake": 0.0,
        "id": 3445,
        "ego_matrix": [
            [
                0.005934147164225578,
                0.9999824166297913,
                -4.2020168621093035e-05,
                -41.83304214477539
            ],
            [
                -0.9999802708625793,
                0.005934047047048807,
                -0.002074287738651037,
                -27.894332885742188
            ],
            [
                -0.0020740018226206303,
                5.432846592157148e-05,
                0.9999978542327881,
                -0.018595274537801743
            ],
            [
                0.0,
                0.0,
                0.0,
                1.0
            ]
        ]
    },
    {
        "class": "Car",
        "extent": [
            1.6171096563339233,
            3.987684965133667,
            1.8508483171463013
        ],
        "position": [
            -37.60133676548417,
            -24.53748904383197,
            -2.521159837173296
        ],
        "yaw": -1.3200528691688862,
        "num_points": 5,
        "distance": 44.970047165331074,
        "speed": 4.935845121847888,
        "brake": 0.0,
        "id": 3451,
        "ego_matrix": [
            [
                0.1571844518184662,
                0.9875690340995789,
                -0.0007206888985820115,
                -105.70106506347656
            ],
            [
                -0.987569272518158,
                0.1571844071149826,
                -0.00010758510325103998,
                -30.274381637573242
            ],
            [
                7.033347174001392e-06,
                0.0007286408799700439,
                0.9999997615814209,
                0.03827327489852905
            ],
            [
                0.0,
                0.0,
                0.0,
                1.0
            ]
        ]
    }
]