[
    {
        "class": "Car",
        "extent": [
            1.5107464790344238,
            4.901683330535889,
            2.128324270248413
        ],
        "position": [
            -1.3,
            0.0,
            -2.5
        ],
        "yaw": 0,
        "num_points": -1,
        "distance": -1,
        "speed": 0.0,
        "brake": 1.0,
        "id": 3360,
        "ego_matrix": [
            [
                0.9956874251365662,
                0.09277137368917465,
                6.429599307011813e-05,
                -71.8323745727539
            ],
            [
                -0.09277137368917465,
                0.9956874251365662,
                1.3208550626586657e-06,
                -58.07375717163086
            ],
            [
                -6.389617192326114e-05,
                -7.279986220964929e-06,
                1.0,
                0.03344913572072983
            ],
            [
                0.0,
                0.0,
                0.0,
                1.0
            ]
        ]
    },
    {
        "class": "Car",
        "extent": [
            1.4750303030014038,
            3.805800199508667,
            1.97027587890625
        ],
        "position": [
            -27.18511659327719,
            -11.952259418771407,
            -2.4929246392218722
        ],
        "yaw": -0.9311425918516121,
        "num_points": 1,
        "distance": 29.801035932673955,
        "speed": 4.924152161619183,
        "brake": 0.0,
        "id": 3370,
        "ego_matrix": [
            [
                0.5199127793312073,
                0.854219377040863,
                -0.00012887890625279397,
                -96.49703216552734
            ],
            [
                -0.854219377040863,
                0.5199127793312073,
                -6.588115502381697e-05,
                -43.771644592285156
            ],
            [
                1.0728836059570312e-05,
                0.0001443433138774708,
                1.0,
                0.04209144413471222
            ],
            [
                0.0,
                0.0,
                0.0,
                1.0
            ]
        ]
    },
    {
        "class": "Car",
        "extent": [
            1.2511454820632935,
            2.2094459533691406,
            0.8670341968536377
        ],
        "position": [
            14.055139365815508,
            -45.04954682577126,
            -2.567271935277769
        ],
        "yaw": 1.6654778870743696,
        "num_points": 0,
        "distance": 47.26097223914801,
        "speed": 1.4602064881833285,
        "brake": 0.0,
        "id": 3395,
        "ego_matrix": [
            [
                -0.001776615739800036,
                -0.9999984502792358,
                9.680381936050253e-07,
                -52.36415100097656
            ],
            [
                0.9999967217445374,
                -0.0017766108503565192,
                0.0018535887356847525,
                -14.643006324768066
            ],
            [
                -0.0018535840790718794,
                4.261150024831295e-06,
                0.9999982714653015,
                -0.035131894052028656
            ],
            [
                0.0,
                0.0,
                0.0,
                1.0
            ]
        ]
    },
    {
        "class": "Car",
        "extent": [
            1.5248334407806396,
            4.513522624969482,
            2.006814479827881
        ],
        "position": [
            27.004005253313164,
            -20.94066900086915,
            -2.495699138692676
        ],
        "yaw": -1.469386156863284,
        "num_points": 2,
        "distance": 34.263047618619666,
        "speed": -2.535797334490859e-09,
        "brake": 1.0,
        "id": 3408,
        "ego_matrix": [
            [
                0.008505078963935375,
                0.9999638199806213,
                -4.297402938391315e-06,
                -41.70773696899414
            ],
            [
                -0.9999638199806213,
                0.008505078963935375,
                4.255138264852576e-06,
                -39.84919738769531
            ],
            [
                4.291533969080774e-06,
                4.261057256371714e-06,
                1.0,
                0.03578903153538704
            ],
            [
                0.0,
                0.0,
                0.0,
                1.0
            ]
        ]
    },
    {
        "class": "Car",
        "extent": [
            1.3787471055984497,
            2.2072951793670654,
            1.4809197187423706
        ],
        "position": [
            23.515349115355257,
            -20.686217707590785,
            -2.5295151730004624
        ],
        "yaw": -1.4684158341201135,
        "num_points": 7,
        "distance": 31.42116633852603,
        "speed": -3.8220894196648284e-10,
        "brake": 1.0,
        "id": 3412,
        "ego_matrix": [
            [
                0.009475245140492916,
                0.9999551177024841,
                -5.4535896197194234e-05,
                -45.2049560546875
            ],
            [
                -0.999938428401947,
                0.009475401602685452,
                0.005782195366919041,
                -39.77890396118164
            ],
            [
                0.0057824524119496346,
                -2.551823570229317e-07,
                0.9999833106994629,
                0.0021977615542709827
            ],
            [
                0.0,
                0.0,
                0.0,
                1.0
            ]
        ]
    },
    {
        "class": "Car",
        "extent": [
            1.385296106338501,
            4.181210041046143,
            1.9941171407699585
        ],
        "position": [
            17.49481127475624,
            -45.78047725913823,
            -2.5435761621513135
        ],
        "yaw": 1.6640104853137356,
        "num_points": 1,
        "distance": 49.075353277449516,
        "speed": -3.1846001684156314e-07,
        "brake": 1.0,
        "id": 3417,
        "ego_matrix": [
            [
                -0.0003091534017585218,
                -0.9999999403953552,
                1.064269326889189e-06,
                -48.87150192260742
            ],
            [
                0.9999999403953552,
                -0.0003091534017585218,
                3.2189796002057847e-06,
                -14.234331130981445
            ],
            [
                -3.2186505904974183e-06,
                1.065264541466604e-06,
                1.0,
                -0.011661224067211151
            ],
            [
                0.0,
                0.0,
                0.0,
                1.0
            ]
        ]
    },
    {
        "class": "Car",
        "extent": [
            1.8548461198806763,
            4.6045098304748535,
            1.9315931797027588
        ],
        "position": [
            48.125425543745436,
            1.965091357269812,
            -2.519590472304359
        ],
        "yaw": -3.0286639124694243,
        "num_points": 1,
        "distance": 48.23138505120011,
        "speed": 0.03395431135404511,
        "brake": 0.0,
        "id": 3424,
        "ego_matrix": [
            [
                -0.9997994303703308,
                0.020022401586174965,
                0.0005414503975771368,
                -22.802404403686523
            ],
            [
                -0.020022395998239517,
                -0.9997995495796204,
                1.7236177882296033e-05,
                -64.61563873291016
            ],
            [
                0.0005416869535110891,
                6.391585884557571e-06,
                0.9999998807907104,
                0.010714873671531677
            ],
            [
                0.0,
                0.0,
                0.0,
                1.0
            ]
        ]
    },
    {
        "class": "Car",
        "extent": [
            1.4750303030014038,
            3.805800199508667,
            1.97027587890625
        ],
        "position": [
            -31.135444589948943,
            -11.355654846207026,
            -2.4931816988209223
        ],
        "yaw": -0.9737106918734932,
        "num_points": 0,
        "distance": 33.23526382900099,
        "speed": 4.924990753604876,
        "brake": 0.0,
        "id": 3429,
        "ego_matrix": [
            [
                0.48309019207954407,
                0.8755705952644348,
                -0.00011651587556116283,
                -100.48567199707031
            ],
            [
                -0.8755705952644348,
                0.48309019207954407,
                -5.0127207941841334e-05,
                -43.99919891357422
            ],
            [
                1.2397765203786548e-05,
                0.00012623383372556418,
                1.0,
                0.042091138660907745
            ],
            [
                0.0,
                0.0,
                0.0,
                1.0
            ]
        ]
    },
    {
        "class": "Car",
        "extent": [
            1.5248334407806396,
            4.513522624969482,
            2.006814479827881
        ],
        "position": [
            18.24414270943877,
            -38.43198283119822,
            -2.496134194913163
        ],
        "yaw": 1.6712411008313555,
        "num_points": 5,
        "distance": 42.61568647175471,
        "speed": 2.4719961262487917,
        "brake": 0.0,
        "id": 3431,
        "ego_matrix": [
            [
                -0.007539721205830574,
                -0.9999715685844421,
                4.442494173417799e-06,
                -48.80712890625
            ],
            [
                0.9999715685844421,
                -0.007539721205830574,
                -2.404746373940725e-05,
                -21.620651245117188
            ],
            [
                2.408027467026841e-05,
                4.261056346877012e-06,
                1.0,
                0.03578636050224304
            ],
            [
                0.0,
                0.0,
                0.0,
                1.0
            ]
        ]
    },
    {
        "class": "Car",
        "extent": [
            1.0795789957046509,
            1.4872888326644897,
            0.8592574596405029
        ],
        "position": [
            22.176139903020108,
            -33.65396756818339,
            -2.5293418294828647
        ],
        "yaw": -1.4685243579345344,
        "num_points": 0,
        "distance": 40.38277212090611,
        "speed": 2.2626402730526487,
        "brake": 0.0,
        "id": 3433,
        "ego_matrix": [
            [
                0.009366927668452263,
                0.9999561309814453,
                1.2272005733393598e-05,
                -45.33535385131836
            ],
            [
                -0.9999561309814453,
                0.009366929531097412,
                -0.00015283726679626852,
                -26.74283790588379
            ],
            [
                -0.00015294551849365234,
                -1.0839851711352821e-05,
                1.0,
                0.002362270373851061
            ],
            [
                0.0,
                0.0,
                0.0,
                1.0
            ]
        ]
    },
    {
        "class": "Car",
        "extent": [
            1.488319993019104,
            4.791779518127441,
            2.163450002670288
        ],
        "position": [
            -24.731519954208135,
            4.4605697904019,
            -2.533644259581478
        ],
        "yaw": 2.6021073813974933,
        "num_points": 16,
        "distance": 25.257951526886565,
        "speed": 4.834505650518677,
        "brake": 0.0,
        "id": 3434,
        "ego_matrix": [
            [
                -0.806617021560669,
                -0.5910742878913879,
                -0.00032621307764202356,
                -95.57666015625
            ],
            [
                0.5910744071006775,
                -0.8066169023513794,
                -0.00046150697744451463,
                -60.34131622314453
            ],
            [
                9.655952453613281e-06,
                -0.0005650756065733731,
                0.9999998211860657,
                0.0013345336774364114
            ],
            [
                0.0,
                0.0,
                0.0,
                1.0
            ]
        ]
    },
    {
        "class": "Car",
        "extent": [
            1.1454535722732544,
            2.0333523750305176,
            0.8025798797607422
        ],
        "position": [
            -24.332589043741947,
            0.562388964510088,
            -2.5336128780836655
        ],
        "yaw": 2.539115099501631,
        "num_points": 3,
        "distance": 24.470602059104,
        "speed": 4.681172789815957,
        "brake": 0.0,
        "id": 3436,
        "ego_matrix": [
            [
                -0.7678086757659912,
                -0.640642523765564,
                0.00685311621055007,
                -94.81781005859375
            ],
            [
                0.6406791806221008,
                -0.7677615880966187,
                0.008501547388732433,
                -56.49695587158203
            ],
            [
                -0.0001848935935413465,
                0.010918211191892624,
                0.9999403953552246,
                0.0013120463117957115
            ],
            [
                0.0,
                0.0,
                0.0,
                1.0
            ]
        ]
    },
    {
        "class": "Car",
        "extent": [
            1.2511454820632935,
            2.2094459533691406,
            0.8670341968536377
        ],
        "position": [
            21.33318647383586,
            -42.48220030173917,
            -2.5668296280887226
        ],
        "yaw": -1.4796064370206268,
        "num_points": 0,
        "distance": 47.60704571745841,
        "speed": 2.9986456840023332,
        "brake": 1.0,
        "id": 3439,
        "ego_matrix": [
            [
                -0.0017151047941297293,
                0.9999985098838806,
                6.579194450750947e-05,
                -45.35566711425781
            ],
            [
                -0.9999972581863403,
                -0.0017149983905255795,
                -0.0015841673593968153,
                -17.874475479125977
            ],
            [
                -0.0015840522246435285,
                -6.850877980468795e-05,
                0.9999987483024597,
                -0.03513593599200249
            ],
            [
                0.0,
                0.0,
                0.0,
                1.0
            ]
        ]
    },
    {
        "class": "Car",
        "extent": [
            1.50146484375,
            3.633375883102417,
            1.845113754272461
        ],
        "position": [
            25.896963054482633,
            -31.595711563029408,
            -2.5507623431390485
        ],
        "yaw": -1.4697856310267958,
        "num_points": 3,
        "distance": 40.93223757810664,
        "speed": 2.4152539007618503,
        "brake": 0.0,
        "id": 3445,
        "ego_matrix": [
            [
                0.008105621673166752,
                0.9999671578407288,
                -2.1974452465656213e-05,
                -41.82152557373047
            ],
            [
                -0.999967098236084,
                0.00810561515390873,
                -0.0003118014137726277,
                -29.13740348815918
            ],
            [
                -0.00031161305378191173,
                2.4501072402927093e-05,
                0.9999999403953552,
                -0.01928100548684597
            ],
            [
                0.0,
                0.0,
                0.0,
                1.0
            ]
        ]
    },
    {
        "class": "Car",
        "extent": [
            1.6171096563339233,
            3.987684965133667,
            1.8508483171463013
        ],
        "position": [
            -36.846244627268284,
            -22.18681313166699,
            -2.4972853792273795
        ],
        "yaw": -1.2606542485255985,
        "num_points": 2,
        "distance": 43.08290675357584,
        "speed": 4.937629708340535,
        "brake": 0.0,
        "id": 3451,
        "ego_matrix": [
            [
                0.21553245186805725,
                0.9764964580535889,
                -0.0007119910442270339,
                -105.16702270507812
            ],
            [
                -0.976496696472168,
                0.21553240716457367,
                -0.0001499481004429981,
                -32.68495178222656
            ],
            [
                7.033347174001392e-06,
                0.0007275755633600056,
                0.9999997615814209,
                0.03827350586652756
            ],
            [
                0.0,
                0.0,
                0.0,
                1.0
            ]
        ]
    }
]