[
    {
        "class": "Car",
        "extent": [
            1.5107464790344238,
            4.901683330535889,
            2.128324270248413
        ],
        "position": [
            -1.3,
            0.0,
            -2.5
        ],
        "yaw": 0,
        "num_points": -1,
        "distance": -1,
        "speed": -1.4626326913590601e-06,
        "brake": 1.0,
        "id": 3360,
        "ego_matrix": [
            [
                0.9956874251365662,
                0.09277137368917465,
                5.412490281742066e-06,
                -71.83234405517578
            ],
            [
                -0.09277137368917465,
                0.9956874251365662,
                2.66573010776483e-07,
                -58.07375717163086
            ],
            [
                -5.364418029785156e-06,
                -7.67547533087054e-07,
                1.0,
                0.03341998904943466
            ],
            [
                0.0,
                0.0,
                0.0,
                1.0
            ]
        ]
    },
    {
        "class": "Car",
        "extent": [
            1.4750303030014038,
            3.805800199508667,
            1.97027587890625
        ],
        "position": [
            -25.596274540325936,
            -10.070018709566838,
            -2.4914511510757
        ],
        "yaw": -0.8691031889937804,
        "num_points": 13,
        "distance": 27.618506042017557,
        "speed": 4.9260079862891315,
        "brake": 0.0,
        "id": 3370,
        "ego_matrix": [
            [
                0.5718737840652466,
                0.8203415870666504,
                -0.0001276731345569715,
                -95.08963012695312
            ],
            [
                -0.8203415870666504,
                0.5718737840652466,
                -7.577925862278789e-05,
                -45.79316711425781
            ],
            [
                1.0848044439626392e-05,
                0.00014807176194153726,
                1.0,
                0.04209144413471222
            ],
            [
                0.0,
                0.0,
                0.0,
                1.0
            ]
        ]
    },
    {
        "class": "Car",
        "extent": [
            1.2511454820632935,
            2.2094459533691406,
            0.8670341968536377
        ],
        "position": [
            13.957111183908072,
            -46.08750654223463,
            -2.568485662447588
        ],
        "yaw": 1.6648973179567321,
        "num_points": 0,
        "distance": 48.22298549943471,
        "speed": 1.5040913649175642,
        "brake": 1.0,
        "id": 3395,
        "ego_matrix": [
            [
                -0.0011960698757320642,
                -0.9999992847442627,
                -3.731015340235899e-06,
                -52.36542892456055
            ],
            [
                0.9999989867210388,
                -0.0011960663832724094,
                -0.0008090783376246691,
                -13.600428581237793
            ],
            [
                0.0008090732735581696,
                -4.698725661000935e-06,
                0.9999997019767761,
                -0.0351828932762146
            ],
            [
                0.0,
                0.0,
                0.0,
                1.0
            ]
        ]
    },
    {
        "class": "Car",
        "extent": [
            1.5248334407806396,
            4.513522624969482,
            2.006814479827881
        ],
        "position": [
            27.00397500414623,
            -20.94066618492756,
            -2.4974630501951807
        ],
        "yaw": -1.469386156863284,
        "num_points": 5,
        "distance": 34.26315058455969,
        "speed": 1.94569796435765e-09,
        "brake": 1.0,
        "id": 3408,
        "ego_matrix": [
            [
                0.008505078963935375,
                0.9999638199806213,
                -4.297402938391315e-06,
                -41.70773696899414
            ],
            [
                -0.9999638199806213,
                0.008505078963935375,
                4.255138264852576e-06,
                -39.84919738769531
            ],
            [
                4.291533969080774e-06,
                4.261057256371714e-06,
                1.0,
                0.03578903153538704
            ],
            [
                0.0,
                0.0,
                0.0,
                1.0
            ]
        ]
    },
    {
        "class": "Car",
        "extent": [
            1.3787471055984497,
            2.2072951793670654,
            1.4809197187423706
        ],
        "position": [
            23.515316900032374,
            -20.68621467288811,
            -2.531073230102281
        ],
        "yaw": -1.4684158341201135,
        "num_points": 5,
        "distance": 31.421265698534484,
        "speed": -3.81650615942254e-10,
        "brake": 1.0,
        "id": 3412,
        "ego_matrix": [
            [
                0.009475245140492916,
                0.9999551177024841,
                -5.4535896197194234e-05,
                -45.2049560546875
            ],
            [
                -0.999938428401947,
                0.009475401602685452,
                0.005782195366919041,
                -39.77890396118164
            ],
            [
                0.0057824524119496346,
                -2.551823570229317e-07,
                0.9999833106994629,
                0.0021977615542709827
            ],
            [
                0.0,
                0.0,
                0.0,
                1.0
            ]
        ]
    },
    {
        "class": "Car",
        "extent": [
            1.385296106338501,
            4.181210041046143,
            1.9941171407699585
        ],
        "position": [
            17.49477824824262,
            -45.78047413417976,
            -2.544945251373952
        ],
        "yaw": 1.6640104853137356,
        "num_points": 0,
        "distance": 49.075409567704845,
        "speed": -1.3187491679814916e-08,
        "brake": 1.0,
        "id": 3417,
        "ego_matrix": [
            [
                -0.0003091534017585218,
                -0.9999999403953552,
                1.064269326889189e-06,
                -48.87150192260742
            ],
            [
                0.9999999403953552,
                -0.0003091534017585218,
                3.2189796002057847e-06,
                -14.234331130981445
            ],
            [
                -3.2186505904974183e-06,
                1.065264541466604e-06,
                1.0,
                -0.011661224067211151
            ],
            [
                0.0,
                0.0,
                0.0,
                1.0
            ]
        ]
    },
    {
        "class": "Car",
        "extent": [
            1.8548461198806763,
            4.6045098304748535,
            1.9315931797027588
        ],
        "position": [
            48.012134717531005,
            1.9788422858317753,
            -2.5237234979397902
        ],
        "yaw": -3.0306772622535245,
        "num_points": 1,
        "distance": 48.11912382016734,
        "speed": 0.6890222267516682,
        "brake": 0.0,
        "id": 3424,
        "ego_matrix": [
            [
                -0.9998188614845276,
                0.018009843304753304,
                0.006158733740448952,
                -22.91645050048828
            ],
            [
                -0.018009213730692863,
                -0.9998378157615662,
                0.00015781327965669334,
                -64.61882019042969
            ],
            [
                0.006160577293485403,
                4.6870736696291715e-05,
                0.9999810457229614,
                0.00943347904831171
            ],
            [
                0.0,
                0.0,
                0.0,
                1.0
            ]
        ]
    },
    {
        "class": "Car",
        "extent": [
            1.4750303030014038,
            3.805800199508667,
            1.97027587890625
        ],
        "position": [
            -29.639218491683184,
            -9.398577507203573,
            -2.4914735817239695
        ],
        "yaw": -0.9179209957247774,
        "num_points": 3,
        "distance": 31.193332181174167,
        "speed": 4.926850609236982,
        "brake": 0.0,
        "id": 3429,
        "ego_matrix": [
            [
                0.5311610698699951,
                0.8472708463668823,
                -0.00011399073264328763,
                -99.17742919921875
            ],
            [
                -0.8472708463668823,
                0.5311610698699951,
                -5.682914343196899e-05,
                -46.08664321899414
            ],
            [
                1.2397765203786548e-05,
                0.00012676646292675287,
                1.0,
                0.04209121689200401
            ],
            [
                0.0,
                0.0,
                0.0,
                1.0
            ]
        ]
    },
    {
        "class": "Car",
        "extent": [
            1.5248334407806396,
            4.513522624969482,
            2.006814479827881
        ],
        "position": [
            18.121197635288592,
            -39.65093914724922,
            -2.4973915141603222
        ],
        "yaw": 1.6711999549925136,
        "num_points": 8,
        "distance": 43.667055583941654,
        "speed": 2.219968892900275,
        "brake": 1.0,
        "id": 3431,
        "ego_matrix": [
            [
                -0.007498595397919416,
                -0.999971866607666,
                2.5357037429785123e-06,
                -48.816429138183594
            ],
            [
                0.999971866607666,
                -0.007498594466596842,
                0.00023009939468465745,
                -20.395545959472656
            ],
            [
                -0.00023007391428109258,
                4.26105498263496e-06,
                1.0,
                0.03589385747909546
            ],
            [
                0.0,
                0.0,
                0.0,
                1.0
            ]
        ]
    },
    {
        "class": "Car",
        "extent": [
            1.0795789957046509,
            1.4872888326644897,
            0.8592574596405029
        ],
        "position": [
            22.292279250950347,
            -32.53044685742216,
            -2.5309064963975616
        ],
        "yaw": -1.4688649762379553,
        "num_points": 0,
        "distance": 39.51684671933511,
        "speed": 2.2562003440116487,
        "brake": 0.0,
        "id": 3433,
        "ego_matrix": [
            [
                0.00902624148875475,
                0.9999592900276184,
                -4.385370993986726e-05,
                -45.32391357421875
            ],
            [
                -0.9999592900276184,
                0.009026234038174152,
                -0.0001575200876686722,
                -27.87228775024414
            ],
            [
                -0.0001571178436279297,
                4.5273736759554595e-05,
                1.0,
                0.0023619651328772306
            ],
            [
                0.0,
                0.0,
                0.0,
                1.0
            ]
        ]
    },
    {
        "class": "Car",
        "extent": [
            1.488319993019104,
            4.791779518127441,
            2.163450002670288
        ],
        "position": [
            -26.726705266371233,
            3.093689627001405,
            -2.5322244964665526
        ],
        "yaw": 2.541771070056767,
        "num_points": 14,
        "distance": 27.02406059059588,
        "speed": 4.836712169075034,
        "brake": 0.0,
        "id": 3434,
        "ego_matrix": [
            [
                -0.7695075869560242,
                -0.6386375427246094,
                -0.00035355990985408425,
                -97.4364013671875
            ],
            [
                0.6386376619338989,
                -0.7695074677467346,
                -0.0004413178248796612,
                -58.79523468017578
            ],
            [
                9.775161743164062e-06,
                -0.0005653941188938916,
                0.9999998211860657,
                0.0013342666206881404
            ],
            [
                0.0,
                0.0,
                0.0,
                1.0
            ]
        ]
    },
    {
        "class": "Car",
        "extent": [
            1.1454535722732544,
            2.0333523750305176,
            0.8025798797607422
        ],
        "position": [
            -26.195568333419956,
            -0.8558263960980776,
            -2.532240988713821
        ],
        "yaw": 2.47552387267661,
        "num_points": 1,
        "distance": 26.331587182622606,
        "speed": 4.683836910207126,
        "brake": 0.0,
        "id": 3436,
        "ego_matrix": [
            [
                -0.7255426645278931,
                -0.688138484954834,
                0.007307292427867651,
                -96.54115295410156
            ],
            [
                0.688177227973938,
                -0.7254988551139832,
                0.007974958047270775,
                -54.912025451660156
            ],
            [
                -0.00018644331430550665,
                0.010814884677529335,
                0.9999415278434753,
                0.0013118936913087964
            ],
            [
                0.0,
                0.0,
                0.0,
                1.0
            ]
        ]
    },
    {
        "class": "Car",
        "extent": [
            1.2511454820632935,
            2.2094459533691406,
            0.8670341968536377
        ],
        "position": [
            21.41637200581603,
            -41.582484385576244,
            -2.568363084992901
        ],
        "yaw": -1.478797768155624,
        "num_points": 0,
        "distance": 46.8440016064442,
        "speed": 3.0534687100936524,
        "brake": 0.0,
        "id": 3439,
        "ego_matrix": [
            [
                -0.0009063860634341836,
                0.9999995827674866,
                7.593566988362e-05,
                -45.35627365112305
            ],
            [
                -0.9999932050704956,
                -0.0009061096352525055,
                -0.0035644203890115023,
                -18.77802848815918
            ],
            [
                -0.003564350074157119,
                -7.916590402601287e-05,
                0.999993622303009,
                -0.035096872597932816
            ],
            [
                0.0,
                0.0,
                0.0,
                1.0
            ]
        ]
    },
    {
        "class": "Car",
        "extent": [
            1.50146484375,
            3.633375883102417,
            1.845113754272461
        ],
        "position": [
            26.020675884679118,
            -30.406436308539163,
            -2.5526438201770913
        ],
        "yaw": -1.4680572394793345,
        "num_points": 3,
        "distance": 40.1016574838679,
        "speed": 2.3814911801924783,
        "brake": 0.0,
        "id": 3445,
        "ego_matrix": [
            [
                0.009833968244493008,
                0.9999516606330872,
                -2.7491558284964412e-05,
                -41.80864334106445
            ],
            [
                -0.9999516606330872,
                0.009833967313170433,
                -2.1013782316003926e-05,
                -30.333026885986328
            ],
            [
                -2.0742414562846534e-05,
                2.769687671388965e-05,
                1.0,
                -0.01939372904598713
            ],
            [
                0.0,
                0.0,
                0.0,
                1.0
            ]
        ]
    },
    {
        "class": "Car",
        "extent": [
            1.6171096563339233,
            3.987684965133667,
            1.8508483171463013
        ],
        "position": [
            -35.9525082789382,
            -19.88408229416296,
            -2.495317417226863
        ],
        "yaw": -1.201399846377717,
        "num_points": 3,
        "distance": 41.16049306362692,
        "speed": 4.939860617235693,
        "brake": 0.0,
        "id": 3451,
        "ego_matrix": [
            [
                0.27298206090927124,
                0.9620189070701599,
                -0.000690141343511641,
                -104.49073791503906
            ],
            [
                -0.962019145488739,
                0.27298200130462646,
                -0.00018827531312126666,
                -35.060665130615234
            ],
            [
                7.271766662597656e-06,
                0.0007153249462135136,
                0.9999997615814209,
                0.038273200392723083
            ],
            [
                0.0,
                0.0,
                0.0,
                1.0
            ]
        ]
    }
]