[
    {
        "class": "Car",
        "extent": [
            1.5107464790344238,
            4.901683330535889,
            2.128324270248413
        ],
        "position": [
            -1.3,
            0.0,
            -2.5
        ],
        "yaw": 0,
        "num_points": -1,
        "distance": -1,
        "speed": -1.135693466293956e-07,
        "brake": 1.0,
        "id": 3360,
        "ego_matrix": [
            [
                0.9956874251365662,
                0.09277137368917465,
                1.082583139577764e-06,
                -71.83234405517578
            ],
            [
                -0.09277137368917465,
                0.9956874251365662,
                5.4230518742315326e-08,
                -58.07375717163086
            ],
            [
                -1.0728834922701935e-06,
                -1.544293866118096e-07,
                1.0,
                0.03341773897409439
            ],
            [
                0.0,
                0.0,
                0.0,
                1.0
            ]
        ]
    },
    {
        "class": "Car",
        "extent": [
            1.4750303030014038,
            3.805800199508667,
            1.97027587890625
        ],
        "position": [
            -23.883346709212255,
            -8.299039288425156,
            -2.4913493952587302
        ],
        "yaw": -0.8013886564320167,
        "num_points": 16,
        "distance": 25.406596091419253,
        "speed": 4.926840410555669,
        "brake": 0.0,
        "id": 3370,
        "ego_matrix": [
            [
                0.6260697841644287,
                0.7797670364379883,
                -0.00013380766904447228,
                -93.54838562011719
            ],
            [
                -0.7797670364379883,
                0.6260697841644287,
                -9.367426537210122e-05,
                -47.71541976928711
            ],
            [
                1.0728836059570312e-05,
                0.0001629854377824813,
                1.0,
                0.04209129139780998
            ],
            [
                0.0,
                0.0,
                0.0,
                1.0
            ]
        ]
    },
    {
        "class": "Car",
        "extent": [
            1.2511454820632935,
            2.2094459533691406,
            0.8670341968536377
        ],
        "position": [
            13.954506184964872,
            -46.11513306069417,
            -2.568578463165487
        ],
        "yaw": 1.6649477848593892,
        "num_points": 0,
        "distance": 48.2486407621312,
        "speed": -0.00017995780794597885,
        "brake": 1.0,
        "id": 3395,
        "ego_matrix": [
            [
                -0.0012464952887967229,
                -0.9999992251396179,
                -2.2017775336280465e-06,
                -52.36545944213867
            ],
            [
                0.9999988675117493,
                -0.0012464929604902864,
                -0.0008603367023169994,
                -13.57267951965332
            ],
            [
                0.0008603332680650055,
                -3.2741806990088662e-06,
                0.9999996423721313,
                -0.035184212028980255
            ],
            [
                0.0,
                0.0,
                0.0,
                1.0
            ]
        ]
    },
    {
        "class": "Car",
        "extent": [
            1.5248334407806396,
            4.513522624969482,
            2.006814479827881
        ],
        "position": [
            27.003975014310644,
            -20.94066618637972,
            -2.4975951067196585
        ],
        "yaw": -1.469386156863284,
        "num_points": 4,
        "distance": 34.26316021939614,
        "speed": 1.063187698830671e-09,
        "brake": 1.0,
        "id": 3408,
        "ego_matrix": [
            [
                0.008505078963935375,
                0.9999638199806213,
                -4.297402938391315e-06,
                -41.70773696899414
            ],
            [
                -0.9999638199806213,
                0.008505078963935375,
                4.255138264852576e-06,
                -39.84919738769531
            ],
            [
                4.291533969080774e-06,
                4.261057256371714e-06,
                1.0,
                0.03578903153538704
            ],
            [
                0.0,
                0.0,
                0.0,
                1.0
            ]
        ]
    },
    {
        "class": "Car",
        "extent": [
            1.3787471055984497,
            2.2072951793670654,
            1.4809197187423706
        ],
        "position": [
            23.51531676603869,
            -20.686214653744848,
            -2.5311901589191432
        ],
        "yaw": -1.4684158341201135,
        "num_points": 7,
        "distance": 31.4212750048205,
        "speed": -5.413364019106981e-12,
        "brake": 1.0,
        "id": 3412,
        "ego_matrix": [
            [
                0.009475245140492916,
                0.9999551177024841,
                -5.4535896197194234e-05,
                -45.2049560546875
            ],
            [
                -0.999938428401947,
                0.009475401602685452,
                0.005782195366919041,
                -39.77890396118164
            ],
            [
                0.0057824524119496346,
                -2.551823570229317e-07,
                0.9999833106994629,
                0.0021977615542709827
            ],
            [
                0.0,
                0.0,
                0.0,
                1.0
            ]
        ]
    },
    {
        "class": "Car",
        "extent": [
            1.385296106338501,
            4.181210041046143,
            1.9941171407699585
        ],
        "position": [
            17.494778054772627,
            -45.7804741065393,
            -2.5450517285859267
        ],
        "yaw": 1.6640104853137356,
        "num_points": 1,
        "distance": 49.07541499474505,
        "speed": -1.0620569664573593e-08,
        "brake": 1.0,
        "id": 3417,
        "ego_matrix": [
            [
                -0.0003091534017585218,
                -0.9999999403953552,
                1.064269326889189e-06,
                -48.87150192260742
            ],
            [
                0.9999999403953552,
                -0.0003091534017585218,
                3.2189796002057847e-06,
                -14.234331130981445
            ],
            [
                -3.2186505904974183e-06,
                1.065264541466604e-06,
                1.0,
                -0.011661224067211151
            ],
            [
                0.0,
                0.0,
                0.0,
                1.0
            ]
        ]
    },
    {
        "class": "Car",
        "extent": [
            1.8548461198806763,
            4.6045098304748535,
            1.9315931797027588
        ],
        "position": [
            47.21490360304623,
            2.0706391930674792,
            -2.5242450285603613
        ],
        "yaw": -3.029463127112557,
        "num_points": 0,
        "distance": 47.32765028899097,
        "speed": 2.07141748831735,
        "brake": 0.0,
        "id": 3424,
        "ego_matrix": [
            [
                -0.9997879266738892,
                0.0192238911986351,
                0.007387952879071236,
                -23.718759536743164
            ],
            [
                -0.019222846254706383,
                -0.9998152256011963,
                0.00021236806060187519,
                -64.63626098632812
            ],
            [
                0.007390670012682676,
                7.030554115772247e-05,
                0.9999727010726929,
                0.009120979346334934
            ],
            [
                0.0,
                0.0,
                0.0,
                1.0
            ]
        ]
    },
    {
        "class": "Car",
        "extent": [
            1.4750303030014038,
            3.805800199508667,
            1.97027587890625
        ],
        "position": [
            -28.03400860133447,
            -7.52865821115313,
            -2.491353926426266
        ],
        "yaw": -0.8608762183333347,
        "num_points": 1,
        "distance": 29.134055280835483,
        "speed": 4.928154329410235,
        "brake": 0.0,
        "id": 3429,
        "ego_matrix": [
            [
                0.5786032676696777,
                0.8156091570854187,
                -0.00012048795906594023,
                -97.75261688232422
            ],
            [
                -0.8156091570854187,
                0.5786032676696777,
                -7.042119250399992e-05,
                -48.097415924072266
            ],
            [
                1.2278555914235767e-05,
                0.00013901700731366873,
                1.0,
                0.042091332376003265
            ],
            [
                0.0,
                0.0,
                0.0,
                1.0
            ]
        ]
    },
    {
        "class": "Car",
        "extent": [
            1.5248334407806396,
            4.513522624969482,
            2.006814479827881
        ],
        "position": [
            18.09817432060357,
            -39.880195824516846,
            -2.4973358516412434
        ],
        "yaw": 1.671393433645708,
        "num_points": 7,
        "distance": 43.86582518426683,
        "speed": -0.0002933020558281376,
        "brake": 1.0,
        "id": 3431,
        "ego_matrix": [
            [
                -0.007692065089941025,
                -0.9999704360961914,
                -9.720422440295806e-07,
                -48.818084716796875
            ],
            [
                0.9999702572822571,
                -0.00769206415861845,
                0.0006110774120315909,
                -20.165142059326172
            ],
            [
                -0.0006110667600296438,
                3.728433284777566e-06,
                0.9999998211860657,
                0.03605491667985916
            ],
            [
                0.0,
                0.0,
                0.0,
                1.0
            ]
        ]
    },
    {
        "class": "Car",
        "extent": [
            1.0795789957046509,
            1.4872888326644897,
            0.8592574596405029
        ],
        "position": [
            22.40756920210979,
            -31.409892851533993,
            -2.5310258121066878
        ],
        "yaw": -1.469370311054798,
        "num_points": 2,
        "distance": 38.66634994609313,
        "speed": 2.250410884026129,
        "brake": 0.0,
        "id": 3433,
        "ego_matrix": [
            [
                0.008520932868123055,
                0.9999637007713318,
                -5.5068390793167055e-05,
                -45.31307601928711
            ],
            [
                -0.9999637007713318,
                0.008520923554897308,
                -0.00016343427705578506,
                -28.99870491027832
            ],
            [
                -0.00016295909881591797,
                5.645900091622025e-05,
                1.0,
                0.002361640799790621
            ],
            [
                0.0,
                0.0,
                0.0,
                1.0
            ]
        ]
    },
    {
        "class": "Car",
        "extent": [
            1.488319993019104,
            4.791779518127441,
            2.163450002670288
        ],
        "position": [
            -28.637338187529437,
            1.6090788609381275,
            -2.5321129361826857
        ],
        "yaw": 2.4819849677972514,
        "num_points": 12,
        "distance": 28.79405961599082,
        "speed": 4.839224514940564,
        "brake": 0.0,
        "id": 3434,
        "ego_matrix": [
            [
                -0.7299738526344299,
                -0.6834749579429626,
                -0.00036675092997029424,
                -99.20106506347656
            ],
            [
                0.6834750771522522,
                -0.7299737334251404,
                -0.00040635303594172,
                -57.139774322509766
            ],
            [
                1.0013579412770923e-05,
                -0.0005472922348417342,
                0.9999998211860657,
                0.0013343810569494963
            ],
            [
                0.0,
                0.0,
                0.0,
                1.0
            ]
        ]
    },
    {
        "class": "Car",
        "extent": [
            1.1454535722732544,
            2.0333523750305176,
            0.8025798797607422
        ],
        "position": [
            -27.96854547428175,
            -2.38706584083719,
            -2.532133936269111
        ],
        "yaw": 2.4148048650872393,
        "num_points": 7,
        "distance": 28.184203404507702,
        "speed": 4.686582333959561,
        "brake": 0.0,
        "id": 3436,
        "ego_matrix": [
            [
                -0.6824458241462708,
                -0.7309008836746216,
                0.007187756709754467,
                -98.1644287109375
            ],
            [
                0.7309361696243286,
                -0.6824102997779846,
                0.006968754809349775,
                -53.22290802001953
            ],
            [
                -0.00018846988677978516,
                0.010009589605033398,
                0.9999499320983887,
                0.0013120463117957115
            ],
            [
                0.0,
                0.0,
                0.0,
                1.0
            ]
        ]
    },
    {
        "class": "Car",
        "extent": [
            1.2511454820632935,
            2.2094459533691406,
            0.8670341968536377
        ],
        "position": [
            21.516472217039528,
            -40.50891680795276,
            -2.568550559087389
        ],
        "yaw": -1.4779008155004854,
        "num_points": 2,
        "distance": 45.94048725900564,
        "speed": 1.8349301093512564,
        "brake": 0.0,
        "id": 3439,
        "ego_matrix": [
            [
                -9.461245099373627e-06,
                1.0,
                5.979039633530192e-05,
                -45.356201171875
            ],
            [
                -1.0,
                -9.447452612221241e-06,
                -0.0002306705282535404,
                -19.856252670288086
            ],
            [
                -0.0002306699607288465,
                -5.9792579122586176e-05,
                1.0,
                -0.035163555294275284
            ],
            [
                0.0,
                0.0,
                0.0,
                1.0
            ]
        ]
    },
    {
        "class": "Car",
        "extent": [
            1.50146484375,
            3.633375883102417,
            1.845113754272461
        ],
        "position": [
            26.14492748947166,
            -29.224279898101017,
            -2.552790632060725
        ],
        "yaw": -1.4667779900497149,
        "num_points": 4,
        "distance": 39.295451505275,
        "speed": 2.376200601660356,
        "brake": 0.0,
        "id": 3445,
        "ego_matrix": [
            [
                0.01111313235014677,
                0.9999382495880127,
                -2.3039545339997858e-05,
                -41.79459762573242
            ],
            [
                -0.9999382495880127,
                0.01111313235014677,
                1.2142473678977694e-05,
                -31.5216121673584
            ],
            [
                1.2397765203786548e-05,
                2.290318298037164e-05,
                1.0,
                -0.01940685138106346
            ],
            [
                0.0,
                0.0,
                0.0,
                1.0
            ]
        ]
    },
    {
        "class": "Car",
        "extent": [
            1.6171096563339233,
            3.987684965133667,
            1.8508483171463013
        ],
        "position": [
            -34.92607590632005,
            -17.63614209029698,
            -2.49517797013287
        ],
        "yaw": -1.14325691451078,
        "num_points": 1,
        "distance": 39.205741915512974,
        "speed": 4.942283001296765,
        "brake": 0.0,
        "id": 3451,
        "ego_matrix": [
            [
                0.32842397689819336,
                0.944530189037323,
                -0.0006570221739821136,
                -103.67727661132812
            ],
            [
                -0.9445304274559021,
                0.3284238874912262,
                -0.00022037664894014597,
                -37.394134521484375
            ],
            [
                7.629394076502649e-06,
                0.0006929544033482671,
                0.9999997615814209,
                0.038273122161626816
            ],
            [
                0.0,
                0.0,
                0.0,
                1.0
            ]
        ]
    }
]