[
    {
        "class": "Car",
        "extent": [
            1.5107464790344238,
            4.901683330535889,
            2.128324270248413
        ],
        "position": [
            -1.3,
            0.0,
            -2.5
        ],
        "yaw": 0,
        "num_points": -1,
        "distance": -1,
        "speed": -9.392274444932516e-08,
        "brake": 1.0,
        "id": 3360,
        "ego_matrix": [
            [
                0.9956874251365662,
                0.09277137368917465,
                1.082583139577764e-06,
                -71.83234405517578
            ],
            [
                -0.09277137368917465,
                0.9956874251365662,
                5.4230518742315326e-08,
                -58.07375717163086
            ],
            [
                -1.0728834922701935e-06,
                -1.544293866118096e-07,
                1.0,
                0.03341773897409439
            ],
            [
                0.0,
                0.0,
                0.0,
                1.0
            ]
        ]
    },
    {
        "class": "Car",
        "extent": [
            1.4750303030014038,
            3.805800199508667,
            1.97027587890625
        ],
        "position": [
            -22.043344029361418,
            -6.659548822472039,
            -2.4913474843460723
        ],
        "yaw": -0.7271577681569927,
        "num_points": 10,
        "distance": 23.16172313977157,
        "speed": 4.9276663395627995,
        "brake": 0.0,
        "id": 3370,
        "ego_matrix": [
            [
                0.68217533826828,
                0.7311886548995972,
                -0.0001391814003000036,
                -91.86841583251953
            ],
            [
                -0.7311886548995972,
                0.68217533826828,
                -0.00011550467752385885,
                -49.51853942871094
            ],
            [
                1.0490416570974048e-05,
                0.00018056230328511447,
                1.0,
                0.042091481387615204
            ],
            [
                0.0,
                0.0,
                0.0,
                1.0
            ]
        ]
    },
    {
        "class": "Car",
        "extent": [
            1.2511454820632935,
            2.2094459533691406,
            0.8670341968536377
        ],
        "position": [
            13.954541296753641,
            -46.11483845484704,
            -2.5685628206793485
        ],
        "yaw": 1.6649477848593892,
        "num_points": 0,
        "distance": 48.24836850592171,
        "speed": -8.912336111858893e-06,
        "brake": 1.0,
        "id": 3395,
        "ego_matrix": [
            [
                -0.0012464957544580102,
                -0.9999992251396179,
                -1.5747593351989053e-05,
                -52.36545181274414
            ],
            [
                0.9999992251396179,
                -0.0012464950559660792,
                -4.3054213165305555e-05,
                -13.572976112365723
            ],
            [
                4.3034549889853224e-05,
                -1.5801248082425445e-05,
                1.0,
                -0.035168569535017014
            ],
            [
                0.0,
                0.0,
                0.0,
                1.0
            ]
        ]
    },
    {
        "class": "Car",
        "extent": [
            1.5248334407806396,
            4.513522624969482,
            2.006814479827881
        ],
        "position": [
            27.003975014310644,
            -20.94066618637972,
            -2.4975951067196585
        ],
        "yaw": -1.469386156863284,
        "num_points": 7,
        "distance": 34.26316021939614,
        "speed": 1.0366293191905327e-10,
        "brake": 1.0,
        "id": 3408,
        "ego_matrix": [
            [
                0.008505078963935375,
                0.9999638199806213,
                -4.297402938391315e-06,
                -41.70773696899414
            ],
            [
                -0.9999638199806213,
                0.008505078963935375,
                4.255138264852576e-06,
                -39.84919738769531
            ],
            [
                4.291533969080774e-06,
                4.261057256371714e-06,
                1.0,
                0.03578903153538704
            ],
            [
                0.0,
                0.0,
                0.0,
                1.0
            ]
        ]
    },
    {
        "class": "Car",
        "extent": [
            1.3787471055984497,
            2.2072951793670654,
            1.4809197187423706
        ],
        "position": [
            23.51531676603869,
            -20.686214653744848,
            -2.5311901589191432
        ],
        "yaw": -1.4684158341201135,
        "num_points": 8,
        "distance": 31.4212750048205,
        "speed": 1.080206669729937e-08,
        "brake": 1.0,
        "id": 3412,
        "ego_matrix": [
            [
                0.009475245140492916,
                0.9999551177024841,
                -5.4535896197194234e-05,
                -45.2049560546875
            ],
            [
                -0.999938428401947,
                0.009475401602685452,
                0.005782195366919041,
                -39.77890396118164
            ],
            [
                0.0057824524119496346,
                -2.551823570229317e-07,
                0.9999833106994629,
                0.0021977615542709827
            ],
            [
                0.0,
                0.0,
                0.0,
                1.0
            ]
        ]
    },
    {
        "class": "Car",
        "extent": [
            1.385296106338501,
            4.181210041046143,
            1.9941171407699585
        ],
        "position": [
            17.494778054772627,
            -45.7804741065393,
            -2.5450517285859267
        ],
        "yaw": 1.6640104853137356,
        "num_points": 1,
        "distance": 49.07541499474505,
        "speed": -4.318248370785673e-09,
        "brake": 1.0,
        "id": 3417,
        "ego_matrix": [
            [
                -0.0003091534017585218,
                -0.9999999403953552,
                1.064269326889189e-06,
                -48.87150192260742
            ],
            [
                0.9999999403953552,
                -0.0003091534017585218,
                3.2189796002057847e-06,
                -14.234331130981445
            ],
            [
                -3.2186505904974183e-06,
                1.065264541466604e-06,
                1.0,
                -0.011661224067211151
            ],
            [
                0.0,
                0.0,
                0.0,
                1.0
            ]
        ]
    },
    {
        "class": "Car",
        "extent": [
            1.8548461198806763,
            4.6045098304748535,
            1.9315931797027588
        ],
        "position": [
            46.16926929779833,
            2.1916262774978077,
            -2.5229912482402987
        ],
        "yaw": -3.0277523124282903,
        "num_points": 1,
        "distance": 46.290065219996606,
        "speed": 2.4108014180362733,
        "brake": 0.0,
        "id": 3424,
        "ego_matrix": [
            [
                -0.999778687953949,
                0.020933987572789192,
                0.0020623565651476383,
                -24.771108627319336
            ],
            [
                -0.02093387395143509,
                -0.9997808337211609,
                7.674584776395932e-05,
                -64.65972137451172
            ],
            [
                0.002063511172309518,
                3.355575609020889e-05,
                0.9999978542327881,
                0.010375900194048882
            ],
            [
                0.0,
                0.0,
                0.0,
                1.0
            ]
        ]
    },
    {
        "class": "Car",
        "extent": [
            1.4750303030014038,
            3.805800199508667,
            1.97027587890625
        ],
        "position": [
            -26.316614553067755,
            -5.760156116004902,
            -2.491352319718462
        ],
        "yaw": -0.799320378950434,
        "num_points": 2,
        "distance": 27.054582539681753,
        "speed": 4.929768724703035,
        "brake": 0.0,
        "id": 3429,
        "ego_matrix": [
            [
                0.6276812553405762,
                0.7784704566001892,
                -0.0001221472048200667,
                -96.20669555664062
            ],
            [
                -0.7784704566001892,
                0.6276812553405762,
                -8.271470869658515e-05,
                -50.017616271972656
            ],
            [
                1.2278555914235767e-05,
                0.0001470064598834142,
                1.0,
                0.04209136962890625
            ],
            [
                0.0,
                0.0,
                0.0,
                1.0
            ]
        ]
    },
    {
        "class": "Car",
        "extent": [
            1.5248334407806396,
            4.513522624969482,
            2.006814479827881
        ],
        "position": [
            18.09815450278344,
            -39.880408526339124,
            -2.4975999821624
        ],
        "yaw": 1.6713933004876533,
        "num_points": 5,
        "distance": 43.86602542179107,
        "speed": -1.7627478380289275e-07,
        "brake": 1.0,
        "id": 3431,
        "ego_matrix": [
            [
                -0.007691947277635336,
                -0.9999704360961914,
                3.836515588773182e-06,
                -48.818084716796875
            ],
            [
                0.9999704360961914,
                -0.007691947277635336,
                -1.4037599612493068e-05,
                -20.164928436279297
            ],
            [
                1.4066694348002784e-05,
                3.728425554072601e-06,
                1.0,
                0.035790786147117615
            ],
            [
                0.0,
                0.0,
                0.0,
                1.0
            ]
        ]
    },
    {
        "class": "Car",
        "extent": [
            1.0795789957046509,
            1.4872888326644897,
            0.8592574596405029
        ],
        "position": [
            22.521979352046134,
            -30.292080487225675,
            -2.5310260717614104
        ],
        "yaw": -1.4699107995980296,
        "num_points": 0,
        "distance": 37.831941361163146,
        "speed": 2.244980450805812,
        "brake": 0.0,
        "id": 3433,
        "ego_matrix": [
            [
                0.007980456575751305,
                0.9999681711196899,
                -5.193059041630477e-05,
                -45.302860260009766
            ],
            [
                -0.9999681711196899,
                0.007980447262525558,
                -0.00016719353152438998,
                -30.122310638427734
            ],
            [
                -0.00016677378152962774,
                5.326321843313053e-05,
                1.0,
                0.0023614310193806887
            ],
            [
                0.0,
                0.0,
                0.0,
                1.0
            ]
        ]
    },
    {
        "class": "Car",
        "extent": [
            1.488319993019104,
            4.791779518127441,
            2.163450002670288
        ],
        "position": [
            -30.461065801017945,
            0.016958357188235976,
            -2.5321147995800906
        ],
        "yaw": 2.4248921203481326,
        "num_points": 6,
        "distance": 30.566131954797225,
        "speed": 4.841897015461556,
        "brake": 0.0,
        "id": 3434,
        "ego_matrix": [
            [
                -0.6897841095924377,
                -0.7240150570869446,
                -0.0003666672855615616,
                -100.86922454833984
            ],
            [
                0.7240151166915894,
                -0.689784049987793,
                -0.0003641500079538673,
                -55.38533020019531
            ],
            [
                1.0728836059570312e-05,
                -0.0005166575429029763,
                0.9999998807907104,
                0.0013342284364625812
            ],
            [
                0.0,
                0.0,
                0.0,
                1.0
            ]
        ]
    },
    {
        "class": "Car",
        "extent": [
            1.1454535722732544,
            2.0333523750305176,
            0.8025798797607422
        ],
        "position": [
            -29.651177331503238,
            -4.0189941434742105,
            -2.532135298830943
        ],
        "yaw": 2.3580342601300206,
        "num_points": 1,
        "distance": 30.029258070107513,
        "speed": 4.689223642168712,
        "brake": 0.0,
        "id": 3436,
        "ego_matrix": [
            [
                -0.6398730278015137,
                -0.7684484720230103,
                0.007038048934191465,
                -99.68840789794922
            ],
            [
                0.768480658531189,
                -0.6398438811302185,
                0.006108396220952272,
                -51.441917419433594
            ],
            [
                -0.00019073484872933477,
                0.009317202493548393,
                0.9999566078186035,
                0.001312237000092864
            ],
            [
                0.0,
                0.0,
                0.0,
                1.0
            ]
        ]
    },
    {
        "class": "Car",
        "extent": [
            1.2511454820632935,
            2.2094459533691406,
            0.8670341968536377
        ],
        "position": [
            21.64042308718814,
            -39.197298465521975,
            -2.5686833421218402
        ],
        "yaw": -1.476752460438443,
        "num_points": 1,
        "distance": 44.84790131655896,
        "speed": 0.45013359592493907,
        "brake": 0.0,
        "id": 3439,
        "ego_matrix": [
            [
                0.001138852909207344,
                0.9999993443489075,
                4.705697938334197e-05,
                -45.35446548461914
            ],
            [
                -0.9999741911888123,
                0.0011384906247258186,
                0.007090089842677116,
                -21.17371368408203
            ],
            [
                0.007090031635016203,
                -5.5130334658315405e-05,
                0.9999748468399048,
                -0.03529626876115799
            ],
            [
                0.0,
                0.0,
                0.0,
                1.0
            ]
        ]
    },
    {
        "class": "Car",
        "extent": [
            1.50146484375,
            3.633375883102417,
            1.845113754272461
        ],
        "position": [
            26.26997421266926,
            -28.04280291534011,
            -2.5527928559244564
        ],
        "yaw": -1.4658687868535618,
        "num_points": 5,
        "distance": 38.510090779536924,
        "speed": 2.3764353204603252,
        "brake": 0.0,
        "id": 3445,
        "ego_matrix": [
            [
                0.012022281065583229,
                0.9999277591705322,
                -2.4187425879063085e-05,
                -41.77969741821289
            ],
            [
                -0.9999277591705322,
                0.012022281065583229,
                1.806874934118241e-05,
                -32.7095947265625
            ],
            [
                1.8358230590820312e-05,
                2.3968450477696024e-05,
                1.0,
                -0.019409026950597763
            ],
            [
                0.0,
                0.0,
                0.0,
                1.0
            ]
        ]
    },
    {
        "class": "Car",
        "extent": [
            1.6171096563339233,
            3.987684965133667,
            1.8508483171463013
        ],
        "position": [
            -33.77111762038174,
            -15.450086352341428,
            -2.493540865210071
        ],
        "yaw": -1.0857527418312984,
        "num_points": 11,
        "distance": 37.221113627495576,
        "speed": 4.918805067565639,
        "brake": 0.0,
        "id": 3451,
        "ego_matrix": [
            [
                0.3821651339530945,
                0.9240770936012268,
                -0.00559977674856782,
                -102.7301025390625
            ],
            [
                -0.924092710018158,
                0.3821679353713989,
                -0.0006056835409253836,
                -39.67790985107422
            ],
            [
                0.0015803567366674542,
                0.005406183656305075,
                0.9999841451644897,
                0.039909325540065765
            ],
            [
                0.0,
                0.0,
                0.0,
                1.0
            ]
        ]
    }
]