[
    {
        "class": "Car",
        "extent": [
            1.5107464790344238,
            4.901683330535889,
            2.128324270248413
        ],
        "position": [
            -1.3,
            0.0,
            -2.5
        ],
        "yaw": 0,
        "num_points": -1,
        "distance": -1,
        "speed": -4.543865156479699e-09,
        "brake": 1.0,
        "id": 3360,
        "ego_matrix": [
            [
                0.9956874251365662,
                0.09277137368917465,
                1.082583139577764e-06,
                -71.83234405517578
            ],
            [
                -0.09277137368917465,
                0.9956874251365662,
                5.4230518742315326e-08,
                -58.07375717163086
            ],
            [
                -1.0728834922701935e-06,
                -1.544293866118096e-07,
                1.0,
                0.03341773897409439
            ],
            [
                0.0,
                0.0,
                0.0,
                1.0
            ]
        ]
    },
    {
        "class": "Car",
        "extent": [
            1.4750303030014038,
            3.805800199508667,
            1.97027587890625
        ],
        "position": [
            -20.080663412983903,
            -5.167734482512759,
            -2.491345493514567
        ],
        "yaw": -0.6492091070002184,
        "num_points": 14,
        "distance": 20.88409263423616,
        "speed": 4.929186838068476,
        "brake": 0.0,
        "id": 3370,
        "ego_matrix": [
            [
                0.7370414137840271,
                0.675847589969635,
                -0.00013444418436847627,
                -90.05259704589844
            ],
            [
                -0.675847589969635,
                0.7370414137840271,
                -0.00013109541032463312,
                -51.18600082397461
            ],
            [
                1.0490416570974048e-05,
                0.00018748652655631304,
                1.0,
                0.042091596871614456
            ],
            [
                0.0,
                0.0,
                0.0,
                1.0
            ]
        ]
    },
    {
        "class": "Car",
        "extent": [
            1.2511454820632935,
            2.2094459533691406,
            0.8670341968536377
        ],
        "position": [
            13.954542535384455,
            -46.1148251609856,
            -2.5685622097324634
        ],
        "yaw": 1.6649477848593892,
        "num_points": 0,
        "distance": 48.248356125627645,
        "speed": -4.4799476795589866e-07,
        "brake": 1.0,
        "id": 3395,
        "ego_matrix": [
            [
                -0.0012464957544580102,
                -0.9999992251396179,
                -1.3307715562405065e-05,
                -52.36545181274414
            ],
            [
                0.9999992251396179,
                -0.0012464956380426884,
                -1.0864640898944344e-05,
                -13.572989463806152
            ],
            [
                1.0848044439626392e-05,
                -1.3321247934072744e-05,
                1.0,
                -0.035167958587408066
            ],
            [
                0.0,
                0.0,
                0.0,
                1.0
            ]
        ]
    },
    {
        "class": "Car",
        "extent": [
            1.5248334407806396,
            4.513522624969482,
            2.006814479827881
        ],
        "position": [
            27.003975014310644,
            -20.94066618637972,
            -2.4975951067196585
        ],
        "yaw": -1.469386156863284,
        "num_points": 5,
        "distance": 34.26316021939614,
        "speed": -4.5372161711185076e-11,
        "brake": 1.0,
        "id": 3408,
        "ego_matrix": [
            [
                0.008505078963935375,
                0.9999638199806213,
                -4.297402938391315e-06,
                -41.70773696899414
            ],
            [
                -0.9999638199806213,
                0.008505078963935375,
                4.255138264852576e-06,
                -39.84919738769531
            ],
            [
                4.291533969080774e-06,
                4.261057256371714e-06,
                1.0,
                0.03578903153538704
            ],
            [
                0.0,
                0.0,
                0.0,
                1.0
            ]
        ]
    },
    {
        "class": "Car",
        "extent": [
            1.3787471055984497,
            2.2072951793670654,
            1.4809197187423706
        ],
        "position": [
            23.51531676603869,
            -20.686214653744848,
            -2.5311901589191432
        ],
        "yaw": -1.4684158341201135,
        "num_points": 5,
        "distance": 31.4212750048205,
        "speed": 9.76616175829176e-10,
        "brake": 1.0,
        "id": 3412,
        "ego_matrix": [
            [
                0.009475245140492916,
                0.9999551177024841,
                -5.4535896197194234e-05,
                -45.2049560546875
            ],
            [
                -0.999938428401947,
                0.009475401602685452,
                0.005782195366919041,
                -39.77890396118164
            ],
            [
                0.0057824524119496346,
                -2.551823570229317e-07,
                0.9999833106994629,
                0.0021977615542709827
            ],
            [
                0.0,
                0.0,
                0.0,
                1.0
            ]
        ]
    },
    {
        "class": "Car",
        "extent": [
            1.385296106338501,
            4.181210041046143,
            1.9941171407699585
        ],
        "position": [
            17.494778054772627,
            -45.7804741065393,
            -2.5450517285859267
        ],
        "yaw": 1.6640104853137356,
        "num_points": 1,
        "distance": 49.07541499474505,
        "speed": 8.229301830257566e-09,
        "brake": 1.0,
        "id": 3417,
        "ego_matrix": [
            [
                -0.0003091534017585218,
                -0.9999999403953552,
                1.064269326889189e-06,
                -48.87150192260742
            ],
            [
                0.9999999403953552,
                -0.0003091534017585218,
                3.2189796002057847e-06,
                -14.234331130981445
            ],
            [
                -3.2186505904974183e-06,
                1.065264541466604e-06,
                1.0,
                -0.011661224067211151
            ],
            [
                0.0,
                0.0,
                0.0,
                1.0
            ]
        ]
    },
    {
        "class": "Car",
        "extent": [
            1.6355280876159668,
            5.0267767906188965,
            2.1515462398529053
        ],
        "position": [
            46.27629850348881,
            5.751392890692223,
            -2.404514277162602
        ],
        "yaw": -3.0338397660479934,
        "num_points": 1,
        "distance": 46.694282436677234,
        "speed": 4.7552350387712385,
        "brake": 0.0,
        "id": 3418,
        "ego_matrix": [
            [
                -0.9998645186424255,
                0.014849022030830383,
                0.0071024661883711815,
                -24.99478530883789
            ],
            [
                -0.0148469852283597,
                -0.9998897910118103,
                0.00033931576763279736,
                -68.21406555175781
            ],
            [
                0.007106720935553312,
                0.00023381959181278944,
                0.9999747276306152,
                0.12885330617427826
            ],
            [
                0.0,
                0.0,
                0.0,
                1.0
            ]
        ]
    },
    {
        "class": "Car",
        "extent": [
            1.8548461198806763,
            4.6045098304748535,
            1.9315931797027588
        ],
        "position": [
            44.6793732990615,
            2.363691964138896,
            -2.5240813211658115
        ],
        "yaw": -3.0270255357668074,
        "num_points": 2,
        "distance": 44.812993926026444,
        "speed": 3.4923961755278645,
        "brake": 0.0,
        "id": 3424,
        "ego_matrix": [
            [
                -0.9997426867485046,
                0.02166025899350643,
                0.006736584007740021,
                -26.27054214477539
            ],
            [
                -0.021659962832927704,
                -0.9997653961181641,
                0.00011704598000505939,
                -64.69282531738281
            ],
            [
                0.006737538613379002,
                -2.8898290111101232e-05,
                0.9999772906303406,
                0.009287452325224876
            ],
            [
                0.0,
                0.0,
                0.0,
                1.0
            ]
        ]
    },
    {
        "class": "Car",
        "extent": [
            1.4750303030014038,
            3.805800199508667,
            1.97027587890625
        ],
        "position": [
            -24.48452731541147,
            -4.109729436485367,
            -2.491350456239926
        ],
        "yaw": -0.7324189094694715,
        "num_points": 4,
        "distance": 24.951729018167292,
        "speed": 4.930525378687737,
        "brake": 0.0,
        "id": 3429,
        "ego_matrix": [
            [
                0.6783190369606018,
                0.734767496585846,
                -0.00012831483036279678,
                -94.5356216430664
            ],
            [
                -0.734767496585846,
                0.6783190369606018,
                -0.00010207074228674173,
                -51.83089065551758
            ],
            [
                1.2040137335134204e-05,
                0.00016351809608750045,
                1.0,
                0.04209152236580849
            ],
            [
                0.0,
                0.0,
                0.0,
                1.0
            ]
        ]
    },
    {
        "class": "Car",
        "extent": [
            1.5248334407806396,
            4.513522624969482,
            2.006814479827881
        ],
        "position": [
            18.09815450278344,
            -39.880408526339124,
            -2.4975999821624
        ],
        "yaw": 1.6713933004876533,
        "num_points": 5,
        "distance": 43.86602542179107,
        "speed": 3.9176272330422954e-08,
        "brake": 1.0,
        "id": 3431,
        "ego_matrix": [
            [
                -0.007691947277635336,
                -0.9999704360961914,
                3.836515588773182e-06,
                -48.818084716796875
            ],
            [
                0.9999704360961914,
                -0.007691947277635336,
                -1.4037599612493068e-05,
                -20.164928436279297
            ],
            [
                1.4066694348002784e-05,
                3.728425554072601e-06,
                1.0,
                0.035790786147117615
            ],
            [
                0.0,
                0.0,
                0.0,
                1.0
            ]
        ]
    },
    {
        "class": "Car",
        "extent": [
            1.0795789957046509,
            1.4872888326644897,
            0.8592574596405029
        ],
        "position": [
            22.63554731512039,
            -29.176810207884973,
            -2.5310263319271287
        ],
        "yaw": -1.4704377060197018,
        "num_points": 2,
        "distance": 37.01432628665424,
        "speed": 2.2399668133930035,
        "brake": 0.0,
        "id": 3433,
        "ego_matrix": [
            [
                0.00745356734842062,
                0.9999722242355347,
                -4.4534492189995944e-05,
                -45.29324722290039
            ],
            [
                -0.9999722242355347,
                0.007453559432178736,
                -0.00017080595716834068,
                -31.24330711364746
            ],
            [
                -0.00017046926950570196,
                4.5806369598722085e-05,
                1.0,
                0.0023612212389707565
            ],
            [
                0.0,
                0.0,
                0.0,
                1.0
            ]
        ]
    },
    {
        "class": "Car",
        "extent": [
            1.488319993019104,
            4.791779518127441,
            2.163450002670288
        ],
        "position": [
            -32.19703587018185,
            -1.6722077666830453,
            -2.5321166300892233
        ],
        "yaw": 2.3707806817393573,
        "num_points": 12,
        "distance": 32.33971261883918,
        "speed": 4.844453207794435,
        "brake": 0.0,
        "id": 3434,
        "ego_matrix": [
            [
                -0.6496160626411438,
                -0.7602623105049133,
                -0.0003662027302198112,
                -102.44100189208984
            ],
            [
                0.7602624297142029,
                -0.649616003036499,
                -0.00032764585921540856,
                -53.54240036010742
            ],
            [
                1.1205672308278736e-05,
                -0.0004912542062811553,
                0.9999998807907104,
                0.0013339995639398694
            ],
            [
                0.0,
                0.0,
                0.0,
                1.0
            ]
        ]
    },
    {
        "class": "Car",
        "extent": [
            1.1454535722732544,
            2.0333523750305176,
            0.8025798797607422
        ],
        "position": [
            -31.243733069236963,
            -5.740682567306502,
            -2.5321363791774014
        ],
        "yaw": 2.3044739627088373,
        "num_points": 0,
        "distance": 31.867507073554744,
        "speed": 4.691795927208032,
        "brake": 0.0,
        "id": 3436,
        "ego_matrix": [
            [
                -0.5978150963783264,
                -0.8016031384468079,
                0.007037448696792126,
                -101.11437225341797
            ],
            [
                0.8016340136528015,
                -0.5977899432182312,
                0.005489341448992491,
                -49.57991027832031
            ],
            [
                -0.00019335745309945196,
                0.008923069573938847,
                0.99996018409729,
                0.0013125994009897113
            ],
            [
                0.0,
                0.0,
                0.0,
                1.0
            ]
        ]
    },
    {
        "class": "Car",
        "extent": [
            1.2511454820632935,
            2.2094459533691406,
            0.8670341968536377
        ],
        "position": [
            21.744718273985058,
            -38.112798592234164,
            -2.568480700933472
        ],
        "yaw": -1.4753167502947815,
        "num_points": 5,
        "distance": 43.95469579531013,
        "speed": 3.4926314369603633,
        "brake": 0.0,
        "id": 3439,
        "ego_matrix": [
            [
                0.0025746177416294813,
                0.9999966621398926,
                0.00010555994231253862,
                -45.35123062133789
            ],
            [
                -0.9999896883964539,
                0.0025749942287802696,
                -0.003737180959433317,
                -22.263212203979492
            ],
            [
                -0.0037374405656009912,
                -9.593704453436658e-05,
                0.9999930262565613,
                -0.03509357199072838
            ],
            [
                0.0,
                0.0,
                0.0,
                1.0
            ]
        ]
    },
    {
        "class": "Car",
        "extent": [
            1.50146484375,
            3.633375883102417,
            1.845113754272461
        ],
        "position": [
            26.39360634361291,
            -26.87938667673748,
            -2.5523555482782614
        ],
        "yaw": -1.4651554591555842,
        "num_points": 9,
        "distance": 37.75762708094886,
        "speed": 1.9666497965464247,
        "brake": 1.0,
        "id": 3445,
        "ego_matrix": [
            [
                0.012735567055642605,
                0.9999188780784607,
                -2.9130060283932835e-06,
                -41.764530181884766
            ],
            [
                -0.9999182820320129,
                0.01273555587977171,
                -0.0011096077505499125,
                -33.87946319580078
            ],
            [
                -0.0011094806250184774,
                1.70442508533597e-05,
                0.9999994039535522,
                -0.018971672281622887
            ],
            [
                0.0,
                0.0,
                0.0,
                1.0
            ]
        ]
    },
    {
        "class": "Car",
        "extent": [
            1.6171096563339233,
            3.987684965133667,
            1.8508483171463013
        ],
        "position": [
            -32.49850802647784,
            -13.336705847509293,
            -2.495259990187574
        ],
        "yaw": -1.029303314101543,
        "num_points": 4,
        "distance": 35.21714169589384,
        "speed": 4.9424142869188055,
        "brake": 0.0,
        "id": 3451,
        "ego_matrix": [
            [
                0.4336937367916107,
                0.9010602235794067,
                -0.0004812524712178856,
                -101.65904235839844
            ],
            [
                -0.9010603427886963,
                0.43369367718696594,
                -0.0002565061440691352,
                -41.900238037109375
            ],
            [
                -2.241134461655747e-05,
                0.0005448826123028994,
                0.9999998807907104,
                0.03818916156888008
            ],
            [
                0.0,
                0.0,
                0.0,
                1.0
            ]
        ]
    }
]