[
    {
        "class": "Car",
        "extent": [
            1.5107464790344238,
            4.901683330535889,
            2.128324270248413
        ],
        "position": [
            -1.3,
            0.0,
            -2.5
        ],
        "yaw": 0,
        "num_points": -1,
        "distance": -1,
        "speed": 0.0,
        "brake": 1.0,
        "id": 3360,
        "ego_matrix": [
            [
                0.9956874251365662,
                0.09277137368917465,
                1.082583139577764e-06,
                -71.83234405517578
            ],
            [
                -0.09277137368917465,
                0.9956874251365662,
                5.4230518742315326e-08,
                -58.07375717163086
            ],
            [
                -1.0728834922701935e-06,
                -1.544293866118096e-07,
                1.0,
                0.03341773897409439
            ],
            [
                0.0,
                0.0,
                0.0,
                1.0
            ]
        ]
    },
    {
        "class": "Car",
        "extent": [
            1.4750303030014038,
            3.805800199508667,
            1.97027587890625
        ],
        "position": [
            -18.00344777042323,
            -3.838292707467604,
            -2.491343470209238
        ],
        "yaw": -0.5686957551346703,
        "num_points": 20,
        "distance": 18.57588261206208,
        "speed": 4.930927317697575,
        "brake": 0.0,
        "id": 3370,
        "ego_matrix": [
            [
                0.7890098094940186,
                0.6143805980682373,
                -0.0001257557887583971,
                -88.10767364501953
            ],
            [
                -0.6143805980682373,
                0.7890098094940186,
                -0.00014442537212744355,
                -52.702415466308594
            ],
            [
                1.0490416570974048e-05,
                0.00019121494551654905,
                1.0,
                0.042091596871614456
            ],
            [
                0.0,
                0.0,
                0.0,
                1.0
            ]
        ]
    },
    {
        "class": "Car",
        "extent": [
            1.2511454820632935,
            2.2094459533691406,
            0.8670341968536377
        ],
        "position": [
            13.954542535384455,
            -46.1148251609856,
            -2.5685622097324634
        ],
        "yaw": 1.6649477848593892,
        "num_points": 0,
        "distance": 48.248356125627645,
        "speed": -6.714197848094602e-09,
        "brake": 1.0,
        "id": 3395,
        "ego_matrix": [
            [
                -0.0012464957544580102,
                -0.9999992251396179,
                -1.3307715562405065e-05,
                -52.36545181274414
            ],
            [
                0.9999992251396179,
                -0.0012464956380426884,
                -1.0864640898944344e-05,
                -13.572989463806152
            ],
            [
                1.0848044439626392e-05,
                -1.3321247934072744e-05,
                1.0,
                -0.035167958587408066
            ],
            [
                0.0,
                0.0,
                0.0,
                1.0
            ]
        ]
    },
    {
        "class": "Car",
        "extent": [
            1.5248334407806396,
            4.513522624969482,
            2.006814479827881
        ],
        "position": [
            27.003975014310644,
            -20.94066618637972,
            -2.4975951067196585
        ],
        "yaw": -1.469386156863284,
        "num_points": 5,
        "distance": 34.26316021939614,
        "speed": -1.8396941864636198e-09,
        "brake": 1.0,
        "id": 3408,
        "ego_matrix": [
            [
                0.008505078963935375,
                0.9999638199806213,
                -4.297402938391315e-06,
                -41.70773696899414
            ],
            [
                -0.9999638199806213,
                0.008505078963935375,
                4.255138264852576e-06,
                -39.84919738769531
            ],
            [
                4.291533969080774e-06,
                4.261057256371714e-06,
                1.0,
                0.03578903153538704
            ],
            [
                0.0,
                0.0,
                0.0,
                1.0
            ]
        ]
    },
    {
        "class": "Car",
        "extent": [
            1.3787471055984497,
            2.2072951793670654,
            1.4809197187423706
        ],
        "position": [
            23.51531676603869,
            -20.686214653744848,
            -2.5311901589191432
        ],
        "yaw": -1.4684158341201135,
        "num_points": 6,
        "distance": 31.4212750048205,
        "speed": 6.790173229386792e-10,
        "brake": 1.0,
        "id": 3412,
        "ego_matrix": [
            [
                0.009475245140492916,
                0.9999551177024841,
                -5.4535896197194234e-05,
                -45.2049560546875
            ],
            [
                -0.999938428401947,
                0.009475401602685452,
                0.005782195366919041,
                -39.77890396118164
            ],
            [
                0.0057824524119496346,
                -2.551823570229317e-07,
                0.9999833106994629,
                0.0021977615542709827
            ],
            [
                0.0,
                0.0,
                0.0,
                1.0
            ]
        ]
    },
    {
        "class": "Car",
        "extent": [
            1.385296106338501,
            4.181210041046143,
            1.9941171407699585
        ],
        "position": [
            17.494778054772627,
            -45.7804741065393,
            -2.5450517285859267
        ],
        "yaw": 1.6640104853137356,
        "num_points": 1,
        "distance": 49.07541499474505,
        "speed": 1.9008348924891986e-08,
        "brake": 1.0,
        "id": 3417,
        "ego_matrix": [
            [
                -0.0003091534017585218,
                -0.9999999403953552,
                1.064269326889189e-06,
                -48.87150192260742
            ],
            [
                0.9999999403953552,
                -0.0003091534017585218,
                3.2189796002057847e-06,
                -14.234331130981445
            ],
            [
                -3.2186505904974183e-06,
                1.065264541466604e-06,
                1.0,
                -0.011661224067211151
            ],
            [
                0.0,
                0.0,
                0.0,
                1.0
            ]
        ]
    },
    {
        "class": "Car",
        "extent": [
            1.6355280876159668,
            5.0267767906188965,
            2.1515462398529053
        ],
        "position": [
            43.911812743202184,
            6.007291601851409,
            -2.4045169727077016
        ],
        "yaw": -3.033794492309462,
        "num_points": 6,
        "distance": 44.38599500580974,
        "speed": 4.757618079922137,
        "brake": 0.0,
        "id": 3418,
        "ego_matrix": [
            [
                -0.9998638033866882,
                0.014894313178956509,
                0.007102458272129297,
                -27.372814178466797
            ],
            [
                -0.014892279170453548,
                -0.999889075756073,
                0.0003391049394849688,
                -68.24950408935547
            ],
            [
                0.007106720935553312,
                0.00023328697716351599,
                0.9999747276306152,
                0.1288531869649887
            ],
            [
                0.0,
                0.0,
                0.0,
                1.0
            ]
        ]
    },
    {
        "class": "Car",
        "extent": [
            1.8548461198806763,
            4.6045098304748535,
            1.9315931797027588
        ],
        "position": [
            42.72351283776299,
            2.5889656435853405,
            -2.5235028958115766
        ],
        "yaw": -3.0269491030435223,
        "num_points": 8,
        "distance": 42.87620971083304,
        "speed": 4.272527151786067,
        "brake": 0.0,
        "id": 3424,
        "ego_matrix": [
            [
                -0.9997547268867493,
                0.02173696644604206,
                0.0042409393936395645,
                -28.238866806030273
            ],
            [
                -0.02173677273094654,
                -0.9997637271881104,
                9.168623364530504e-05,
                -64.73567962646484
            ],
            [
                0.004241930320858955,
                -5.205874913372099e-07,
                0.9999909996986389,
                0.009868010878562927
            ],
            [
                0.0,
                0.0,
                0.0,
                1.0
            ]
        ]
    },
    {
        "class": "Car",
        "extent": [
            1.4750303030014038,
            3.805800199508667,
            1.97027587890625
        ],
        "position": [
            -22.539604644016975,
            -2.5924648272279973,
            -2.4913486821059894
        ],
        "yaw": -0.6620049302477766,
        "num_points": 7,
        "distance": 22.824580382667214,
        "speed": 4.932545265749379,
        "brake": 0.0,
        "id": 3429,
        "ego_matrix": [
            [
                0.7283332943916321,
                0.6852230429649353,
                -0.00011989432096015662,
                -92.7398452758789
            ],
            [
                -0.6852230429649353,
                0.7283332943916321,
                -0.00010951831063721329,
                -53.52204513549805
            ],
            [
                1.2278555914235767e-05,
                0.00016192017938010395,
                1.0,
                0.04209144413471222
            ],
            [
                0.0,
                0.0,
                0.0,
                1.0
            ]
        ]
    },
    {
        "class": "Car",
        "extent": [
            1.5248334407806396,
            4.513522624969482,
            2.006814479827881
        ],
        "position": [
            18.09815450278344,
            -39.880408526339124,
            -2.4975999821624
        ],
        "yaw": 1.6713933004876533,
        "num_points": 9,
        "distance": 43.86602542179107,
        "speed": 3.119696948207593e-09,
        "brake": 1.0,
        "id": 3431,
        "ego_matrix": [
            [
                -0.007691947277635336,
                -0.9999704360961914,
                3.836515588773182e-06,
                -48.818084716796875
            ],
            [
                0.9999704360961914,
                -0.007691947277635336,
                -1.4037599612493068e-05,
                -20.164928436279297
            ],
            [
                1.4066694348002784e-05,
                3.728425554072601e-06,
                1.0,
                0.035790786147117615
            ],
            [
                0.0,
                0.0,
                0.0,
                1.0
            ]
        ]
    },
    {
        "class": "Car",
        "extent": [
            1.0795789957046509,
            1.4872888326644897,
            0.8592574596405029
        ],
        "position": [
            22.731777539057635,
            -28.22381259672849,
            -2.5302554635812866
        ],
        "yaw": -1.4749384482619357,
        "num_points": 3,
        "distance": 36.327943793881836,
        "speed": 1.4207092367693168,
        "brake": 0.0,
        "id": 3433,
        "ego_matrix": [
            [
                0.002952596405521035,
                0.9999954104423523,
                -0.0007081598741933703,
                -45.28584289550781
            ],
            [
                -0.9998977780342102,
                0.0029622132424265146,
                0.01398695819079876,
                -32.20112228393555
            ],
            [
                0.013988991267979145,
                0.0006667896523140371,
                0.9999018907546997,
                0.003132133511826396
            ],
            [
                0.0,
                0.0,
                0.0,
                1.0
            ]
        ]
    },
    {
        "class": "Car",
        "extent": [
            1.488319993019104,
            4.791779518127441,
            2.163450002670288
        ],
        "position": [
            -33.84414312852889,
            -3.449764323882489,
            -2.532118198988355
        ],
        "yaw": 2.318932397424932,
        "num_points": 0,
        "distance": 34.11361195429663,
        "speed": 4.846867995138099,
        "brake": 0.0,
        "id": 3434,
        "ego_matrix": [
            [
                -0.6093425750732422,
                -0.7929069995880127,
                -0.0003707555588334799,
                -103.91609954833984
            ],
            [
                0.7929071187973022,
                -0.6093425154685974,
                -0.0002996563562192023,
                -51.61970520019531
            ],
            [
                1.1682510375976562e-05,
                -0.00047656806418672204,
                0.9999998807907104,
                0.0013339233119040728
            ],
            [
                0.0,
                0.0,
                0.0,
                1.0
            ]
        ]
    },
    {
        "class": "Car",
        "extent": [
            1.1454535722732544,
            2.0333523750305176,
            0.8025798797607422
        ],
        "position": [
            -32.74605573163912,
            -7.543291787922677,
            -2.5321375218139277
        ],
        "yaw": 2.253289737612223,
        "num_points": 0,
        "distance": 33.6989189352824,
        "speed": 4.6943662239321,
        "brake": 0.0,
        "id": 3436,
        "ego_matrix": [
            [
                -0.5560188889503479,
                -0.8311401605606079,
                0.007005833555012941,
                -102.44298553466797
            ],
            [
                0.8311696648597717,
                -0.5559971928596497,
                0.004919243976473808,
                -47.64570236206055
            ],
            [
                -0.00019335745309945196,
                0.008558228611946106,
                0.9999634027481079,
                0.0013127902057021856
            ],
            [
                0.0,
                0.0,
                0.0,
                1.0
            ]
        ]
    },
    {
        "class": "Car",
        "extent": [
            1.2511454820632935,
            2.2094459533691406,
            0.8670341968536377
        ],
        "position": [
            21.835413446513407,
            -37.17973248171377,
            -2.568538199147925
        ],
        "yaw": -1.4741425625701656,
        "num_points": 3,
        "distance": 43.19392522418474,
        "speed": 1.6356283571908896,
        "brake": 0.3270300626754761,
        "id": 3439,
        "ego_matrix": [
            [
                0.0037488399539142847,
                0.9999929666519165,
                8.358003105968237e-05,
                -45.34748840332031
            ],
            [
                -0.9999926090240479,
                0.003748907707631588,
                -0.0008236668654717505,
                -23.200668334960938
            ],
            [
                -0.0008239744347520173,
                -8.049161988310516e-05,
                0.9999996423721313,
                -0.03515102341771126
            ],
            [
                0.0,
                0.0,
                0.0,
                1.0
            ]
        ]
    },
    {
        "class": "Car",
        "extent": [
            1.50146484375,
            3.633375883102417,
            1.845113754272461
        ],
        "position": [
            26.408380825945933,
            -26.744007878883036,
            -2.552373673145439
        ],
        "yaw": -1.4658540063095118,
        "num_points": 6,
        "distance": 37.671728745059106,
        "speed": -0.0010154635677994718,
        "brake": 1.0,
        "id": 3445,
        "ego_matrix": [
            [
                0.012037054635584354,
                0.9999275803565979,
                3.2301513783750124e-06,
                -41.76237869262695
            ],
            [
                -0.9999269843101501,
                0.01203705184161663,
                -0.0010648153256624937,
                -34.015628814697266
            ],
            [
                -0.0010647770250216126,
                9.587324711901601e-06,
                0.9999994039535522,
                -0.018989792093634605
            ],
            [
                0.0,
                0.0,
                0.0,
                1.0
            ]
        ]
    },
    {
        "class": "Car",
        "extent": [
            1.6171096563339233,
            3.987684965133667,
            1.8508483171463013
        ],
        "position": [
            -31.10536903440047,
            -11.29331869727582,
            -2.495172943129489
        ],
        "yaw": -0.973099230087211,
        "num_points": 5,
        "distance": 33.18597471795284,
        "speed": 4.9471758308642455,
        "brake": 0.0,
        "id": 3451,
        "ego_matrix": [
            [
                0.48362553119659424,
                0.8752747774124146,
                -0.0006036837003193796,
                -100.46147918701172
            ],
            [
                -0.8752750158309937,
                0.4836254119873047,
                -0.00032375400769524276,
                -44.064056396484375
            ],
            [
                8.583067938161548e-06,
                0.0006849649944342673,
                0.9999997615814209,
                0.03827502951025963
            ],
            [
                0.0,
                0.0,
                0.0,
                1.0
            ]
        ]
    }
]