[
    {
        "class": "Car",
        "extent": [
            1.5107464790344238,
            4.901683330535889,
            2.128324270248413
        ],
        "position": [
            -1.3,
            0.0,
            -2.5
        ],
        "yaw": 0,
        "num_points": -1,
        "distance": -1,
        "speed": -1.4255768294778181e-09,
        "brake": 1.0,
        "id": 3360,
        "ego_matrix": [
            [
                0.9956874251365662,
                0.09277137368917465,
                1.082583139577764e-06,
                -71.83234405517578
            ],
            [
                -0.09277137368917465,
                0.9956874251365662,
                5.4230518742315326e-08,
                -58.07375717163086
            ],
            [
                -1.0728834922701935e-06,
                -1.544293866118096e-07,
                1.0,
                0.03341773897409439
            ],
            [
                0.0,
                0.0,
                0.0,
                1.0
            ]
        ]
    },
    {
        "class": "Car",
        "extent": [
            1.4750303030014038,
            3.805800199508667,
            1.97027587890625
        ],
        "position": [
            -15.823443377865948,
            -2.683063256671698,
            -2.491341272467162
        ],
        "yaw": -0.48671533440362486,
        "num_points": 24,
        "distance": 16.24151994450426,
        "speed": 4.932785765030397,
        "brake": 0.0,
        "id": 3370,
        "ego_matrix": [
            [
                0.8366706967353821,
                0.5477063059806824,
                -0.00011535676458152011,
                -86.04424285888672
            ],
            [
                -0.5477063059806824,
                0.8366706967353821,
                -0.00015684682875871658,
                -54.05490493774414
            ],
            [
                1.0609626770019531e-05,
                0.00019441076437942684,
                1.0,
                0.04209163412451744
            ],
            [
                0.0,
                0.0,
                0.0,
                1.0
            ]
        ]
    },
    {
        "class": "Car",
        "extent": [
            1.2511454820632935,
            2.2094459533691406,
            0.8670341968536377
        ],
        "position": [
            13.954542535384455,
            -46.1148251609856,
            -2.5685622097324634
        ],
        "yaw": 1.6649477848593892,
        "num_points": 0,
        "distance": 48.248356125627645,
        "speed": -1.4468688150891937e-08,
        "brake": 1.0,
        "id": 3395,
        "ego_matrix": [
            [
                -0.0012464957544580102,
                -0.9999992251396179,
                -1.3307715562405065e-05,
                -52.36545181274414
            ],
            [
                0.9999992251396179,
                -0.0012464956380426884,
                -1.0864640898944344e-05,
                -13.572989463806152
            ],
            [
                1.0848044439626392e-05,
                -1.3321247934072744e-05,
                1.0,
                -0.035167958587408066
            ],
            [
                0.0,
                0.0,
                0.0,
                1.0
            ]
        ]
    },
    {
        "class": "Car",
        "extent": [
            1.5248334407806396,
            4.513522624969482,
            2.006814479827881
        ],
        "position": [
            27.003975014310644,
            -20.94066618637972,
            -2.4975951067196585
        ],
        "yaw": -1.469386156863284,
        "num_points": 4,
        "distance": 34.26316021939614,
        "speed": 9.140614064806695e-10,
        "brake": 1.0,
        "id": 3408,
        "ego_matrix": [
            [
                0.008505078963935375,
                0.9999638199806213,
                -4.297402938391315e-06,
                -41.70773696899414
            ],
            [
                -0.9999638199806213,
                0.008505078963935375,
                4.255138264852576e-06,
                -39.84919738769531
            ],
            [
                4.291533969080774e-06,
                4.261057256371714e-06,
                1.0,
                0.03578903153538704
            ],
            [
                0.0,
                0.0,
                0.0,
                1.0
            ]
        ]
    },
    {
        "class": "Car",
        "extent": [
            1.3787471055984497,
            2.2072951793670654,
            1.4809197187423706
        ],
        "position": [
            23.51531676603869,
            -20.686214653744848,
            -2.5311901589191432
        ],
        "yaw": -1.4684158341201135,
        "num_points": 9,
        "distance": 31.4212750048205,
        "speed": 1.805798487769853e-10,
        "brake": 1.0,
        "id": 3412,
        "ego_matrix": [
            [
                0.009475245140492916,
                0.9999551177024841,
                -5.4535896197194234e-05,
                -45.2049560546875
            ],
            [
                -0.999938428401947,
                0.009475401602685452,
                0.005782195366919041,
                -39.77890396118164
            ],
            [
                0.0057824524119496346,
                -2.551823570229317e-07,
                0.9999833106994629,
                0.0021977615542709827
            ],
            [
                0.0,
                0.0,
                0.0,
                1.0
            ]
        ]
    },
    {
        "class": "Car",
        "extent": [
            1.385296106338501,
            4.181210041046143,
            1.9941171407699585
        ],
        "position": [
            17.494778054772627,
            -45.7804741065393,
            -2.5450517285859267
        ],
        "yaw": 1.6640104853137356,
        "num_points": 1,
        "distance": 49.07541499474505,
        "speed": -6.7941101863631905e-09,
        "brake": 1.0,
        "id": 3417,
        "ego_matrix": [
            [
                -0.0003091534017585218,
                -0.9999999403953552,
                1.064269326889189e-06,
                -48.87150192260742
            ],
            [
                0.9999999403953552,
                -0.0003091534017585218,
                3.2189796002057847e-06,
                -14.234331130981445
            ],
            [
                -3.2186505904974183e-06,
                1.065264541466604e-06,
                1.0,
                -0.011661224067211151
            ],
            [
                0.0,
                0.0,
                0.0,
                1.0
            ]
        ]
    },
    {
        "class": "Car",
        "extent": [
            1.6355280876159668,
            5.0267767906188965,
            2.1515462398529053
        ],
        "position": [
            41.54614003100978,
            6.263300905106095,
            -2.4045195503340513
        ],
        "yaw": -3.033775317549613,
        "num_points": 2,
        "distance": 42.08434868180942,
        "speed": 4.759998329095917,
        "brake": 0.0,
        "id": 3418,
        "ego_matrix": [
            [
                -0.9998635649681091,
                0.014913384802639484,
                0.007102451752871275,
                -29.75203514099121
            ],
            [
                -0.01491134986281395,
                -0.9998888373374939,
                0.00033924050512723625,
                -68.28494262695312
            ],
            [
                0.007106720935553312,
                0.00023328704992309213,
                0.9999747276306152,
                0.1288531869649887
            ],
            [
                0.0,
                0.0,
                0.0,
                1.0
            ]
        ]
    },
    {
        "class": "Car",
        "extent": [
            1.8548461198806763,
            4.6045098304748535,
            1.9315931797027588
        ],
        "position": [
            40.50778726031942,
            2.8439151040283295,
            -2.5229514176104355
        ],
        "yaw": -3.027067081079813,
        "num_points": 2,
        "distance": 40.68579562576894,
        "speed": 4.593254980703773,
        "brake": 0.0,
        "id": 3424,
        "ego_matrix": [
            [
                -0.999764621257782,
                0.021618882194161415,
                0.0018226047977805138,
                -30.46868896484375
            ],
            [
                -0.02161894366145134,
                -0.9997662901878357,
                -1.4085384464124218e-05,
                -64.78397369384766
            ],
            [
                0.0018218744080513716,
                -5.348485865397379e-05,
                0.9999983310699463,
                0.010421905666589737
            ],
            [
                0.0,
                0.0,
                0.0,
                1.0
            ]
        ]
    },
    {
        "class": "Car",
        "extent": [
            1.4750303030014038,
            3.805800199508667,
            1.97027587890625
        ],
        "position": [
            -20.489386969160574,
            -1.2191418874210396,
            -2.491346579058874
        ],
        "yaw": -0.5896889879545741,
        "num_points": 9,
        "distance": 20.676268838711206,
        "speed": 4.934351957710317,
        "brake": 0.0,
        "id": 3429,
        "ego_matrix": [
            [
                0.7759390473365784,
                0.6308078765869141,
                -0.00011368386185495183,
                -90.82587432861328
            ],
            [
                -0.6308078765869141,
                0.7759390473365784,
                -0.00012037451233481988,
                -55.079647064208984
            ],
            [
                1.2278555914235767e-05,
                0.00016511596913915128,
                1.0,
                0.04209155961871147
            ],
            [
                0.0,
                0.0,
                0.0,
                1.0
            ]
        ]
    },
    {
        "class": "Car",
        "extent": [
            1.5248334407806396,
            4.513522624969482,
            2.006814479827881
        ],
        "position": [
            18.09815450278344,
            -39.880408526339124,
            -2.4975999821624
        ],
        "yaw": 1.6713933004876533,
        "num_points": 6,
        "distance": 43.86602542179107,
        "speed": -3.2614026209733e-09,
        "brake": 1.0,
        "id": 3431,
        "ego_matrix": [
            [
                -0.007691947277635336,
                -0.9999704360961914,
                3.836515588773182e-06,
                -48.818084716796875
            ],
            [
                0.9999704360961914,
                -0.007691947277635336,
                -1.4037599612493068e-05,
                -20.164928436279297
            ],
            [
                1.4066694348002784e-05,
                3.728425554072601e-06,
                1.0,
                0.035790786147117615
            ],
            [
                0.0,
                0.0,
                0.0,
                1.0
            ]
        ]
    },
    {
        "class": "Car",
        "extent": [
            1.0795789957046509,
            1.4872888326644897,
            0.8592574596405029
        ],
        "position": [
            22.802460450105894,
            -27.51416717031663,
            -2.5305570111577502
        ],
        "yaw": -1.4715381241821226,
        "num_points": 1,
        "distance": 35.82436763491426,
        "speed": 1.2021735001136011,
        "brake": 0.0,
        "id": 3433,
        "ego_matrix": [
            [
                0.006352957803755999,
                0.9999788999557495,
                0.0013082153163850307,
                -45.28129959106445
            ],
            [
                -0.9999459981918335,
                0.00634198309853673,
                0.008228692226111889,
                -32.91426467895508
            ],
            [
                0.008220221847295761,
                -0.0013604213017970324,
                0.999965250492096,
                0.002830619690939784
            ],
            [
                0.0,
                0.0,
                0.0,
                1.0
            ]
        ]
    },
    {
        "class": "Car",
        "extent": [
            1.488319993019104,
            4.791779518127441,
            2.163450002670288
        ],
        "position": [
            -35.40137290661108,
            -5.308028478618025,
            -2.5321195827437704
        ],
        "yaw": 2.268990270660731,
        "num_points": 5,
        "distance": 35.88654343321563,
        "speed": 4.849040033420622,
        "brake": 0.0,
        "id": 3434,
        "ego_matrix": [
            [
                -0.568999707698822,
                -0.8223376274108887,
                -0.00037890946259722114,
                -105.29421997070312
            ],
            [
                0.8223377466201782,
                -0.5689996480941772,
                -0.00027681997744366527,
                -49.6249885559082
            ],
            [
                1.2040137335134204e-05,
                -0.0004691020294558257,
                0.9999998807907104,
                0.0013339233119040728
            ],
            [
                0.0,
                0.0,
                0.0,
                1.0
            ]
        ]
    },
    {
        "class": "Car",
        "extent": [
            1.1454535722732544,
            2.0333523750305176,
            0.8025798797607422
        ],
        "position": [
            -34.1569228352547,
            -9.419951394681153,
            -2.532138631262199
        ],
        "yaw": 2.2033713129817234,
        "num_points": 0,
        "distance": 35.52242373346207,
        "speed": 4.696881076258223,
        "brake": 0.0,
        "id": 3436,
        "ego_matrix": [
            [
                -0.5138528347015381,
                -0.8578484058380127,
                0.007161692250519991,
                -103.67366790771484
            ],
            [
                0.8578783273696899,
                -0.5138329863548279,
                0.0045150998048484325,
                -45.64624786376953
            ],
            [
                -0.00019335745309945196,
                0.008463957346975803,
                0.99996417760849,
                0.0013129046419635415
            ],
            [
                0.0,
                0.0,
                0.0,
                1.0
            ]
        ]
    },
    {
        "class": "Car",
        "extent": [
            1.2511454820632935,
            2.2094459533691406,
            0.8670341968536377
        ],
        "position": [
            21.90599028021805,
            -36.46526324429599,
            -2.568507086610063
        ],
        "yaw": -1.4729490669276466,
        "num_points": 0,
        "distance": 42.616722800876865,
        "speed": 2.1592093572030495,
        "brake": 1.0,
        "id": 3439,
        "ego_matrix": [
            [
                0.004942219238728285,
                0.999987781047821,
                0.00012306944699957967,
                -45.34349822998047
            ],
            [
                -0.9999847412109375,
                0.004942507948726416,
                -0.0024707468692213297,
                -23.918603897094727
            ],
            [
                -0.0024713249877095222,
                -0.00011085659934906289,
                0.9999969601631165,
                -0.03511987626552582
            ],
            [
                0.0,
                0.0,
                0.0,
                1.0
            ]
        ]
    },
    {
        "class": "Car",
        "extent": [
            1.50146484375,
            3.633375883102417,
            1.845113754272461
        ],
        "position": [
            26.408424166242455,
            -26.74362496387974,
            -2.5527829130611663
        ],
        "yaw": -1.4658538731514574,
        "num_points": 8,
        "distance": 37.67151501803514,
        "speed": -4.961107851587283e-06,
        "brake": 1.0,
        "id": 3445,
        "ego_matrix": [
            [
                0.012037181295454502,
                0.9999275207519531,
                -9.47045464272378e-06,
                -41.76237106323242
            ],
            [
                -0.9999275207519531,
                0.012037181295454502,
                -9.770657015906181e-06,
                -34.016014099121094
            ],
            [
                -9.655952453613281e-06,
                9.58738019107841e-06,
                1.0,
                -0.01939903199672699
            ],
            [
                0.0,
                0.0,
                0.0,
                1.0
            ]
        ]
    },
    {
        "class": "Car",
        "extent": [
            1.6171096563339233,
            3.987684965133667,
            1.8508483171463013
        ],
        "position": [
            -29.5990038294374,
            -9.32963853943937,
            -2.4951738393223044
        ],
        "yaw": -0.9170809015589121,
        "num_points": 12,
        "distance": 31.13469247415302,
        "speed": 4.949878061560561,
        "brake": 0.0,
        "id": 3451,
        "ego_matrix": [
            [
                0.5318727493286133,
                0.8468241095542908,
                -0.0005800435319542885,
                -99.14378356933594
            ],
            [
                -0.8468242883682251,
                0.5318726301193237,
                -0.0003553038404788822,
                -46.15901565551758
            ],
            [
                7.629394076502649e-06,
                0.0006801713607273996,
                0.9999997615814209,
                0.03827282041311264
            ],
            [
                0.0,
                0.0,
                0.0,
                1.0
            ]
        ]
    }
]