[
    {
        "class": "Car",
        "extent": [
            1.5107464790344238,
            4.901683330535889,
            2.128324270248413
        ],
        "position": [
            -1.3,
            0.0,
            -2.5
        ],
        "yaw": 0,
        "num_points": -1,
        "distance": -1,
        "speed": 0.16082186611016325,
        "brake": 0.0,
        "id": 3360,
        "ego_matrix": [
            [
                0.9957349896430969,
                0.09225958585739136,
                -0.00017684136400930583,
                -71.81864166259766
            ],
            [
                -0.09225959330797195,
                0.9957349896430969,
                -2.212858817074448e-05,
                -58.07436752319336
            ],
            [
                0.00017404556274414062,
                3.834952076431364e-05,
                1.0,
                0.03333049640059471
            ],
            [
                0.0,
                0.0,
                0.0,
                1.0
            ]
        ]
    },
    {
        "class": "Car",
        "extent": [
            1.4750303030014038,
            3.805800199508667,
            1.97027587890625
        ],
        "position": [
            -14.093485323552763,
            -1.9073613398187388,
            -2.489035805273635
        ],
        "yaw": -0.43256021995297256,
        "num_points": 31,
        "distance": 14.438131980480247,
        "speed": 3.1459129659989116,
        "brake": 0.0,
        "id": 3370,
        "ego_matrix": [
            [
                0.8653483390808105,
                0.501170814037323,
                0.00021927714988123626,
                -84.381591796875
            ],
            [
                -0.5011707544326782,
                0.8653483986854553,
                -0.00019962583610322326,
                -54.99481964111328
            ],
            [
                -0.00028979775379411876,
                6.285058771027252e-05,
                0.9999999403953552,
                0.04214118793606758
            ],
            [
                0.0,
                0.0,
                0.0,
                1.0
            ]
        ]
    },
    {
        "class": "Car",
        "extent": [
            1.2511454820632935,
            2.2094459533691406,
            0.8670341968536377
        ],
        "position": [
            13.964530830413572,
            -46.10631983333723,
            -2.57292333628349
        ],
        "yaw": 1.664433794769004,
        "num_points": 0,
        "distance": 48.243349638908256,
        "speed": -9.137268720189918e-09,
        "brake": 1.0,
        "id": 3395,
        "ego_matrix": [
            [
                -0.0012464957544580102,
                -0.9999992251396179,
                -1.3307715562405065e-05,
                -52.36545181274414
            ],
            [
                0.9999992251396179,
                -0.0012464956380426884,
                -1.0864640898944344e-05,
                -13.572989463806152
            ],
            [
                1.0848044439626392e-05,
                -1.3321247934072744e-05,
                1.0,
                -0.035167958587408066
            ],
            [
                0.0,
                0.0,
                0.0,
                1.0
            ]
        ]
    },
    {
        "class": "Car",
        "extent": [
            1.5248334407806396,
            4.513522624969482,
            2.006814479827881
        ],
        "position": [
            27.00103501645706,
            -20.925459287220715,
            -2.503269615607049
        ],
        "yaw": -1.4699001469536692,
        "num_points": 5,
        "distance": 34.251964864945975,
        "speed": -2.970559522322905e-09,
        "brake": 1.0,
        "id": 3408,
        "ego_matrix": [
            [
                0.008505078963935375,
                0.9999638199806213,
                -4.297402938391315e-06,
                -41.70773696899414
            ],
            [
                -0.9999638199806213,
                0.008505078963935375,
                4.255138264852576e-06,
                -39.84919738769531
            ],
            [
                4.291533969080774e-06,
                4.261057256371714e-06,
                1.0,
                0.03578903153538704
            ],
            [
                0.0,
                0.0,
                0.0,
                1.0
            ]
        ]
    },
    {
        "class": "Car",
        "extent": [
            1.3787471055984497,
            2.2072951793670654,
            1.4809197187423706
        ],
        "position": [
            23.51224051703068,
            -20.672799638834544,
            -2.536243988089098
        ],
        "yaw": -1.4689298242104987,
        "num_points": 7,
        "distance": 31.410549702372528,
        "speed": 7.066402473085247e-11,
        "brake": 1.0,
        "id": 3412,
        "ego_matrix": [
            [
                0.009475245140492916,
                0.9999551177024841,
                -5.4535896197194234e-05,
                -45.2049560546875
            ],
            [
                -0.999938428401947,
                0.009475401602685452,
                0.005782195366919041,
                -39.77890396118164
            ],
            [
                0.0057824524119496346,
                -2.551823570229317e-07,
                0.9999833106994629,
                0.0021977615542709827
            ],
            [
                0.0,
                0.0,
                0.0,
                1.0
            ]
        ]
    },
    {
        "class": "Car",
        "extent": [
            1.385296106338501,
            4.181210041046143,
            1.9941171407699585
        ],
        "position": [
            17.504598192576406,
            -45.77015006656439,
            -2.5500198420702516
        ],
        "yaw": 1.6634964952233504,
        "num_points": 1,
        "distance": 49.06954448733273,
        "speed": -2.02878767706033e-09,
        "brake": 1.0,
        "id": 3417,
        "ego_matrix": [
            [
                -0.0003091534017585218,
                -0.9999999403953552,
                1.064269326889189e-06,
                -48.87150192260742
            ],
            [
                0.9999999403953552,
                -0.0003091534017585218,
                3.2189796002057847e-06,
                -14.234331130981445
            ],
            [
                -3.2186505904974183e-06,
                1.065264541466604e-06,
                1.0,
                -0.011661224067211151
            ],
            [
                0.0,
                0.0,
                0.0,
                1.0
            ]
        ]
    },
    {
        "class": "Car",
        "extent": [
            1.6355280876159668,
            5.0267767906188965,
            2.1515462398529053
        ],
        "position": [
            39.162248222323356,
            6.540893516159419,
            -2.4112687110761586
        ],
        "yaw": -3.034285312898364,
        "num_points": 1,
        "distance": 39.77787312833129,
        "speed": 4.762371681153023,
        "brake": 0.0,
        "id": 3418,
        "ego_matrix": [
            [
                -0.9998635053634644,
                0.014917436987161636,
                0.0071024508215487,
                -32.132442474365234
            ],
            [
                -0.014915402047336102,
                -0.9998887777328491,
                0.0003392692015040666,
                -68.32039642333984
            ],
            [
                0.007106720935553312,
                0.00023328697716351599,
                0.9999747276306152,
                0.1288532167673111
            ],
            [
                0.0,
                0.0,
                0.0,
                1.0
            ]
        ]
    },
    {
        "class": "Car",
        "extent": [
            1.8548461198806763,
            4.6045098304748535,
            1.9315931797027588
        ],
        "position": [
            38.17186568043327,
            3.0943756167220586,
            -2.5294690535149935
        ],
        "yaw": -3.047299115881145,
        "num_points": 1,
        "distance": 38.38052505731381,
        "speed": 4.71192618480962,
        "brake": 0.0,
        "id": 3424,
        "ego_matrix": [
            [
                -0.9999977350234985,
                0.001898236689157784,
                0.0009997023735195398,
                -32.80060577392578
            ],
            [
                -0.0019024907378479838,
                -0.9999890923500061,
                -0.004271701909601688,
                -64.79720306396484
            ],
            [
                0.0009915827540680766,
                -0.00427359389141202,
                0.9999904036521912,
                0.010612678714096546
            ],
            [
                0.0,
                0.0,
                0.0,
                1.0
            ]
        ]
    },
    {
        "class": "Car",
        "extent": [
            1.4750303030014038,
            3.805800199508667,
            1.97027587890625
        ],
        "position": [
            -18.356710300647176,
            -0.007709766306516167,
            -2.488270665719462
        ],
        "yaw": -0.5167300254161722,
        "num_points": 11,
        "distance": 18.52458807661489,
        "speed": 4.9362437035758235,
        "brake": 0.0,
        "id": 3429,
        "ego_matrix": [
            [
                0.8201512098312378,
                0.5721467733383179,
                -0.00010585757991066203,
                -88.80189514160156
            ],
            [
                -0.5721467733383179,
                0.8201512098312378,
                -0.00013007405505049974,
                -56.493045806884766
            ],
            [
                1.2397765203786548e-05,
                0.000167246485943906,
                1.0,
                0.042091481387615204
            ],
            [
                0.0,
                0.0,
                0.0,
                1.0
            ]
        ]
    },
    {
        "class": "Car",
        "extent": [
            1.5248334407806396,
            4.513522624969482,
            2.006814479827881
        ],
        "position": [
            18.104950327722886,
            -39.869776889243845,
            -2.5024460424820845
        ],
        "yaw": 1.6708793103972681,
        "num_points": 11,
        "distance": 43.859441079007496,
        "speed": 1.1065881031429708e-08,
        "brake": 1.0,
        "id": 3431,
        "ego_matrix": [
            [
                -0.007691947277635336,
                -0.9999704360961914,
                3.836515588773182e-06,
                -48.818084716796875
            ],
            [
                0.9999704360961914,
                -0.007691947277635336,
                -1.4037599612493068e-05,
                -20.164928436279297
            ],
            [
                1.4066694348002784e-05,
                3.728425554072601e-06,
                1.0,
                0.035790786147117615
            ],
            [
                0.0,
                0.0,
                0.0,
                1.0
            ]
        ]
    },
    {
        "class": "Car",
        "extent": [
            1.0795789957046509,
            1.4872888326644897,
            0.8592574596405029
        ],
        "position": [
            22.86061732759239,
            -26.92310647388405,
            -2.5369203516545986
        ],
        "yaw": -1.4692845572676974,
        "num_points": 3,
        "distance": 35.41041445215453,
        "speed": 1.61515722025672,
        "brake": 0.0,
        "id": 3433,
        "ego_matrix": [
            [
                0.009119932539761066,
                0.9999580979347229,
                -0.0007871652487665415,
                -45.27714920043945
            ],
            [
                -0.9998795390129089,
                0.009109323844313622,
                -0.01256630290299654,
                -33.49513626098633
            ],
            [
                -0.012558606453239918,
                0.0009016742696985602,
                0.9999207258224487,
                0.001647682162001729
            ],
            [
                0.0,
                0.0,
                0.0,
                1.0
            ]
        ]
    },
    {
        "class": "Car",
        "extent": [
            1.488319993019104,
            4.791779518127441,
            2.163450002670288
        ],
        "position": [
            -36.87704377824567,
            -7.258387260137629,
            -2.526083055929423
        ],
        "yaw": 2.2197805131963007,
        "num_points": 2,
        "distance": 37.66937269249688,
        "speed": 4.85150860161703,
        "brake": 0.0,
        "id": 3434,
        "ego_matrix": [
            [
                -0.5282965898513794,
                -0.8490597605705261,
                -0.0003773862263187766,
                -106.57428741455078
            ],
            [
                0.8490598797798157,
                -0.5282965302467346,
                -0.00024941659648902714,
                -47.564613342285156
            ],
            [
                1.2397765203786548e-05,
                -0.00045218944433145225,
                0.9999998807907104,
                0.0013337706914171576
            ],
            [
                0.0,
                0.0,
                0.0,
                1.0
            ]
        ]
    },
    {
        "class": "Car",
        "extent": [
            1.1454535722732544,
            2.0333523750305176,
            0.8025798797607422
        ],
        "position": [
            -35.48216315904544,
            -11.381799474154516,
            -2.5265049209874815
        ],
        "yaw": 2.153710149712525,
        "num_points": 1,
        "distance": 37.348527264549,
        "speed": 4.699409087077229,
        "brake": 0.0,
        "id": 3436,
        "ego_matrix": [
            [
                -0.47108709812164307,
                -0.8820568919181824,
                0.007254117168486118,
                -104.804931640625
            ],
            [
                0.8820866942405701,
                -0.4710693359375,
                0.0040933298878371716,
                -43.58747863769531
            ],
            [
                -0.00019335745309945196,
                0.008327075280249119,
                0.9999653100967407,
                0.0013128092978149652
            ],
            [
                0.0,
                0.0,
                0.0,
                1.0
            ]
        ]
    },
    {
        "class": "Car",
        "extent": [
            1.2511454820632935,
            2.2094459533691406,
            0.8670341968536377
        ],
        "position": [
            21.974855011402493,
            -35.81025097987981,
            -2.5739334255827666
        ],
        "yaw": -1.4722820782326362,
        "num_points": 1,
        "distance": 42.09386488900106,
        "speed": 1.2105576731471903,
        "brake": 0.11361324787139893,
        "id": 3439,
        "ego_matrix": [
            [
                0.006123221479356289,
                0.9999812245368958,
                7.668093894608319e-05,
                -45.339202880859375
            ],
            [
                -0.9999810457229614,
                0.006123172584921122,
                0.0006182236247695982,
                -24.56417465209961
            ],
            [
                0.0006177424802444875,
                -8.046501170611009e-05,
                0.9999998211860657,
                -0.035178735852241516
            ],
            [
                0.0,
                0.0,
                0.0,
                1.0
            ]
        ]
    },
    {
        "class": "Car",
        "extent": [
            1.50146484375,
            3.633375883102417,
            1.845113754272461
        ],
        "position": [
            26.408457214064253,
            -26.728721353311542,
            -2.5585770976821336
        ],
        "yaw": -1.4663678632418427,
        "num_points": 7,
        "distance": 37.66135252981255,
        "speed": 4.293335070764669e-08,
        "brake": 1.0,
        "id": 3445,
        "ego_matrix": [
            [
                0.012037181295454502,
                0.9999275207519531,
                -9.47045464272378e-06,
                -41.76237106323242
            ],
            [
                -0.9999275207519531,
                0.012037181295454502,
                -9.770657015906181e-06,
                -34.016014099121094
            ],
            [
                -9.655952453613281e-06,
                9.58738019107841e-06,
                1.0,
                -0.01939903199672699
            ],
            [
                0.0,
                0.0,
                0.0,
                1.0
            ]
        ]
    },
    {
        "class": "Car",
        "extent": [
            1.6171096563339233,
            3.987684965133667,
            1.8508483171463013
        ],
        "position": [
            -27.99261284745273,
            -7.466971169211921,
            -2.490697804412839
        ],
        "yaw": -0.8604027748705457,
        "num_points": 7,
        "distance": 29.07826693635858,
        "speed": 4.9516658503346065,
        "brake": 0.0,
        "id": 3451,
        "ego_matrix": [
            [
                0.5794083476066589,
                0.815037190914154,
                -0.0005979445995762944,
                -97.70851135253906
            ],
            [
                -0.8150373697280884,
                0.5794082283973694,
                -0.0004164481069892645,
                -48.17659378051758
            ],
            [
                7.033347174001392e-06,
                0.0007286407635547221,
                0.9999997615814209,
                0.038273315876722336
            ],
            [
                0.0,
                0.0,
                0.0,
                1.0
            ]
        ]
    },
    {
        "class": "Car",
        "extent": [
            1.50146484375,
            3.633375883102417,
            1.845113754272461
        ],
        "position": [
            47.59278774380468,
            2.172392115228917,
            -2.561262793970064
        ],
        "yaw": -3.039592726634783,
        "num_points": 0,
        "distance": 47.71113915878481,
        "speed": 3.7153928254139332,
        "brake": 0.0,
        "id": 3454,
        "ego_matrix": [
            [
                -0.9999537467956543,
                0.00960875116288662,
                0.0002645351632963866,
                -23.334796905517578
            ],
            [
                -0.009608747437596321,
                -0.9999538064002991,
                1.2662447261391208e-05,
                -64.74832153320312
            ],
            [
                0.0002646446228027344,
                1.0120010301761795e-05,
                0.9999999403953552,
                -0.01950603350996971
            ],
            [
                0.0,
                0.0,
                0.0,
                1.0
            ]
        ]
    }
]