[
    {
        "class": "Car",
        "extent": [
            1.5107464790344238,
            4.901683330535889,
            2.128324270248413
        ],
        "position": [
            -1.3,
            0.0,
            -2.5
        ],
        "yaw": 0,
        "num_points": -1,
        "distance": -1,
        "speed": 1.7150559983441316,
        "brake": 0.0,
        "id": 3360,
        "ego_matrix": [
            [
                0.996727466583252,
                0.08081971853971481,
                -0.0016007139347493649,
                -71.38123321533203
            ],
            [
                -0.08082012087106705,
                0.9967287182807922,
                -0.00018709286814555526,
                -58.09130096435547
            ],
            [
                0.0015803567366674542,
                0.0003158504841849208,
                0.9999986886978149,
                0.03263073042035103
            ],
            [
                0.0,
                0.0,
                0.0,
                1.0
            ]
        ]
    },
    {
        "class": "Car",
        "extent": [
            1.4750303030014038,
            3.805800199508667,
            1.97027587890625
        ],
        "position": [
            -13.188969931682973,
            -1.5021162523735274,
            -2.4722207985089684
        ],
        "yaw": -0.4019016265231145,
        "num_points": 37,
        "distance": 13.50248705872598,
        "speed": 2.7964301718991966,
        "brake": 0.0,
        "id": 3370,
        "ego_matrix": [
            [
                0.8856937885284424,
                0.4642699062824249,
                -2.3817108740331605e-05,
                -83.10993957519531
            ],
            [
                -0.4642699062824249,
                0.8856937885284424,
                -7.291030487976968e-05,
                -55.633235931396484
            ],
            [
                -1.2755393072438892e-05,
                7.563376857433468e-05,
                1.0,
                0.042095527052879333
            ],
            [
                0.0,
                0.0,
                0.0,
                1.0
            ]
        ]
    },
    {
        "class": "Car",
        "extent": [
            1.2511454820632935,
            2.2094459533691406,
            0.8670341968536377
        ],
        "position": [
            14.055469159937225,
            -45.90950824848872,
            -2.6065664849580954
        ],
        "yaw": 1.6529512927682615,
        "num_points": 0,
        "distance": 48.08360791126751,
        "speed": 6.9128876285626485e-09,
        "brake": 1.0,
        "id": 3395,
        "ego_matrix": [
            [
                -0.0012464957544580102,
                -0.9999992251396179,
                -1.3307715562405065e-05,
                -52.36545181274414
            ],
            [
                0.9999992251396179,
                -0.0012464956380426884,
                -1.0864640898944344e-05,
                -13.572989463806152
            ],
            [
                1.0848044439626392e-05,
                -1.3321247934072744e-05,
                1.0,
                -0.035167958587408066
            ],
            [
                0.0,
                0.0,
                0.0,
                1.0
            ]
        ]
    },
    {
        "class": "Car",
        "extent": [
            1.5248334407806396,
            4.513522624969482,
            2.006814479827881
        ],
        "position": [
            26.80206471351425,
            -20.580633128979184,
            -2.547753449439863
        ],
        "yaw": -1.4813826489544117,
        "num_points": 5,
        "distance": 33.8881126729739,
        "speed": -3.1771134149288513e-09,
        "brake": 1.0,
        "id": 3408,
        "ego_matrix": [
            [
                0.008505078963935375,
                0.9999638199806213,
                -4.297402938391315e-06,
                -41.70773696899414
            ],
            [
                -0.9999638199806213,
                0.008505078963935375,
                4.255138264852576e-06,
                -39.84919738769531
            ],
            [
                4.291533969080774e-06,
                4.261057256371714e-06,
                1.0,
                0.03578903153538704
            ],
            [
                0.0,
                0.0,
                0.0,
                1.0
            ]
        ]
    },
    {
        "class": "Car",
        "extent": [
            1.3787471055984497,
            2.2072951793670654,
            1.4809197187423706
        ],
        "position": [
            23.310556184727425,
            -20.368041733895375,
            -2.5757597794481106
        ],
        "yaw": -1.4804123262112412,
        "num_points": 5,
        "distance": 31.06241607081555,
        "speed": 1.0366640948559414e-08,
        "brake": 1.0,
        "id": 3412,
        "ego_matrix": [
            [
                0.009475245140492916,
                0.9999551177024841,
                -5.4535896197194234e-05,
                -45.2049560546875
            ],
            [
                -0.999938428401947,
                0.009475401602685452,
                0.005782195366919041,
                -39.77890396118164
            ],
            [
                0.0057824524119496346,
                -2.551823570229317e-07,
                0.9999833106994629,
                0.0021977615542709827
            ],
            [
                0.0,
                0.0,
                0.0,
                1.0
            ]
        ]
    },
    {
        "class": "Car",
        "extent": [
            1.385296106338501,
            4.181210041046143,
            1.9941171407699585
        ],
        "position": [
            17.591471844806463,
            -45.532717487545604,
            -2.5885288632294525
        ],
        "yaw": 1.652013993222608,
        "num_points": 2,
        "distance": 48.88137401038387,
        "speed": -2.467538881842925e-09,
        "brake": 1.0,
        "id": 3417,
        "ego_matrix": [
            [
                -0.0003091534017585218,
                -0.9999999403953552,
                1.064269326889189e-06,
                -48.87150192260742
            ],
            [
                0.9999999403953552,
                -0.0003091534017585218,
                3.2189796002057847e-06,
                -14.234331130981445
            ],
            [
                -3.2186505904974183e-06,
                1.065264541466604e-06,
                1.0,
                -0.011661224067211151
            ],
            [
                0.0,
                0.0,
                0.0,
                1.0
            ]
        ]
    },
    {
        "class": "Car",
        "extent": [
            1.6355280876159668,
            5.0267767906188965,
            2.1515462398529053
        ],
        "position": [
            36.276277095740156,
            7.251306275213496,
            -2.460871011281735
        ],
        "yaw": -3.0457995065160777,
        "num_points": 10,
        "distance": 37.07567408366353,
        "speed": 4.7647368377269075,
        "brake": 0.0,
        "id": 3418,
        "ego_matrix": [
            [
                -0.9998639822006226,
                0.014885731041431427,
                0.007102461531758308,
                -34.5140380859375
            ],
            [
                -0.014883697032928467,
                -0.9998892545700073,
                0.0003390439960639924,
                -68.3558120727539
            ],
            [
                0.007106720935553312,
                0.00023328697716351599,
                0.9999747276306152,
                0.12885326147079468
            ],
            [
                0.0,
                0.0,
                0.0,
                1.0
            ]
        ]
    },
    {
        "class": "Car",
        "extent": [
            1.300939917564392,
            4.717525005340576,
            1.894826889038086
        ],
        "position": [
            24.778612040420143,
            -42.27997758223778,
            -2.593078522876553
        ],
        "yaw": -1.4683486059473458,
        "num_points": 1,
        "distance": 49.07443504748665,
        "speed": 4.914206514611167,
        "brake": 0.0,
        "id": 3419,
        "ego_matrix": [
            [
                0.021537620574235916,
                0.9997680187225342,
                -1.1918019481527153e-05,
                -41.970760345458984
            ],
            [
                -0.9997680187225342,
                0.021537620574235916,
                9.162972673948389e-06,
                -18.057294845581055
            ],
            [
                9.417532965017017e-06,
                1.1717907000274863e-05,
                1.0,
                -0.005880012176930904
            ],
            [
                0.0,
                0.0,
                0.0,
                1.0
            ]
        ]
    },
    {
        "class": "Car",
        "extent": [
            1.8548461198806763,
            4.6045098304748535,
            1.9315931797027588
        ],
        "position": [
            35.33188706363853,
            3.5476777640279993,
            -2.5786812618989208
        ],
        "yaw": 3.1294982154271995,
        "num_points": 0,
        "distance": 35.603059672527515,
        "speed": 4.742925889061549,
        "brake": 0.0,
        "id": 3424,
        "ego_matrix": [
            [
                -0.9956782460212708,
                -0.09286926686763763,
                -0.00040931213879957795,
                -35.15582275390625
            ],
            [
                0.09286892414093018,
                -0.9956322908401489,
                -0.009575278498232365,
                -64.58795166015625
            ],
            [
                0.0004817246808670461,
                -0.009571908973157406,
                0.9999540448188782,
                0.010720482096076012
            ],
            [
                0.0,
                0.0,
                0.0,
                1.0
            ]
        ]
    },
    {
        "class": "Car",
        "extent": [
            1.4750303030014038,
            3.805800199508667,
            1.97027587890625
        ],
        "position": [
            -16.57397651823377,
            0.8992451802200038,
            -2.4661169218264116
        ],
        "yaw": -0.4541075067929106,
        "num_points": 23,
        "distance": 16.78055637317285,
        "speed": 4.938185106074954,
        "brake": 0.0,
        "id": 3429,
        "ego_matrix": [
            [
                0.8602604866027832,
                0.509854793548584,
                -9.70230030361563e-05,
                -86.6779556274414
            ],
            [
                -0.509854793548584,
                0.8602604866027832,
                -0.00013938730990048498,
                -57.75316619873047
            ],
            [
                1.2397765203786548e-05,
                0.0001693770318524912,
                1.0,
                0.042091406881809235
            ],
            [
                0.0,
                0.0,
                0.0,
                1.0
            ]
        ]
    },
    {
        "class": "Car",
        "extent": [
            1.5248334407806396,
            4.513522624969482,
            2.006814479827881
        ],
        "position": [
            18.124100823181774,
            -39.62585298807574,
            -2.5400528484450806
        ],
        "yaw": 1.6593968083965256,
        "num_points": 5,
        "distance": 43.64794524550203,
        "speed": -2.8816473861466817e-09,
        "brake": 1.0,
        "id": 3431,
        "ego_matrix": [
            [
                -0.007691947277635336,
                -0.9999704360961914,
                3.836515588773182e-06,
                -48.818084716796875
            ],
            [
                0.9999704360961914,
                -0.007691947277635336,
                -1.4037599612493068e-05,
                -20.164928436279297
            ],
            [
                1.4066694348002784e-05,
                3.728425554072601e-06,
                1.0,
                0.035790786147117615
            ],
            [
                0.0,
                0.0,
                0.0,
                1.0
            ]
        ]
    },
    {
        "class": "Car",
        "extent": [
            1.0795789957046509,
            1.4872888326644897,
            0.8592574596405029
        ],
        "position": [
            22.76464382082274,
            -26.242594452557157,
            -2.5773708689294508
        ],
        "yaw": -1.4844697852900315,
        "num_points": 0,
        "distance": 34.835981577764,
        "speed": 1.0459270940565293,
        "brake": 0.0,
        "id": 3433,
        "ego_matrix": [
            [
                0.005417593754827976,
                0.9999843239784241,
                -0.0014271233230829239,
                -45.27429962158203
            ],
            [
                -0.9998898506164551,
                0.00539734773337841,
                -0.013827649876475334,
                -33.87944793701172
            ],
            [
                -0.013819730840623379,
                0.0015018786070868373,
                0.9999033808708191,
                0.0015794181963428855
            ],
            [
                0.0,
                0.0,
                0.0,
                1.0
            ]
        ]
    },
    {
        "class": "Car",
        "extent": [
            1.488319993019104,
            4.791779518127441,
            2.163450002670288
        ],
        "position": [
            -38.57652158469459,
            -9.666004509987406,
            -2.475439815978797
        ],
        "yaw": 2.1602592456624365,
        "num_points": 0,
        "distance": 39.84604701904616,
        "speed": 4.8537322118550685,
        "brake": 0.0,
        "id": 3434,
        "ego_matrix": [
            [
                -0.48691508173942566,
                -0.8734492063522339,
                -0.00038579240208491683,
                -107.75460052490234
            ],
            [
                0.8734493255615234,
                -0.4869150221347809,
                -0.00022925874509382993,
                -45.44422912597656
            ],
            [
                1.2397765203786548e-05,
                -0.00044859963236376643,
                0.9999998807907104,
                0.001333694439381361
            ],
            [
                0.0,
                0.0,
                0.0,
                1.0
            ]
        ]
    },
    {
        "class": "Car",
        "extent": [
            1.1454535722732544,
            2.0333523750305176,
            0.8025798797607422
        ],
        "position": [
            -36.98346825699385,
            -13.777871413450141,
            -2.4792768621043497
        ],
        "yaw": 2.093121087739594,
        "num_points": 2,
        "distance": 39.54432296500478,
        "speed": 4.701891549457137,
        "brake": 0.0,
        "id": 3436,
        "ego_matrix": [
            [
                -0.42722034454345703,
                -0.9041165113449097,
                0.007502643391489983,
                -105.83443450927734
            ],
            [
                0.9041475653648376,
                -0.42720386385917664,
                0.00375893572345376,
                -41.47456359863281
            ],
            [
                -0.00019335745309945196,
                0.00838939007371664,
                0.9999648332595825,
                0.0013129808939993382
            ],
            [
                0.0,
                0.0,
                0.0,
                1.0
            ]
        ]
    },
    {
        "class": "Car",
        "extent": [
            1.2511454820632935,
            2.2094459533691406,
            0.8670341968536377
        ],
        "position": [
            22.02352305436565,
            -34.660991131223575,
            -2.615539793525711
        ],
        "yaw": -1.4826172904357724,
        "num_points": 2,
        "distance": 41.14925178343406,
        "speed": 2.7887424390597344,
        "brake": 0.0,
        "id": 3439,
        "ego_matrix": [
            [
                0.007270426489412785,
                0.9999735951423645,
                0.00010538530477788299,
                -45.33256149291992
            ],
            [
                -0.9999679923057556,
                0.0072707380168139935,
                -0.0033414673525840044,
                -25.428686141967773
            ],
            [
                -0.003342145122587681,
                -8.108803740469739e-05,
                0.9999943971633911,
                -0.03510173782706261
            ],
            [
                0.0,
                0.0,
                0.0,
                1.0
            ]
        ]
    },
    {
        "class": "Car",
        "extent": [
            1.50146484375,
            3.633375883102417,
            1.845113754272461
        ],
        "position": [
            26.27608361590141,
            -26.3903014884011,
            -2.603945334039667
        ],
        "yaw": -1.4778503652425852,
        "num_points": 7,
        "distance": 37.33177084121801,
        "speed": -1.8046355229144093e-08,
        "brake": 1.0,
        "id": 3445,
        "ego_matrix": [
            [
                0.012037181295454502,
                0.9999275207519531,
                -9.47045464272378e-06,
                -41.76237106323242
            ],
            [
                -0.9999275207519531,
                0.012037181295454502,
                -9.770657015906181e-06,
                -34.016014099121094
            ],
            [
                -9.655952453613281e-06,
                9.58738019107841e-06,
                1.0,
                -0.01939903199672699
            ],
            [
                0.0,
                0.0,
                0.0,
                1.0
            ]
        ]
    },
    {
        "class": "Car",
        "extent": [
            1.6171096563339233,
            3.987684965133667,
            1.8508483171463013
        ],
        "position": [
            -26.63316362131449,
            -5.962329653882375,
            -2.4562042898913603
        ],
        "yaw": -0.8092688335842635,
        "num_points": 12,
        "distance": 27.402695467689952,
        "speed": 4.952560921253465,
        "brake": 0.0,
        "id": 3451,
        "ego_matrix": [
            [
                0.6292742490768433,
                0.7771831154823303,
                -0.0006326590664684772,
                -96.14968872070312
            ],
            [
                -0.7771833539009094,
                0.6292740702629089,
                -0.0005051991902291775,
                -50.10105514526367
            ],
            [
                5.483626864588587e-06,
                0.0008096008677966893,
                0.9999997019767761,
                0.03827415406703949
            ],
            [
                0.0,
                0.0,
                0.0,
                1.0
            ]
        ]
    },
    {
        "class": "Car",
        "extent": [
            1.50146484375,
            3.633375883102417,
            1.845113754272461
        ],
        "position": [
            45.26657018820466,
            2.920959474469024,
            -2.624721481108379
        ],
        "yaw": -3.0510872128604305,
        "num_points": 2,
        "distance": 45.43658816095835,
        "speed": 3.738618161989799,
        "brake": 0.0,
        "id": 3454,
        "ego_matrix": [
            [
                -0.9999539256095886,
                0.009596829302608967,
                4.663076833821833e-05,
                -25.202926635742188
            ],
            [
                -0.009596828371286392,
                -0.9999539256095886,
                1.0568004654487595e-05,
                -64.76619720458984
            ],
            [
                4.673004150390625e-05,
                1.0120011211256497e-05,
                1.0,
                -0.01942138560116291
            ],
            [
                0.0,
                0.0,
                0.0,
                1.0
            ]
        ]
    },
    {
        "class": "Car",
        "extent": [
            1.2765706777572632,
            2.3557403087615967,
            0.7636788487434387
        ],
        "position": [
            -35.650604115695835,
            -34.939095261831866,
            -2.5194868518542126
        ],
        "yaw": -1.4180767798401928,
        "num_points": 0,
        "distance": 49.98053386595723,
        "speed": 4.67742123265704,
        "brake": 0.0,
        "id": 3463,
        "ego_matrix": [
            [
                0.07174898684024811,
                0.9974175691604614,
                -0.003210268681868911,
                -102.79562377929688
            ],
            [
                -0.9974178671836853,
                0.07173825055360794,
                -0.0033431374467909336,
                -20.490280151367188
            ],
            [
                -0.0031042047776281834,
                0.0034418459981679916,
                0.9999892711639404,
                -0.03010677359998226
            ],
            [
                0.0,
                0.0,
                0.0,
                1.0
            ]
        ]
    }
]