[
    {
        "class": "Car",
        "extent": [
            1.5107464790344238,
            4.901683330535889,
            2.128324270248413
        ],
        "position": [
            -1.3,
            0.0,
            -2.5
        ],
        "yaw": 0,
        "num_points": -1,
        "distance": -1,
        "speed": 3.107898149922714,
        "brake": 0.0,
        "id": 3360,
        "ego_matrix": [
            [
                0.9988287687301636,
                0.04836771637201309,
                -0.001304781879298389,
                -70.1435546875
            ],
            [
                -0.04836805537343025,
                0.9988295435905457,
                -0.00022797421843279153,
                -58.12598419189453
            ],
            [
                0.0012922282330691814,
                0.0002908169699367136,
                0.9999991059303284,
                0.032774314284324646
            ],
            [
                0.0,
                0.0,
                0.0,
                1.0
            ]
        ]
    },
    {
        "class": "Car",
        "extent": [
            1.4750303030014038,
            3.805800199508667,
            1.97027587890625
        ],
        "position": [
            -12.992761499097721,
            -1.3380311414270936,
            -2.475947567802351
        ],
        "yaw": -0.38357472145827354,
        "num_points": 34,
        "distance": 13.294077443221516,
        "speed": 2.7575724046809778,
        "brake": 0.0,
        "id": 3370,
        "ego_matrix": [
            [
                0.9081462025642395,
                0.41865310072898865,
                4.241921124048531e-05,
                -81.7579345703125
            ],
            [
                -0.41865310072898865,
                0.9081462025642395,
                -8.99357401067391e-05,
                -56.223968505859375
            ],
            [
                -7.61747287469916e-05,
                6.391586794052273e-05,
                1.0,
                0.042106132954359055
            ],
            [
                0.0,
                0.0,
                0.0,
                1.0
            ]
        ]
    },
    {
        "class": "Car",
        "extent": [
            1.2511454820632935,
            2.2094459533691406,
            0.8670341968536377
        ],
        "position": [
            14.302251091767028,
            -45.360713868561234,
            -2.6012956927578674
        ],
        "yaw": 1.620429797349947,
        "num_points": 0,
        "distance": 47.63313435245045,
        "speed": 2.2213765441648924e-09,
        "brake": 1.0,
        "id": 3395,
        "ego_matrix": [
            [
                -0.0012464957544580102,
                -0.9999992251396179,
                -1.3307715562405065e-05,
                -52.36545181274414
            ],
            [
                0.9999992251396179,
                -0.0012464956380426884,
                -1.0864640898944344e-05,
                -13.572989463806152
            ],
            [
                1.0848044439626392e-05,
                -1.3321247934072744e-05,
                1.0,
                -0.035167958587408066
            ],
            [
                0.0,
                0.0,
                0.0,
                1.0
            ]
        ]
    },
    {
        "class": "Car",
        "extent": [
            1.5248334407806396,
            4.513522624969482,
            2.006814479827881
        ],
        "position": [
            26.218504059119436,
            -19.630771064885906,
            -2.5382544613135933
        ],
        "yaw": -1.5139041443727261,
        "num_points": 7,
        "distance": 32.85148190585019,
        "speed": 6.345506997747899e-10,
        "brake": 1.0,
        "id": 3408,
        "ego_matrix": [
            [
                0.008505078963935375,
                0.9999638199806213,
                -4.297402938391315e-06,
                -41.70773696899414
            ],
            [
                -0.9999638199806213,
                0.008505078963935375,
                4.255138264852576e-06,
                -39.84919738769531
            ],
            [
                4.291533969080774e-06,
                4.261057256371714e-06,
                1.0,
                0.03578903153538704
            ],
            [
                0.0,
                0.0,
                0.0,
                1.0
            ]
        ]
    },
    {
        "class": "Car",
        "extent": [
            1.3787471055984497,
            2.2072951793670654,
            1.4809197187423706
        ],
        "position": [
            22.721937661843253,
            -19.53181994626901,
            -2.567298618259795
        ],
        "yaw": -1.5129338216295556,
        "num_points": 8,
        "distance": 30.07273621933131,
        "speed": 5.7501567954340595e-11,
        "brake": 1.0,
        "id": 3412,
        "ego_matrix": [
            [
                0.009475245140492916,
                0.9999551177024841,
                -5.4535896197194234e-05,
                -45.2049560546875
            ],
            [
                -0.999938428401947,
                0.009475401602685452,
                0.005782195366919041,
                -39.77890396118164
            ],
            [
                0.0057824524119496346,
                -2.551823570229317e-07,
                0.9999833106994629,
                0.0021977615542709827
            ],
            [
                0.0,
                0.0,
                0.0,
                1.0
            ]
        ]
    },
    {
        "class": "Car",
        "extent": [
            1.385296106338501,
            4.181210041046143,
            1.9941171407699585
        ],
        "position": [
            17.82412694498188,
            -44.869147486440596,
            -2.5821970529084646
        ],
        "yaw": 1.6194924978042935,
        "num_points": 1,
        "distance": 48.34881217910981,
        "speed": 1.1836946256790197e-08,
        "brake": 1.0,
        "id": 3417,
        "ego_matrix": [
            [
                -0.0003091534017585218,
                -0.9999999403953552,
                1.064269326889189e-06,
                -48.87150192260742
            ],
            [
                0.9999999403953552,
                -0.0003091534017585218,
                3.2189796002057847e-06,
                -14.234331130981445
            ],
            [
                -3.2186505904974183e-06,
                1.065264541466604e-06,
                1.0,
                -0.011661224067211151
            ],
            [
                0.0,
                0.0,
                0.0,
                1.0
            ]
        ]
    },
    {
        "class": "Car",
        "extent": [
            1.6355280876159668,
            5.0267767906188965,
            2.1515462398529053
        ],
        "position": [
            32.404421397997986,
            8.644895519533764,
            -2.444960723616674
        ],
        "yaw": -3.078429392590759,
        "num_points": 4,
        "distance": 33.62675389660311,
        "speed": 4.7670994641455176,
        "brake": 0.0,
        "id": 3418,
        "ego_matrix": [
            [
                -0.9998655319213867,
                0.014777501113712788,
                0.007102497853338718,
                -36.89681625366211
            ],
            [
                -0.014775469899177551,
                -0.9998908042907715,
                0.00033827521838247776,
                -68.3909912109375
            ],
            [
                0.007106720935553312,
                0.00023328700626734644,
                0.9999747276306152,
                0.12885326147079468
            ],
            [
                0.0,
                0.0,
                0.0,
                1.0
            ]
        ]
    },
    {
        "class": "Car",
        "extent": [
            1.300939917564392,
            4.717525005340576,
            1.894826889038086
        ],
        "position": [
            25.072107205512722,
            -39.02429530697891,
            -2.5839073530163597
        ],
        "yaw": -1.4987459640802132,
        "num_points": 1,
        "distance": 46.45624566341958,
        "speed": 3.8044077589957053,
        "brake": 0.5774160623550415,
        "id": 3419,
        "ego_matrix": [
            [
                0.02366114780306816,
                0.99972003698349,
                -6.348182068904862e-08,
                -41.914710998535156
            ],
            [
                -0.9997199773788452,
                0.023661145940423012,
                -0.00035749099333770573,
                -20.42291259765625
            ],
            [
                -0.00035738942096941173,
                8.522110874764621e-06,
                0.9999999403953552,
                -0.0057052611373364925
            ],
            [
                0.0,
                0.0,
                0.0,
                1.0
            ]
        ]
    },
    {
        "class": "Car",
        "extent": [
            1.8548461198806763,
            4.6045098304748535,
            1.9315931797027588
        ],
        "position": [
            31.62251471438564,
            4.332861466056355,
            -2.5632581370636713
        ],
        "yaw": 2.9573919251623435,
        "num_points": 11,
        "distance": 32.0207341830695,
        "speed": 4.747736237711122,
        "brake": 0.0,
        "id": 3424,
        "ego_matrix": [
            [
                -0.9730731844902039,
                -0.23048222064971924,
                -0.00255892938002944,
                -37.46908950805664
            ],
            [
                0.230496346950531,
                -0.9730042815208435,
                -0.011584297753870487,
                -64.04615783691406
            ],
            [
                0.00018012523651123047,
                -0.01186219323426485,
                0.999929666519165,
                0.010799560695886612
            ],
            [
                0.0,
                0.0,
                0.0,
                1.0
            ]
        ]
    },
    {
        "class": "Car",
        "extent": [
            1.4750303030014038,
            3.805800199508667,
            1.97027587890625
        ],
        "position": [
            -15.569905439427647,
            1.4183550440903903,
            -2.4718302758912056
        ],
        "yaw": -0.4122421192753498,
        "num_points": 31,
        "distance": 15.828570097662885,
        "speed": 4.939806734017994,
        "brake": 0.0,
        "id": 3429,
        "ego_matrix": [
            [
                0.8957730531692505,
                0.444511741399765,
                -8.876327774487436e-05,
                -84.46538543701172
            ],
            [
                -0.444511741399765,
                0.8957730531692505,
                -0.00015098360017873347,
                -58.85247802734375
            ],
            [
                1.2397765203786548e-05,
                0.0001747033529682085,
                1.0,
                0.04209155961871147
            ],
            [
                0.0,
                0.0,
                0.0,
                1.0
            ]
        ]
    },
    {
        "class": "Car",
        "extent": [
            1.5248334407806396,
            4.513522624969482,
            2.006814479827881
        ],
        "position": [
            18.164394364578115,
            -38.94808915488048,
            -2.5334627596362083
        ],
        "yaw": 1.6268753129782112,
        "num_points": 4,
        "distance": 43.05017195090978,
        "speed": -9.349980817646994e-10,
        "brake": 1.0,
        "id": 3431,
        "ego_matrix": [
            [
                -0.007691947277635336,
                -0.9999704360961914,
                3.836515588773182e-06,
                -48.818084716796875
            ],
            [
                0.9999704360961914,
                -0.007691947277635336,
                -1.4037599612493068e-05,
                -20.164928436279297
            ],
            [
                1.4066694348002784e-05,
                3.728425554072601e-06,
                1.0,
                0.035790786147117615
            ],
            [
                0.0,
                0.0,
                0.0,
                1.0
            ]
        ]
    },
    {
        "class": "Car",
        "extent": [
            1.0795789957046509,
            1.4872888326644897,
            0.8592574596405029
        ],
        "position": [
            22.383668017389724,
            -25.122924039807526,
            -2.567792218574363
        ],
        "yaw": -1.508721632891432,
        "num_points": 1,
        "distance": 33.74586586680546,
        "speed": -0.04855368855727689,
        "brake": 0.34732353687286377,
        "id": 3433,
        "ego_matrix": [
            [
                0.01368669606745243,
                0.9999063014984131,
                6.753251363988966e-05,
                -45.27239990234375
            ],
            [
                -0.9998651742935181,
                0.013685520738363266,
                0.009069065563380718,
                -34.177982330322266
            ],
            [
                0.009067291393876076,
                -0.00019164894183631986,
                0.999958872795105,
                0.0028930280823260546
            ],
            [
                0.0,
                0.0,
                0.0,
                1.0
            ]
        ]
    },
    {
        "class": "Car",
        "extent": [
            1.488319993019104,
            4.791779518127441,
            2.163450002670288
        ],
        "position": [
            -40.66315187137886,
            -12.967997978884528,
            -2.484345787429185
        ],
        "yaw": 2.0801503905157688,
        "num_points": 7,
        "distance": 42.7531620548316,
        "speed": 4.855832397560812,
        "brake": 0.0,
        "id": 3434,
        "ego_matrix": [
            [
                -0.44481438398361206,
                -0.8956226706504822,
                -0.00040072191040962934,
                -108.83338928222656
            ],
            [
                0.8956227898597717,
                -0.4448143243789673,
                -0.00021272954472806305,
                -43.269248962402344
            ],
            [
                1.2278555914235767e-05,
                -0.000453520828159526,
                0.9999998807907104,
                0.0013336562551558018
            ],
            [
                0.0,
                0.0,
                0.0,
                1.0
            ]
        ]
    },
    {
        "class": "Car",
        "extent": [
            1.1454535722732544,
            2.0333523750305176,
            0.8025798797607422
        ],
        "position": [
            -38.78341903763791,
            -17.02020961373328,
            -2.4879739423261475
        ],
        "yaw": 2.0116676025585445,
        "num_points": 1,
        "distance": 42.426773880205964,
        "speed": 4.704372100901829,
        "brake": 0.0,
        "id": 3436,
        "ego_matrix": [
            [
                -0.38248494267463684,
                -0.9239299893379211,
                0.007660790346562862,
                -106.75985717773438
            ],
            [
                0.9239617586135864,
                -0.382470041513443,
                0.0033805377315729856,
                -39.31269836425781
            ],
            [
                -0.00019335745309945196,
                0.008371281437575817,
                0.9999649524688721,
                0.0013129999861121178
            ],
            [
                0.0,
                0.0,
                0.0,
                1.0
            ]
        ]
    },
    {
        "class": "Car",
        "extent": [
            1.2511454820632935,
            2.2094459533691406,
            0.8670341968536377
        ],
        "position": [
            21.95306432907084,
            -32.93308052607947,
            -2.6075164388859524
        ],
        "yaw": -1.5141624709984638,
        "num_points": 1,
        "distance": 39.66514803139676,
        "speed": 2.223569863178624,
        "brake": 1.0,
        "id": 3439,
        "ego_matrix": [
            [
                0.008246732875704765,
                0.9999659657478333,
                9.533150296192616e-05,
                -45.32468795776367
            ],
            [
                -0.9999625086784363,
                0.008246955461800098,
                -0.0026240497827529907,
                -26.356130599975586
            ],
            [
                -0.0026247468777000904,
                -7.368809747276828e-05,
                0.999996542930603,
                -0.03511627018451691
            ],
            [
                0.0,
                0.0,
                0.0,
                1.0
            ]
        ]
    },
    {
        "class": "Car",
        "extent": [
            1.50146484375,
            3.633375883102417,
            1.845113754272461
        ],
        "position": [
            25.881722906161773,
            -25.454468290692716,
            -2.5947010053287674
        ],
        "yaw": -1.5103718606608996,
        "num_points": 5,
        "distance": 36.394038108738,
        "speed": 2.2243151827022374e-09,
        "brake": 1.0,
        "id": 3445,
        "ego_matrix": [
            [
                0.012037181295454502,
                0.9999275207519531,
                -9.47045464272378e-06,
                -41.76237106323242
            ],
            [
                -0.9999275207519531,
                0.012037181295454502,
                -9.770657015906181e-06,
                -34.016014099121094
            ],
            [
                -9.655952453613281e-06,
                9.58738019107841e-06,
                1.0,
                -0.01939903199672699
            ],
            [
                0.0,
                0.0,
                0.0,
                1.0
            ]
        ]
    },
    {
        "class": "Car",
        "extent": [
            1.6171096563339233,
            3.987684965133667,
            1.8508483171463013
        ],
        "position": [
            -25.893250987007182,
            -5.025056459882197,
            -2.4641808783411983
        ],
        "yaw": -0.7749251450914679,
        "num_points": 4,
        "distance": 26.491202813431002,
        "speed": 4.95339524122594,
        "brake": 0.0,
        "id": 3451,
        "ego_matrix": [
            [
                0.6797958612442017,
                0.7334011793136597,
                -0.0006276207859627903,
                -94.46499633789062
            ],
            [
                -0.7334014177322388,
                0.6797956228256226,
                -0.0005757328472100198,
                -51.91728973388672
            ],
            [
                4.410743713378906e-06,
                0.0008516787202097476,
                0.9999996423721313,
                0.03827468678355217
            ],
            [
                0.0,
                0.0,
                0.0,
                1.0
            ]
        ]
    },
    {
        "class": "Car",
        "extent": [
            1.50146484375,
            3.633375883102417,
            1.845113754272461
        ],
        "position": [
            42.05745659331598,
            4.5662196770703805,
            -2.606821692180055
        ],
        "yaw": -3.0836105724915077,
        "num_points": 1,
        "distance": 42.38485031910274,
        "speed": 3.6655775987822743,
        "brake": 0.0,
        "id": 3454,
        "ego_matrix": [
            [
                -0.9999539852142334,
                0.00959491916000843,
                -0.00014445291890297085,
                -27.057600021362305
            ],
            [
                -0.00959492102265358,
                -0.9999539852142334,
                8.734397852094844e-06,
                -64.78395080566406
            ],
            [
                -0.0001443624496459961,
                1.0120010301761795e-05,
                1.0,
                -0.019347496330738068
            ],
            [
                0.0,
                0.0,
                0.0,
                1.0
            ]
        ]
    },
    {
        "class": "Car",
        "extent": [
            1.2765706777572632,
            2.3557403087615967,
            0.7636788487434387
        ],
        "position": [
            -35.48369629152679,
            -33.68648139177887,
            -2.5285054572315904
        ],
        "yaw": -1.4637467010343919,
        "num_points": 2,
        "distance": 48.992500149668075,
        "speed": 4.679590864477397,
        "brake": 0.0,
        "id": 3463,
        "ego_matrix": [
            [
                0.058628685772418976,
                0.998279869556427,
                -0.0003345239092595875,
                -102.6578369140625
            ],
            [
                -0.9982750415802002,
                0.058627355843782425,
                -0.0031344539020210505,
                -22.825525283813477
            ],
            [
                -0.003109449753537774,
                0.0005177157581783831,
                0.9999950528144836,
                -0.03010765090584755
            ],
            [
                0.0,
                0.0,
                0.0,
                1.0
            ]
        ]
    }
]