[
    {
        "class": "Car",
        "extent": [
            1.5107464790344238,
            4.901683330535889,
            2.128324270248413
        ],
        "position": [
            -1.3,
            0.0,
            -2.5
        ],
        "yaw": 0,
        "num_points": -1,
        "distance": -1,
        "speed": 4.224523424869868,
        "brake": 0.0,
        "id": 3360,
        "ego_matrix": [
            [
                0.9998906850814819,
                0.014745112508535385,
                -0.0010696703102439642,
                -68.28289031982422
            ],
            [
                -0.014745380729436874,
                0.9998912215232849,
                -0.00024311293964274228,
                -58.138099670410156
            ],
            [
                0.0010659692343324423,
                0.0002588590723462403,
                0.9999993443489075,
                0.032886769622564316
            ],
            [
                0.0,
                0.0,
                0.0,
                1.0
            ]
        ]
    },
    {
        "class": "Car",
        "extent": [
            1.4750303030014038,
            3.805800199508667,
            1.97027587890625
        ],
        "position": [
            -13.487643438266781,
            -1.2409381116457656,
            -2.478155479431541
        ],
        "yaw": -0.36782918410823545,
        "num_points": 29,
        "distance": 13.769448336625272,
        "speed": 3.206447629901962,
        "brake": 0.0,
        "id": 3370,
        "ego_matrix": [
            [
                0.9277064204216003,
                0.3733105957508087,
                -0.00022211114992387593,
                -80.450927734375
            ],
            [
                -0.3733106255531311,
                0.9277064204216003,
                -2.3153290385380387e-05,
                -56.71759033203125
            ],
            [
                0.00019741056894417852,
                0.0001043959055095911,
                1.0,
                0.04206085205078125
            ],
            [
                0.0,
                0.0,
                0.0,
                1.0
            ]
        ]
    },
    {
        "class": "Car",
        "extent": [
            1.2511454820632935,
            2.2094459533691406,
            0.8670341968536377
        ],
        "position": [
            13.958496432094448,
            -44.79494928685187,
            -2.5959154499238033
        ],
        "yaw": 1.5867887433391743,
        "num_points": 0,
        "distance": 46.99112555876457,
        "speed": 5.476209351481347e-10,
        "brake": 1.0,
        "id": 3395,
        "ego_matrix": [
            [
                -0.0012464957544580102,
                -0.9999992251396179,
                -1.3307715562405065e-05,
                -52.36545181274414
            ],
            [
                0.9999992251396179,
                -0.0012464956380426884,
                -1.0864640898944344e-05,
                -13.572989463806152
            ],
            [
                1.0848044439626392e-05,
                -1.3321247934072744e-05,
                1.0,
                -0.035167958587408066
            ],
            [
                0.0,
                0.0,
                0.0,
                1.0
            ]
        ]
    },
    {
        "class": "Car",
        "extent": [
            1.5248334407806396,
            4.513522624969482,
            2.006814479827881
        ],
        "position": [
            25.002574556546737,
            -18.678767221150135,
            -2.5299706613164012
        ],
        "yaw": -1.547545198383499,
        "num_points": 10,
        "distance": 31.31175228096813,
        "speed": -8.183747396502024e-10,
        "brake": 1.0,
        "id": 3408,
        "ego_matrix": [
            [
                0.008505078963935375,
                0.9999638199806213,
                -4.297402938391315e-06,
                -41.70773696899414
            ],
            [
                -0.9999638199806213,
                0.008505078963935375,
                4.255138264852576e-06,
                -39.84919738769531
            ],
            [
                4.291533969080774e-06,
                4.261057256371714e-06,
                1.0,
                0.03578903153538704
            ],
            [
                0.0,
                0.0,
                0.0,
                1.0
            ]
        ]
    },
    {
        "class": "Car",
        "extent": [
            1.3787471055984497,
            2.2072951793670654,
            1.4809197187423706
        ],
        "position": [
            21.504665458475706,
            -18.697477416961416,
            -2.5598381270905373
        ],
        "yaw": -1.5465748756403284,
        "num_points": 3,
        "distance": 28.61117036186473,
        "speed": -1.242432966044656e-09,
        "brake": 1.0,
        "id": 3412,
        "ego_matrix": [
            [
                0.009475245140492916,
                0.9999551177024841,
                -5.4535896197194234e-05,
                -45.2049560546875
            ],
            [
                -0.999938428401947,
                0.009475401602685452,
                0.005782195366919041,
                -39.77890396118164
            ],
            [
                0.0057824524119496346,
                -2.551823570229317e-07,
                0.9999833106994629,
                0.0021977615542709827
            ],
            [
                0.0,
                0.0,
                0.0,
                1.0
            ]
        ]
    },
    {
        "class": "Car",
        "extent": [
            1.385296106338501,
            4.181210041046143,
            1.9941171407699585
        ],
        "position": [
            17.46184117351416,
            -44.18520432857646,
            -2.575985324561967
        ],
        "yaw": 1.5858514437935207,
        "num_points": 1,
        "distance": 47.58028876666728,
        "speed": -2.7794103106242177e-09,
        "brake": 1.0,
        "id": 3417,
        "ego_matrix": [
            [
                -0.0003091534017585218,
                -0.9999999403953552,
                1.064269326889189e-06,
                -48.87150192260742
            ],
            [
                0.9999999403953552,
                -0.0003091534017585218,
                3.2189796002057847e-06,
                -14.234331130981445
            ],
            [
                -3.2186505904974183e-06,
                1.065264541466604e-06,
                1.0,
                -0.011661224067211151
            ],
            [
                0.0,
                0.0,
                0.0,
                1.0
            ]
        ]
    },
    {
        "class": "Car",
        "extent": [
            1.6355280876159668,
            5.0267767906188965,
            2.1515462398529053
        ],
        "position": [
            27.850731741762036,
            9.858783919240503,
            -2.432555102589875
        ],
        "yaw": -3.1122744447410318,
        "num_points": 5,
        "distance": 29.644159681883423,
        "speed": 4.769456809106456,
        "brake": 0.0,
        "id": 3418,
        "ego_matrix": [
            [
                -0.9998685717582703,
                0.014573425054550171,
                0.007102590519934893,
                -39.280784606933594
            ],
            [
                -0.014571410603821278,
                -0.999893844127655,
                0.00033522796002216637,
                -68.42566680908203
            ],
            [
                0.007106720935553312,
                0.00023168914776761085,
                0.9999747276306152,
                0.12885338068008423
            ],
            [
                0.0,
                0.0,
                0.0,
                1.0
            ]
        ]
    },
    {
        "class": "Car",
        "extent": [
            1.300939917564392,
            4.717525005340576,
            1.894826889038086
        ],
        "position": [
            24.57467505417786,
            -36.47491272276761,
            -2.575704313368582
        ],
        "yaw": -1.5308855278683993,
        "num_points": 3,
        "distance": 44.05642024565604,
        "speed": 2.8130807252783123,
        "brake": 0.10328426212072372,
        "id": 3419,
        "ego_matrix": [
            [
                0.025162262842059135,
                0.9996833801269531,
                -2.0881789168925025e-06,
                -41.87313461303711
            ],
            [
                -0.9996833801269531,
                0.025162260979413986,
                -0.0001710528158582747,
                -22.04866600036621
            ],
            [
                -0.00017094610666390508,
                6.391593615262536e-06,
                1.0,
                -0.005794029217213392
            ],
            [
                0.0,
                0.0,
                0.0,
                1.0
            ]
        ]
    },
    {
        "class": "Car",
        "extent": [
            1.8548461198806763,
            4.6045098304748535,
            1.9315931797027588
        ],
        "position": [
            27.38601512190648,
            4.572831353332703,
            -2.5514651847768492
        ],
        "yaw": 2.761465024857085,
        "num_points": 12,
        "distance": 27.882155322579372,
        "speed": 4.757348922668359,
        "brake": 0.0,
        "id": 3424,
        "ego_matrix": [
            [
                -0.9230452179908752,
                -0.38466399908065796,
                -0.004598023369908333,
                -39.667381286621094
            ],
            [
                0.384691447019577,
                -0.9229766130447388,
                -0.011250526644289494,
                -63.13340759277344
            ],
            [
                8.38041232782416e-05,
                -0.0121535649523139,
                0.9999261498451233,
                0.010816306807100773
            ],
            [
                0.0,
                0.0,
                0.0,
                1.0
            ]
        ]
    },
    {
        "class": "Car",
        "extent": [
            1.5248334407806396,
            4.513522624969482,
            2.006814479827881
        ],
        "position": [
            21.017545598547766,
            -42.08465929443663,
            -2.5317209162831213
        ],
        "yaw": -1.5801568043540097,
        "num_points": 0,
        "distance": 47.10907961013239,
        "speed": 3.8621125593238346,
        "brake": 0.0,
        "id": 3427,
        "ego_matrix": [
            [
                -0.02410409227013588,
                0.99970942735672,
                -2.1800160538987257e-05,
                -45.347206115722656
            ],
            [
                -0.99970942735672,
                -0.02410409413278103,
                -6.446230690926313e-05,
                -16.387088775634766
            ],
            [
                -6.496905552921817e-05,
                2.024002060352359e-05,
                1.0,
                0.035849686712026596
            ],
            [
                0.0,
                0.0,
                0.0,
                1.0
            ]
        ]
    },
    {
        "class": "Car",
        "extent": [
            1.4750303030014038,
            3.805800199508667,
            1.97027587890625
        ],
        "position": [
            -15.167477485627725,
            1.8508862390522363,
            -2.475533924733022
        ],
        "yaw": -0.3712758139015024,
        "num_points": 35,
        "distance": 15.4792254767298,
        "speed": 4.941754034312654,
        "brake": 0.0,
        "id": 3429,
        "ego_matrix": [
            [
                0.9264142513275146,
                0.37650588154792786,
                -7.748317875666544e-05,
                -82.1761703491211
            ],
            [
                -0.37650588154792786,
                0.9264142513275146,
                -0.00015709007857367396,
                -59.78430938720703
            ],
            [
                1.2636184692382812e-05,
                0.0001747033529682085,
                1.0,
                0.042091406881809235
            ],
            [
                0.0,
                0.0,
                0.0,
                1.0
            ]
        ]
    },
    {
        "class": "Car",
        "extent": [
            1.5248334407806396,
            4.513522624969482,
            2.006814479827881
        ],
        "position": [
            17.602752037629788,
            -38.2560520707124,
            -2.5271486793139837
        ],
        "yaw": 1.5932342589674384,
        "num_points": 1,
        "distance": 42.187307093279806,
        "speed": -4.528717532141109e-10,
        "brake": 1.0,
        "id": 3431,
        "ego_matrix": [
            [
                -0.007691947277635336,
                -0.9999704360961914,
                3.836515588773182e-06,
                -48.818084716796875
            ],
            [
                0.9999704360961914,
                -0.007691947277635336,
                -1.4037599612493068e-05,
                -20.164928436279297
            ],
            [
                1.4066694348002784e-05,
                3.728425554072601e-06,
                1.0,
                0.035790786147117615
            ],
            [
                0.0,
                0.0,
                0.0,
                1.0
            ]
        ]
    },
    {
        "class": "Car",
        "extent": [
            1.0795789957046509,
            1.4872888326644897,
            0.8592574596405029
        ],
        "position": [
            21.360956355881136,
            -24.055338419408308,
            -2.5612365688824843
        ],
        "yaw": -1.5446330317314974,
        "num_points": 2,
        "distance": 32.272429342581276,
        "speed": 0.8251557218586166,
        "brake": 0.0,
        "id": 3433,
        "ego_matrix": [
            [
                0.011416904628276825,
                0.9999348521232605,
                0.0001515966432634741,
                -45.26964569091797
            ],
            [
                -0.9999179840087891,
                0.011417592875659466,
                -0.005806848872452974,
                -34.41950607299805
            ],
            [
                -0.005808201152831316,
                -8.528796024620533e-05,
                0.9999831318855286,
                0.002033062046393752
            ],
            [
                0.0,
                0.0,
                0.0,
                1.0
            ]
        ]
    },
    {
        "class": "Car",
        "extent": [
            1.488319993019104,
            4.791779518127441,
            2.163450002670288
        ],
        "position": [
            -43.07331462603636,
            -16.479202604644517,
            -2.4912897127228963
        ],
        "yaw": 1.999254738754848,
        "num_points": 5,
        "distance": 46.185290686442144,
        "speed": 4.85809163111319,
        "brake": 0.0,
        "id": 3434,
        "ego_matrix": [
            [
                -0.40201130509376526,
                -0.9156345725059509,
                -0.00040244931005872786,
                -109.80866241455078
            ],
            [
                0.9156346917152405,
                -0.4020112454891205,
                -0.00019023627100978047,
                -41.04472732543945
            ],
            [
                1.2397765203786548e-05,
                -0.00044497367343865335,
                0.9999998807907104,
                0.0013337706914171576
            ],
            [
                0.0,
                0.0,
                0.0,
                1.0
            ]
        ]
    },
    {
        "class": "Car",
        "extent": [
            1.1454535722732544,
            2.0333523750305176,
            0.8025798797607422
        ],
        "position": [
            -40.90188526257096,
            -20.44937322541224,
            -2.4946528771536256
        ],
        "yaw": 1.9291447593715856,
        "num_points": 1,
        "distance": 45.79699090903481,
        "speed": 4.70689041326271,
        "brake": 0.0,
        "id": 3436,
        "ego_matrix": [
            [
                -0.336881160736084,
                -0.9415147304534912,
                0.00780779542401433,
                -107.57892608642578
            ],
            [
                0.941547155380249,
                -0.3368678689002991,
                0.0029989469330757856,
                -37.10700607299805
            ],
            [
                -0.00019335745309945196,
                0.008361696265637875,
                0.9999650120735168,
                0.0013129999861121178
            ],
            [
                0.0,
                0.0,
                0.0,
                1.0
            ]
        ]
    },
    {
        "class": "Car",
        "extent": [
            1.2511454820632935,
            2.2094459533691406,
            0.8670341968536377
        ],
        "position": [
            21.202815466180954,
            -31.439213972318647,
            -2.600265186101333
        ],
        "yaw": -1.547712444899956,
        "num_points": 3,
        "distance": 38.009800551018536,
        "speed": 0.20515298008357116,
        "brake": 0.0,
        "id": 3439,
        "ego_matrix": [
            [
                0.008337746374309063,
                0.999965250492096,
                0.0001167596346931532,
                -45.318851470947266
            ],
            [
                -0.9999547600746155,
                0.008337123319506645,
                0.004587216768413782,
                -27.03409194946289
            ],
            [
                0.004586083814501762,
                -0.00015500139852520078,
                0.9999895095825195,
                -0.03525272384285927
            ],
            [
                0.0,
                0.0,
                0.0,
                1.0
            ]
        ]
    },
    {
        "class": "Car",
        "extent": [
            1.50146484375,
            3.633375883102417,
            1.845113754272461
        ],
        "position": [
            24.861875097397572,
            -24.510496113134547,
            -2.5865183705326276
        ],
        "yaw": -1.5440129146716723,
        "num_points": 4,
        "distance": 35.00810378114878,
        "speed": 3.2624665761688004e-08,
        "brake": 1.0,
        "id": 3445,
        "ego_matrix": [
            [
                0.012037181295454502,
                0.9999275207519531,
                -9.47045464272378e-06,
                -41.76237106323242
            ],
            [
                -0.9999275207519531,
                0.012037181295454502,
                -9.770657015906181e-06,
                -34.016014099121094
            ],
            [
                -9.655952453613281e-06,
                9.58738019107841e-06,
                1.0,
                -0.01939903199672699
            ],
            [
                0.0,
                0.0,
                0.0,
                1.0
            ]
        ]
    },
    {
        "class": "Car",
        "extent": [
            1.6171096563339233,
            3.987684965133667,
            1.8508483171463013
        ],
        "position": [
            -25.736834739678876,
            -4.167859091259989,
            -2.4696416949856883
        ],
        "yaw": -0.7379680622911667,
        "num_points": 9,
        "distance": 26.18883048025917,
        "speed": 4.955191014364426,
        "brake": 0.0,
        "id": 3451,
        "ego_matrix": [
            [
                0.7298362255096436,
                0.6836217641830444,
                -0.0006069446098990738,
                -92.65563201904297
            ],
            [
                -0.6836220622062683,
                0.7298359274864197,
                -0.0006422207225114107,
                -53.61037063598633
            ],
            [
                3.93390610042843e-06,
                0.0008836366469040513,
                0.9999995827674866,
                0.03827502951025963
            ],
            [
                0.0,
                0.0,
                0.0,
                1.0
            ]
        ]
    },
    {
        "class": "Car",
        "extent": [
            1.50146484375,
            3.633375883102417,
            1.845113754272461
        ],
        "position": [
            38.23202765230422,
            6.080725041796556,
            -2.5927134110219168
        ],
        "yaw": -3.1172478980767546,
        "num_points": 0,
        "distance": 38.799295332160085,
        "speed": 3.4739445772752227,
        "brake": 0.0,
        "id": 3454,
        "ego_matrix": [
            [
                -0.9999538660049438,
                0.009598731994628906,
                -0.00036855609505437315,
                -28.844743728637695
            ],
            [
                -0.00959873478859663,
                -0.9999539256095886,
                6.582641617569607e-06,
                -64.80105590820312
            ],
            [
                -0.00036847591400146484,
                1.0120010301761795e-05,
                0.9999999403953552,
                -0.0192607119679451
            ],
            [
                0.0,
                0.0,
                0.0,
                1.0
            ]
        ]
    },
    {
        "class": "Car",
        "extent": [
            1.2765706777572632,
            2.3557403087615967,
            0.7636788487434387
        ],
        "position": [
            -36.01823739055521,
            -32.46790430885382,
            -2.534390931079475
        ],
        "yaw": -1.4956528387530323,
        "num_points": 0,
        "distance": 48.55822661838893,
        "speed": 4.681968625343446,
        "brake": 0.0,
        "id": 3463,
        "ego_matrix": [
            [
                0.06036057695746422,
                0.9981765151023865,
                0.0005566956824623048,
                -102.5185546875
            ],
            [
                -0.9981718063354492,
                0.060362011194229126,
                -0.0030819433741271496,
                -25.16178321838379
            ],
            [
                -0.003109926590695977,
                -0.00036965004983358085,
                0.9999951124191284,
                -0.03010810725390911
            ],
            [
                0.0,
                0.0,
                0.0,
                1.0
            ]
        ]
    }
]