[
    {
        "class": "Car",
        "extent": [
            1.5107464790344238,
            4.901683330535889,
            2.128324270248413
        ],
        "position": [
            -1.3,
            0.0,
            -2.5
        ],
        "yaw": 0,
        "num_points": -1,
        "distance": -1,
        "speed": 3.573628597198438,
        "brake": 0.0,
        "id": 3360,
        "ego_matrix": [
            [
                0.9999865889549255,
                -0.005141676403582096,
                0.0006318649975582957,
                -66.29741668701172
            ],
            [
                0.005141697824001312,
                0.9999867677688599,
                -3.243792161811143e-05,
                -58.11963653564453
            ],
            [
                -0.000631689908914268,
                3.5686345654539764e-05,
                0.9999998211860657,
                0.03373180329799652
            ],
            [
                0.0,
                0.0,
                0.0,
                1.0
            ]
        ]
    },
    {
        "class": "Car",
        "extent": [
            1.5470870733261108,
            3.705369472503662,
            1.7886788845062256
        ],
        "position": [
            45.11792891671535,
            6.7935132221661805,
            -2.5114670592352377
        ],
        "yaw": -3.131155415269177,
        "num_points": 0,
        "distance": 45.69558839125665,
        "speed": 3.179111089950075,
        "brake": 0.0,
        "id": 3366,
        "ego_matrix": [
            [
                -0.9998781681060791,
                0.015577188692986965,
                -0.0009796784725040197,
                -19.84518814086914
            ],
            [
                -0.015578259713947773,
                -0.9998780488967896,
                0.001095408690162003,
                -64.67439270019531
            ],
            [
                -0.0009624955710023642,
                0.001110536977648735,
                0.999998927116394,
                -0.0072994232177734375
            ],
            [
                0.0,
                0.0,
                0.0,
                1.0
            ]
        ]
    },
    {
        "class": "Car",
        "extent": [
            1.4750303030014038,
            3.805800199508667,
            1.97027587890625
        ],
        "position": [
            -13.74591345278601,
            -0.9365526604911637,
            -2.4995397429871145
        ],
        "yaw": -0.32191261570609486,
        "num_points": 32,
        "distance": 14.00267711775604,
        "speed": 3.6181639857992693,
        "brake": 0.0,
        "id": 3370,
        "ego_matrix": [
            [
                0.9502462148666382,
                0.3114997446537018,
                -6.927867070771754e-05,
                -78.74797821044922
            ],
            [
                -0.3114997446537018,
                0.9502462148666382,
                -9.499902807874605e-05,
                -57.24708938598633
            ],
            [
                3.623962038545869e-05,
                0.00011185275798197836,
                1.0,
                0.04208743944764137
            ],
            [
                0.0,
                0.0,
                0.0,
                1.0
            ]
        ]
    },
    {
        "class": "Car",
        "extent": [
            1.6493593454360962,
            4.855708599090576,
            2.0327565670013428
        ],
        "position": [
            43.81209208341063,
            10.289584226916148,
            -2.5145926801232448
        ],
        "yaw": -3.1315106809585935,
        "num_points": 0,
        "distance": 45.074362254334595,
        "speed": 4.62077822736778,
        "brake": 0.0,
        "id": 3371,
        "ego_matrix": [
            [
                -0.9998841285705566,
                0.015223066322505474,
                7.718092092545703e-05,
                -21.133033752441406
            ],
            [
                -0.015223066322505474,
                -0.9998841285705566,
                -2.8620215744012967e-06,
                -68.17713165283203
            ],
            [
                7.712840306339785e-05,
                -4.036620339320507e-06,
                1.0,
                -0.00972492154687643
            ],
            [
                0.0,
                0.0,
                0.0,
                1.0
            ]
        ]
    },
    {
        "class": "Car",
        "extent": [
            1.2511454820632935,
            2.2094459533691406,
            0.8670341968536377
        ],
        "position": [
            12.860866953658808,
            -44.47442150647753,
            -2.5615416292599718
        ],
        "yaw": 1.5669010979189788,
        "num_points": 0,
        "distance": 46.36741919337302,
        "speed": -4.267755994234007e-09,
        "brake": 1.0,
        "id": 3395,
        "ego_matrix": [
            [
                -0.0012464957544580102,
                -0.9999992251396179,
                -1.3307715562405065e-05,
                -52.36545181274414
            ],
            [
                0.9999992251396179,
                -0.0012464956380426884,
                -1.0864640898944344e-05,
                -13.572989463806152
            ],
            [
                1.0848044439626392e-05,
                -1.3321247934072744e-05,
                1.0,
                -0.035167958587408066
            ],
            [
                0.0,
                0.0,
                0.0,
                1.0
            ]
        ]
    },
    {
        "class": "Car",
        "extent": [
            1.5248334407806396,
            4.513522624969482,
            2.006814479827881
        ],
        "position": [
            23.383289722394753,
            -18.14376528671257,
            -2.4829980692884956
        ],
        "yaw": -1.5674328438036944,
        "num_points": 7,
        "distance": 29.700837301881887,
        "speed": -1.1668768371194735e-08,
        "brake": 1.0,
        "id": 3408,
        "ego_matrix": [
            [
                0.008505078963935375,
                0.9999638199806213,
                -4.297402938391315e-06,
                -41.70773696899414
            ],
            [
                -0.9999638199806213,
                0.008505078963935375,
                4.255138264852576e-06,
                -39.84919738769531
            ],
            [
                4.291533969080774e-06,
                4.261057256371714e-06,
                1.0,
                0.03578903153538704
            ],
            [
                0.0,
                0.0,
                0.0,
                1.0
            ]
        ]
    },
    {
        "class": "Car",
        "extent": [
            1.3787471055984497,
            2.2072951793670654,
            1.4809197187423706
        ],
        "position": [
            19.88650018488861,
            -18.232038153188768,
            -2.5188013837647265
        ],
        "yaw": -1.5664625210605239,
        "num_points": 9,
        "distance": 27.09657663310553,
        "speed": 1.1330432779040891e-09,
        "brake": 1.0,
        "id": 3412,
        "ego_matrix": [
            [
                0.009475245140492916,
                0.9999551177024841,
                -5.4535896197194234e-05,
                -45.2049560546875
            ],
            [
                -0.999938428401947,
                0.009475401602685452,
                0.005782195366919041,
                -39.77890396118164
            ],
            [
                0.0057824524119496346,
                -2.551823570229317e-07,
                0.9999833106994629,
                0.0021977615542709827
            ],
            [
                0.0,
                0.0,
                0.0,
                1.0
            ]
        ]
    },
    {
        "class": "Car",
        "extent": [
            1.385296106338501,
            4.181210041046143,
            1.9941171407699585
        ],
        "position": [
            16.351354718298037,
            -43.795124669492075,
            -2.535805741755144
        ],
        "yaw": 1.5659637983733252,
        "num_points": 1,
        "distance": 46.816771105020464,
        "speed": -4.391462389331824e-09,
        "brake": 1.0,
        "id": 3417,
        "ego_matrix": [
            [
                -0.0003091534017585218,
                -0.9999999403953552,
                1.064269326889189e-06,
                -48.87150192260742
            ],
            [
                0.9999999403953552,
                -0.0003091534017585218,
                3.2189796002057847e-06,
                -14.234331130981445
            ],
            [
                -3.2186505904974183e-06,
                1.065264541466604e-06,
                1.0,
                -0.011661224067211151
            ],
            [
                0.0,
                0.0,
                0.0,
                1.0
            ]
        ]
    },
    {
        "class": "Car",
        "extent": [
            1.6355280876159668,
            5.0267767906188965,
            2.1515462398529053
        ],
        "position": [
            23.277918179633858,
            10.466465041954928,
            -2.3889793414104314
        ],
        "yaw": -3.1324731473765484,
        "num_points": 11,
        "distance": 25.634265886619005,
        "speed": 4.771809732995702,
        "brake": 0.0,
        "id": 3418,
        "ego_matrix": [
            [
                -0.9998730421066284,
                0.014262302778661251,
                0.007102732080966234,
                -41.66594314575195
            ],
            [
                -0.014260314404964447,
                -0.9998983144760132,
                0.0003303551930002868,
                -68.4595947265625
            ],
            [
                0.007106720935553312,
                0.00022902604541741312,
                0.9999747276306152,
                0.12885330617427826
            ],
            [
                0.0,
                0.0,
                0.0,
                1.0
            ]
        ]
    },
    {
        "class": "Car",
        "extent": [
            1.300939917564392,
            4.717525005340576,
            1.894826889038086
        ],
        "position": [
            23.336561053273797,
            -34.69112822307256,
            -2.525271820599226
        ],
        "yaw": -1.5497260183479755,
        "num_points": 1,
        "distance": 41.88611293675685,
        "speed": 2.449084768212403,
        "brake": 0.0,
        "id": 3419,
        "ego_matrix": [
            [
                0.02620905078947544,
                0.9996564984321594,
                -5.257063094177283e-06,
                -41.83957290649414
            ],
            [
                -0.9996564984321594,
                0.02620905078947544,
                -2.303387736901641e-05,
                -23.302291870117188
            ],
            [
                -2.2888181774760596e-05,
                5.8589535001374315e-06,
                1.0,
                -0.005864677485078573
            ],
            [
                0.0,
                0.0,
                0.0,
                1.0
            ]
        ]
    },
    {
        "class": "Car",
        "extent": [
            1.8548461198806763,
            4.6045098304748535,
            1.9315931797027588
        ],
        "position": [
            23.298379711937137,
            3.86250967006057,
            -2.5072557451518995
        ],
        "yaw": 2.571343328869063,
        "num_points": 15,
        "distance": 23.74910123614181,
        "speed": 4.766318344090181,
        "brake": 0.0,
        "id": 3424,
        "ego_matrix": [
            [
                -0.8445309400558472,
                -0.5354756116867065,
                -0.0057801008224487305,
                -41.67951202392578
            ],
            [
                0.5355067849159241,
                -0.8444791436195374,
                -0.009355797432363033,
                -61.85561752319336
            ],
            [
                0.00012862682342529297,
                -0.010996543802320957,
                0.9999395608901978,
                0.010799674317240715
            ],
            [
                0.0,
                0.0,
                0.0,
                1.0
            ]
        ]
    },
    {
        "class": "Car",
        "extent": [
            1.5248334407806396,
            4.513522624969482,
            2.006814479827881
        ],
        "position": [
            19.822746312472155,
            -39.97688446166027,
            -2.4857740704916127
        ],
        "yaw": -1.5968804812411366,
        "num_points": 2,
        "distance": 44.69084509560197,
        "speed": 2.8876876073165545,
        "brake": 0.0,
        "id": 3427,
        "ego_matrix": [
            [
                -0.020940840244293213,
                0.9997807145118713,
                -4.513240492087789e-05,
                -45.3804931640625
            ],
            [
                -0.999780535697937,
                -0.020940864458680153,
                -0.0006032204837538302,
                -18.0346736907959
            ],
            [
                -0.0006040333537384868,
                3.249055225751363e-05,
                0.9999998211860657,
                0.03604133427143097
            ],
            [
                0.0,
                0.0,
                0.0,
                1.0
            ]
        ]
    },
    {
        "class": "Car",
        "extent": [
            1.4750303030014038,
            3.805800199508667,
            1.97027587890625
        ],
        "position": [
            -14.837681853928217,
            2.353691779888039,
            -2.500107943383367
        ],
        "yaw": -0.31641325463410847,
        "num_points": 31,
        "distance": 15.22981311512626,
        "speed": 4.943723255204718,
        "brake": 0.0,
        "id": 3429,
        "ego_matrix": [
            [
                0.951944887638092,
                0.3062692880630493,
                -6.559905887115747e-05,
                -79.82281494140625
            ],
            [
                -0.3062692880630493,
                0.951944887638092,
                -0.00016185785352718085,
                -60.542903900146484
            ],
            [
                1.2874602361989673e-05,
                0.00017417073831893504,
                1.0,
                0.042091481387615204
            ],
            [
                0.0,
                0.0,
                0.0,
                1.0
            ]
        ]
    },
    {
        "class": "Car",
        "extent": [
            1.5248334407806396,
            4.513522624969482,
            2.006814479827881
        ],
        "position": [
            16.37424789351234,
            -37.86433287863075,
            -2.4881276113127386
        ],
        "yaw": 1.573346613547243,
        "num_points": 1,
        "distance": 41.328131792183974,
        "speed": -4.438353294114117e-09,
        "brake": 1.0,
        "id": 3431,
        "ego_matrix": [
            [
                -0.007691947277635336,
                -0.9999704360961914,
                3.836515588773182e-06,
                -48.818084716796875
            ],
            [
                0.9999704360961914,
                -0.007691947277635336,
                -1.4037599612493068e-05,
                -20.164928436279297
            ],
            [
                1.4066694348002784e-05,
                3.728425554072601e-06,
                1.0,
                0.035790786147117615
            ],
            [
                0.0,
                0.0,
                0.0,
                1.0
            ]
        ]
    },
    {
        "class": "Car",
        "extent": [
            1.0795789957046509,
            1.4872888326644897,
            0.8592574596405029
        ],
        "position": [
            19.850507285755146,
            -23.353384610735876,
            -2.518488216996955
        ],
        "yaw": -1.5607578968475198,
        "num_points": 1,
        "distance": 30.753308686675094,
        "speed": -0.06301028911841833,
        "brake": 0.3469785451889038,
        "id": 3433,
        "ego_matrix": [
            [
                0.015179325826466084,
                0.9998844861984253,
                -0.0007506712572649121,
                -45.26728057861328
            ],
            [
                -0.9998664855957031,
                0.015183587558567524,
                0.00604223320260644,
                -34.65781021118164
            ],
            [
                0.006052933633327484,
                0.0006588539690710604,
                0.9999814629554749,
                0.0027164267376065254
            ],
            [
                0.0,
                0.0,
                0.0,
                1.0
            ]
        ]
    },
    {
        "class": "Car",
        "extent": [
            1.488319993019104,
            4.791779518127441,
            2.163450002670288
        ],
        "position": [
            -45.58053056464235,
            -19.572007850736334,
            -2.5610680989613925
        ],
        "yaw": 1.9320435197122716,
        "num_points": 1,
        "distance": 49.67099080621503,
        "speed": 4.860253844026621,
        "brake": 0.0,
        "id": 3434,
        "ego_matrix": [
            [
                -0.3582462966442108,
                -0.9336270093917847,
                -0.0004111958551220596,
                -110.67802429199219
            ],
            [
                0.9336271286010742,
                -0.3582462668418884,
                -0.00017106096493080258,
                -38.77556228637695
            ],
            [
                1.2397765203786548e-05,
                -0.00044518554932437837,
                0.9999998807907104,
                0.0013337326236069202
            ],
            [
                0.0,
                0.0,
                0.0,
                1.0
            ]
        ]
    },
    {
        "class": "Car",
        "extent": [
            1.1454535722732544,
            2.0333523750305176,
            0.8025798797607422
        ],
        "position": [
            -43.17193986615581,
            -23.47252458573433,
            -2.559706582390369
        ],
        "yaw": 1.8602654693802378,
        "num_points": 1,
        "distance": 49.20699035729384,
        "speed": 4.709344035334519,
        "brake": 0.0,
        "id": 3436,
        "ego_matrix": [
            [
                -0.2903675436973572,
                -0.9568818807601929,
                0.007986574433743954,
                -108.28952026367188
            ],
            [
                0.9569151997566223,
                -0.29035574197769165,
                0.0026255124248564243,
                -34.86271286010742
            ],
            [
                -0.00019335745309945196,
                0.008404837921261787,
                0.9999646544456482,
                0.0013129618018865585
            ],
            [
                0.0,
                0.0,
                0.0,
                1.0
            ]
        ]
    },
    {
        "class": "Car",
        "extent": [
            1.2511454820632935,
            2.2094459533691406,
            0.8670341968536377
        ],
        "position": [
            19.840750755903954,
            -30.391288170784122,
            -2.5565992047236614
        ],
        "yaw": -1.566966657454876,
        "num_points": 3,
        "distance": 36.38436459155415,
        "speed": 1.655805915345935,
        "brake": 0.0,
        "id": 3439,
        "ego_matrix": [
            [
                0.008971278555691242,
                0.9999597668647766,
                2.5438330339966342e-05,
                -45.31324768066406
            ],
            [
                -0.9999585747718811,
                0.00897130649536848,
                -0.0015567070804536343,
                -27.62004852294922
            ],
            [
                -0.0015568726230412722,
                -1.1471623110992368e-05,
                0.9999988079071045,
                -0.03513723239302635
            ],
            [
                0.0,
                0.0,
                0.0,
                1.0
            ]
        ]
    },
    {
        "class": "Car",
        "extent": [
            1.50146484375,
            3.633375883102417,
            1.845113754272461
        ],
        "position": [
            23.35868368842146,
            -23.977150330630092,
            -2.538409860666336
        ],
        "yaw": -1.5639005600918678,
        "num_points": 5,
        "distance": 33.57045376896311,
        "speed": -3.6948817945202644e-09,
        "brake": 1.0,
        "id": 3445,
        "ego_matrix": [
            [
                0.012037181295454502,
                0.9999275207519531,
                -9.47045464272378e-06,
                -41.76237106323242
            ],
            [
                -0.9999275207519531,
                0.012037181295454502,
                -9.770657015906181e-06,
                -34.016014099121094
            ],
            [
                -9.655952453613281e-06,
                9.58738019107841e-06,
                1.0,
                -0.01939903199672699
            ],
            [
                0.0,
                0.0,
                0.0,
                1.0
            ]
        ]
    },
    {
        "class": "Car",
        "extent": [
            1.6171096563339233,
            3.987684965133667,
            1.8508483171463013
        ],
        "position": [
            -25.714530418231323,
            -3.0770571006091365,
            -2.5109887277741567
        ],
        "yaw": -0.6852646608775547,
        "num_points": 10,
        "distance": 26.01942388719554,
        "speed": 4.956843124037083,
        "brake": 0.0,
        "id": 3451,
        "ego_matrix": [
            [
                0.7774954438209534,
                0.6288883686065674,
                -0.000568780698813498,
                -90.72744750976562
            ],
            [
                -0.6288886070251465,
                0.7774951457977295,
                -0.0006976869190111756,
                -55.16815185546875
            ],
            [
                3.457069169598981e-06,
                0.0009001480648294091,
                0.9999995827674866,
                0.03827529773116112
            ],
            [
                0.0,
                0.0,
                0.0,
                1.0
            ]
        ]
    },
    {
        "class": "Car",
        "extent": [
            1.50146484375,
            3.633375883102417,
            1.845113754272461
        ],
        "position": [
            34.45632222908593,
            6.8812667180752785,
            -2.5300478191807834
        ],
        "yaw": -3.1371243582203716,
        "num_points": 1,
        "distance": 35.22770380208215,
        "speed": 3.1581585422517593,
        "brake": 0.0,
        "id": 3454,
        "ego_matrix": [
            [
                -0.99995356798172,
                0.009609933942556381,
                -0.0006589364493265748,
                -30.50621223449707
            ],
            [
                -0.009609938599169254,
                -0.9999538064002991,
                3.787845798797207e-06,
                -64.81696319580078
            ],
            [
                -0.0006588696269318461,
                1.0120008482772391e-05,
                0.9999997615814209,
                -0.019148482009768486
            ],
            [
                0.0,
                0.0,
                0.0,
                1.0
            ]
        ]
    },
    {
        "class": "Car",
        "extent": [
            1.2765706777572632,
            2.3557403087615967,
            0.7636788487434387
        ],
        "position": [
            -37.19301163995795,
            -30.807485011378994,
            -2.587611749140311
        ],
        "yaw": -1.49556371336238,
        "num_points": 3,
        "distance": 48.36441855476687,
        "speed": 4.683822324160916,
        "brake": 0.0,
        "id": 3463,
        "ego_matrix": [
            [
                0.08028741925954819,
                0.9967631697654724,
                0.004143526311963797,
                -102.34840393066406
            ],
            [
                -0.9967669248580933,
                0.08029930293560028,
                -0.0027862228453159332,
                -27.497106552124023
            ],
            [
                -0.003109926590695977,
                -0.003906431142240763,
                0.9999875426292419,
                -0.030107269063591957
            ],
            [
                0.0,
                0.0,
                0.0,
                1.0
            ]
        ]
    }
]