[
    {
        "class": "Car",
        "extent": [
            1.5107464790344238,
            4.901683330535889,
            2.128324270248413
        ],
        "position": [
            -1.3,
            0.0,
            -2.5
        ],
        "yaw": 0,
        "num_points": -1,
        "distance": -1,
        "speed": 1.3028368846617584e-05,
        "brake": 0.0,
        "id": 282,
        "ego_matrix": [
            [
                -0.0028137369081377983,
                0.9999960660934448,
                -2.1240466594463214e-05,
                -41.48866653442383
            ],
            [
                -0.9999960660934448,
                -0.002813736442476511,
                2.3067246729624458e-05,
                112.9452896118164
            ],
            [
                2.3007391064311378e-05,
                2.130528628185857e-05,
                1.0,
                0.022764014080166817
            ],
            [
                0.0,
                0.0,
                0.0,
                1.0
            ]
        ]
    },
    {
        "class": "Car",
        "extent": [
            1.5107464790344238,
            4.901683330535889,
            2.128324270248413
        ],
        "position": [
            -25.347022348614587,
            15.423715181456696,
            -2.5180470423989467
        ],
        "yaw": 1.5797558649317498,
        "num_points": 5,
        "distance": 29.777560223221766,
        "speed": -2.6123009717439108e-08,
        "brake": 0.0,
        "id": 285,
        "ego_matrix": [
            [
                0.9999811053276062,
                -0.006145736668258905,
                -0.0,
                -56.84465789794922
            ],
            [
                0.006145736668258905,
                0.9999811053276062,
                0.0,
                137.03561401367188
            ],
            [
                0.0,
                -0.0,
                1.0,
                0.0038351058028638363
            ],
            [
                0.0,
                0.0,
                0.0,
                1.0
            ]
        ]
    },
    {
        "class": "Car",
        "extent": [
            1.4750303030014038,
            3.805800199508667,
            1.97027587890625
        ],
        "position": [
            29.01991891722455,
            6.99997426872801,
            -2.5080326135522766
        ],
        "yaw": 3.1415922541156296,
        "num_points": 0,
        "distance": 29.957395769922716,
        "speed": 5.787302172266079e-05,
        "brake": 0.0,
        "id": 287,
        "ego_matrix": [
            [
                0.0028141262009739876,
                -0.9999960660934448,
                0.00010276999819325283,
                -48.57392501831055
            ],
            [
                0.9999960660934448,
                0.002814105711877346,
                -0.00019936950411647558,
                82.64518737792969
            ],
            [
                0.00019907949899788946,
                0.00010333063983125612,
                1.0,
                0.015279846265912056
            ],
            [
                0.0,
                0.0,
                0.0,
                1.0
            ]
        ]
    },
    {
        "class": "Car",
        "extent": [
            1.5470870733261108,
            3.705369472503662,
            1.7886788845062256
        ],
        "position": [
            -28.92630560083475,
            -12.82945365268247,
            -2.5574517895742024
        ],
        "yaw": 1.5797648889906857,
        "num_points": 1,
        "distance": 31.74691475396007,
        "speed": 0.00015195392248500624,
        "brake": 0.0,
        "id": 297,
        "ego_matrix": [
            [
                0.9999809265136719,
                -0.006155353505164385,
                -0.0005090457852929831,
                -28.58152961730957
            ],
            [
                0.0061547597870230675,
                0.9999803900718689,
                -0.0011600319994613528,
                140.53538513183594
            ],
            [
                0.0005161762237548828,
                0.0011568767949938774,
                0.9999992251396179,
                -0.03505004942417145
            ],
            [
                0.0,
                0.0,
                0.0,
                1.0
            ]
        ]
    },
    {
        "class": "Car",
        "extent": [
            1.2765706777572632,
            2.3557403087615967,
            0.7636788487434387
        ],
        "position": [
            -17.17639981988482,
            29.045533264363993,
            -2.5790999000534076
        ],
        "yaw": -1.3433012501551123,
        "num_points": 2,
        "distance": 33.842627996038814,
        "speed": -0.00041071686176560353,
        "brake": 0.0,
        "id": 299,
        "ego_matrix": [
            [
                -0.9748639464378357,
                0.22280094027519226,
                -0.00011678214650601149,
                -70.48941040039062
            ],
            [
                -0.22279539704322815,
                -0.9748430848121643,
                -0.006565042305737734,
                128.90335083007812
            ],
            [
                -0.0015765420394018292,
                -0.006374004762619734,
                0.9999784231185913,
                -0.05731998383998871
            ],
            [
                0.0,
                0.0,
                0.0,
                1.0
            ]
        ]
    },
    {
        "class": "Car",
        "extent": [
            1.5542958974838257,
            4.974244117736816,
            2.0384013652801514
        ],
        "position": [
            19.199994077015877,
            0.1131462908532818,
            -2.5691812424739005
        ],
        "yaw": -1.917475984836159e-05,
        "num_points": 36,
        "distance": 19.37145495044857,
        "speed": 0.00047292366780680555,
        "brake": 1.0,
        "id": 302,
        "ego_matrix": [
            [
                -0.0028329293709248304,
                0.999994695186615,
                -0.0016108161071315408,
                -41.65949249267578
            ],
            [
                -0.9999960064888,
                -0.002833007136359811,
                -4.610073665389791e-05,
                92.44569396972656
            ],
            [
                -5.0663944421103224e-05,
                0.0016106789698824286,
                0.9999986886978149,
                -0.04594798758625984
            ],
            [
                0.0,
                0.0,
                0.0,
                1.0
            ]
        ]
    },
    {
        "class": "Car",
        "extent": [
            1.8548461198806763,
            4.6045098304748535,
            1.9315931797027588
        ],
        "position": [
            -28.84693609908235,
            15.454668034726248,
            -2.6116702331932253
        ],
        "yaw": 1.5797553166950722,
        "num_points": 0,
        "distance": 32.83006713022496,
        "speed": 0.00017589045661768675,
        "brake": 0.0,
        "id": 304,
        "ego_matrix": [
            [
                0.9999805688858032,
                -0.006145799532532692,
                -0.001041010138578713,
                -56.865760803222656
            ],
            [
                0.006145185325294733,
                0.9999809265136719,
                -0.0005923037533648312,
                140.5355987548828
            ],
            [
                0.0010446306550875306,
                0.0005858950898982584,
                0.9999992847442627,
                -0.08986926823854446
            ],
            [
                0.0,
                0.0,
                0.0,
                1.0
            ]
        ]
    },
    {
        "class": "Car",
        "extent": [
            1.6355280876159668,
            5.0267767906188965,
            2.1515462398529053
        ],
        "position": [
            11.483687758245766,
            10.549260098532631,
            -2.414642044556436
        ],
        "yaw": 3.1415923872736844,
        "num_points": 60,
        "distance": 15.779495218755132,
        "speed": 0.0011919726288456259,
        "brake": 0.0,
        "id": 314,
        "ego_matrix": [
            [
                0.0028139292262494564,
                -0.9999960660934448,
                0.00022250784968491644,
                -52.073856353759766
            ],
            [
                0.9999684691429138,
                0.002812198828905821,
                -0.007429352030158043,
                100.19133758544922
            ],
            [
                0.007428696379065514,
                0.00024340649542864412,
                0.999972403049469,
                0.10819133371114731
            ],
            [
                0.0,
                0.0,
                0.0,
                1.0
            ]
        ]
    },
    {
        "class": "Car",
        "extent": [
            1.5107464790344238,
            4.901683330535889,
            2.128324270248413
        ],
        "position": [
            -20.58573430779632,
            29.83540151733717,
            -2.517849275036297
        ],
        "yaw": -1.3433060438450741,
        "num_points": 9,
        "distance": 36.335426317351896,
        "speed": -1.3129986949632342e-08,
        "brake": 0.0,
        "id": 323,
        "ego_matrix": [
            [
                -0.9748662114143372,
                0.22279103100299835,
                0.0,
                -71.26968383789062
            ],
            [
                -0.22279103100299835,
                -0.9748662114143372,
                0.0,
                132.3148956298828
            ],
            [
                0.0,
                -0.0,
                1.0,
                0.0038353728596121073
            ],
            [
                0.0,
                0.0,
                0.0,
                1.0
            ]
        ]
    },
    {
        "class": "Car",
        "extent": [
            1.8779358863830566,
            3.866220712661743,
            1.9051965475082397
        ],
        "position": [
            -22.18987439910125,
            -44.45573982630992,
            -2.6130528422396764
        ],
        "yaw": -1.5618359881492705,
        "num_points": 1,
        "distance": 49.75471208346787,
        "speed": 0.0006651425227880383,
        "brake": 0.0,
        "id": 342,
        "ego_matrix": [
            [
                -0.999980092048645,
                0.006146725732833147,
                0.001434231293387711,
                3.02567720413208
            ],
            [
                -0.006146537140011787,
                -0.9999811053276062,
                0.00013611720351036638,
                133.70999145507812
            ],
            [
                0.0014350408455356956,
                0.00012729893205687404,
                0.9999989867210388,
                -0.08982230722904205
            ],
            [
                0.0,
                0.0,
                0.0,
                1.0
            ]
        ]
    },
    {
        "class": "Car",
        "extent": [
            1.4750303030014038,
            3.805800199508667,
            1.97027587890625
        ],
        "position": [
            41.8904249010158,
            -14.588186740984664,
            -2.508788786822069
        ],
        "yaw": 1.5748889194443159,
        "num_points": 2,
        "distance": 44.42878472290649,
        "speed": 5.7870669657024914e-05,
        "brake": 0.0,
        "id": 348,
        "ego_matrix": [
            [
                0.9999991655349731,
                -0.0012788500171154737,
                -0.00019894719298463315,
                -27.022064208984375
            ],
            [
                0.0012788294116035104,
                0.9999991655349731,
                -0.00010358513100072742,
                69.7139892578125
            ],
            [
                0.00019907949899788946,
                0.00010333063255529851,
                1.0,
                0.015279731713235378
            ],
            [
                0.0,
                0.0,
                0.0,
                1.0
            ]
        ]
    },
    {
        "class": "Car",
        "extent": [
            1.8548461198806763,
            4.6045098304748535,
            1.9315931797027588
        ],
        "position": [
            -25.426656404736807,
            -12.861020590258724,
            -2.6123521987782787
        ],
        "yaw": 1.579755412402424,
        "num_points": 11,
        "distance": 28.61372206753368,
        "speed": 0.0001784312742793005,
        "brake": 0.0,
        "id": 357,
        "ego_matrix": [
            [
                0.9999805688858032,
                -0.00614589499309659,
                -0.0010411293478682637,
                -28.5598087310791
            ],
            [
                0.006145280785858631,
                0.9999809265136719,
                -0.000592304568272084,
                137.03565979003906
            ],
            [
                0.0010447498643770814,
                0.0005858950316905975,
                0.9999992847442627,
                -0.08986926823854446
            ],
            [
                0.0,
                0.0,
                0.0,
                1.0
            ]
        ]
    },
    {
        "class": "Car",
        "extent": [
            1.3787471055984497,
            2.2072951793670654,
            1.4809197187423706
        ],
        "position": [
            11.481962814756912,
            7.049581901594067,
            -2.547743716014056
        ],
        "yaw": 3.1414460465717844,
        "num_points": 25,
        "distance": 13.712150564708375,
        "speed": 0.005315715376916136,
        "brake": 0.0,
        "id": 381,
        "ego_matrix": [
            [
                0.002960008103400469,
                -0.9999521374702454,
                0.009323065169155598,
                -48.57418441772461
            ],
            [
                0.9998646974563599,
                0.0028086674865335226,
                -0.016204385086894035,
                100.18321228027344
            ],
            [
                0.016177425161004066,
                0.009369769133627415,
                0.9998251795768738,
                -0.024835815653204918
            ],
            [
                0.0,
                0.0,
                0.0,
                1.0
            ]
        ]
    },
    {
        "class": "Car",
        "extent": [
            1.0795789957046509,
            1.4872888326644897,
            0.8592574596405029
        ],
        "position": [
            -22.13136162034827,
            -23.02051014103514,
            -2.6130801161010697
        ],
        "yaw": -1.5617355869761742,
        "num_points": 2,
        "distance": 32.04011925722638,
        "speed": 0.0023643574446970406,
        "brake": 0.0,
        "id": 382,
        "ego_matrix": [
            [
                -0.9999473690986633,
                0.0061265695840120316,
                0.008230328559875488,
                -18.409631729125977
            ],
            [
                -0.006246708333492279,
                -0.9998732209205627,
                -0.014651582576334476,
                133.7117919921875
            ],
            [
                0.008139519020915031,
                -0.014702224172651768,
                0.9998587965965271,
                -0.0903049185872078
            ],
            [
                0.0,
                0.0,
                0.0,
                1.0
            ]
        ]
    },
    {
        "class": "Car",
        "extent": [
            1.5470870733261108,
            3.705369472503662,
            1.7886788845062256
        ],
        "position": [
            19.200417009746175,
            3.6147571752022047,
            -2.5582085584693965
        ],
        "yaw": 1.06526443606203e-05,
        "num_points": 17,
        "distance": 19.70448968667933,
        "speed": 0.00015163595189696225,
        "brake": 0.0,
        "id": 384,
        "ego_matrix": [
            [
                -0.002803127048537135,
                0.9999954104423523,
                -0.0011559578124433756,
                -45.16109085083008
            ],
            [
                -0.9999959468841553,
                -0.0028025279752910137,
                0.0005194182158447802,
                92.45512390136719
            ],
            [
                0.0005161762237548828,
                0.001157409162260592,
                0.9999992251396179,
                -0.03504989668726921
            ],
            [
                0.0,
                0.0,
                0.0,
                1.0
            ]
        ]
    },
    {
        "class": "Car",
        "extent": [
            1.5470870733261108,
            3.705369472503662,
            1.7886788845062256
        ],
        "position": [
            29.01977858167828,
            10.49984090018319,
            -2.5582880521582343
        ],
        "yaw": 3.1416014420213907,
        "num_points": 10,
        "distance": 30.96674095891605,
        "speed": 0.00015190973264107645,
        "brake": 0.0,
        "id": 390,
        "ego_matrix": [
            [
                0.0028049468528479338,
                -0.9999954104423523,
                0.001155424164608121,
                -52.07377624511719
            ],
            [
                0.9999959468841553,
                0.002804348012432456,
                -0.0005194187979213893,
                82.6551742553711
            ],
            [
                0.0005161762237548828,
                0.001156876445747912,
                0.9999992251396179,
                -0.0350501611828804
            ],
            [
                0.0,
                0.0,
                0.0,
                1.0
            ]
        ]
    },
    {
        "class": "Car",
        "extent": [
            1.488319993019104,
            4.791779518127441,
            2.163450002670288
        ],
        "position": [
            -25.65555710661886,
            -32.265815274924975,
            -2.554597898795265
        ],
        "yaw": 1.579755727612506,
        "num_points": 1,
        "distance": 41.30153043448986,
        "speed": -7.715277711800907e-09,
        "brake": 0.0,
        "id": 405,
        "ego_matrix": [
            [
                0.9999811053276062,
                -0.00614559929817915,
                -0.0,
                -9.154448509216309
            ],
            [
                0.00614559929817915,
                0.9999811053276062,
                0.0,
                137.2099609375
            ],
            [
                0.0,
                -0.0,
                1.0,
                -0.031706809997558594
            ],
            [
                0.0,
                0.0,
                0.0,
                1.0
            ]
        ]
    },
    {
        "class": "Car",
        "extent": [
            1.300939917564392,
            4.717525005340576,
            1.894826889038086
        ],
        "position": [
            -29.15542185187617,
            -32.234473516867716,
            -2.5556928159737473
        ],
        "yaw": 1.5797557177296817,
        "num_points": 2,
        "distance": 43.53885014604916,
        "speed": 1.5481887003047654e-05,
        "brake": 0.0,
        "id": 411,
        "ego_matrix": [
            [
                0.9999811053276062,
                -0.006145591381937265,
                -5.029173553339206e-05,
                -9.175942420959473
            ],
            [
                0.006145589519292116,
                0.9999811053276062,
                -4.13225352531299e-05,
                140.70989990234375
            ],
            [
                5.054473876953125e-05,
                4.1012681322172284e-05,
                1.0,
                -0.032882917672395706
            ],
            [
                0.0,
                0.0,
                0.0,
                1.0
            ]
        ]
    }
]