[
    {
        "class": "Car",
        "extent": [
            1.5107464790344238,
            4.901683330535889,
            2.128324270248413
        ],
        "position": [
            -1.3,
            0.0,
            -2.5
        ],
        "yaw": 0,
        "num_points": -1,
        "distance": -1,
        "speed": 2.600466853974999e-07,
        "brake": 0.0,
        "id": 282,
        "ego_matrix": [
            [
                -0.0028137369081377983,
                0.9999960660934448,
                -1.5945360019031796e-06,
                -41.48867416381836
            ],
            [
                -0.9999960660934448,
                -0.0028137369081377983,
                1.1965842077188427e-06,
                112.94529724121094
            ],
            [
                1.1920927818209748e-06,
                1.5978964711393928e-06,
                1.0,
                0.03313331678509712
            ],
            [
                0.0,
                0.0,
                0.0,
                1.0
            ]
        ]
    },
    {
        "class": "Car",
        "extent": [
            1.5107464790344238,
            4.901683330535889,
            2.128324270248413
        ],
        "position": [
            -25.347014305784548,
            15.423707139324128,
            -2.500426654640536
        ],
        "yaw": 1.5797558649317498,
        "num_points": 13,
        "distance": 29.77606437379731,
        "speed": -3.1181175622460756e-08,
        "brake": 0.0,
        "id": 285,
        "ego_matrix": [
            [
                0.9999811053276062,
                -0.006145736668258905,
                -0.0,
                -56.84465789794922
            ],
            [
                0.006145736668258905,
                0.9999811053276062,
                0.0,
                137.03561401367188
            ],
            [
                0.0,
                -0.0,
                1.0,
                0.03265335038304329
            ],
            [
                0.0,
                0.0,
                0.0,
                1.0
            ]
        ]
    },
    {
        "class": "Car",
        "extent": [
            1.4750303030014038,
            3.805800199508667,
            1.97027587890625
        ],
        "position": [
            29.01999534096163,
            6.999954791577143,
            -2.490320600170044
        ],
        "yaw": 3.1415922541156296,
        "num_points": 0,
        "distance": 29.955987604570637,
        "speed": 2.175456388278658e-07,
        "brake": 0.0,
        "id": 287,
        "ego_matrix": [
            [
                0.0028141262009739876,
                -0.9999960660934448,
                4.250305210007355e-06,
                -48.57391357421875
            ],
            [
                0.9999960660934448,
                0.0028141262009739876,
                -3.826673037110595e-06,
                82.6451187133789
            ],
            [
                3.8146970382513246e-06,
                4.261057256371714e-06,
                1.0,
                0.04283767566084862
            ],
            [
                0.0,
                0.0,
                0.0,
                1.0
            ]
        ]
    },
    {
        "class": "Car",
        "extent": [
            1.5470870733261108,
            3.705369472503662,
            1.7886788845062256
        ],
        "position": [
            -28.92626613447429,
            -12.829441562946096,
            -2.540404170488545
        ],
        "yaw": 1.5797649191593075,
        "num_points": 1,
        "distance": 31.74550514086866,
        "speed": -1.3049333952339582e-06,
        "brake": 0.0,
        "id": 297,
        "ego_matrix": [
            [
                0.9999809265136719,
                -0.006155319046229124,
                -0.0004749194486066699,
                -28.58155059814453
            ],
            [
                0.0061547900550067425,
                0.9999804496765137,
                -0.001107090269215405,
                140.5353546142578
            ],
            [
                0.0004817246808670461,
                0.0011041462421417236,
                0.9999992847442627,
                -0.007283286657184362
            ],
            [
                0.0,
                0.0,
                0.0,
                1.0
            ]
        ]
    },
    {
        "class": "Car",
        "extent": [
            1.2765706777572632,
            2.3557403087615967,
            0.7636788487434387
        ],
        "position": [
            -17.176315781500268,
            29.044943967810447,
            -2.562162713225859
        ],
        "yaw": -1.3432839396080267,
        "num_points": 1,
        "distance": 33.84079301210462,
        "speed": 3.491060987252939e-05,
        "brake": 0.0,
        "id": 299,
        "ego_matrix": [
            [
                -0.974856972694397,
                0.2228124588727951,
                -0.002901640720665455,
                -70.48883056640625
            ],
            [
                -0.22281165421009064,
                -0.9748613238334656,
                -0.0006003618473187089,
                128.9032745361328
            ],
            [
                -0.0029624656308442354,
                6.125244544818997e-05,
                0.9999955892562866,
                -0.02909473329782486
            ],
            [
                0.0,
                0.0,
                0.0,
                1.0
            ]
        ]
    },
    {
        "class": "Car",
        "extent": [
            1.5542958974838257,
            4.974244117736816,
            2.0384013652801514
        ],
        "position": [
            19.201772685227773,
            0.11294535681383511,
            -2.556390168596468
        ],
        "yaw": -1.7710021248840135e-05,
        "num_points": 26,
        "distance": 19.371524503840217,
        "speed": 0.0003571271431789354,
        "brake": 1.0,
        "id": 302,
        "ego_matrix": [
            [
                -0.002831472083926201,
                0.9999960064888,
                6.422068508982193e-06,
                -41.659305572509766
            ],
            [
                -0.9999865889549255,
                -0.002831473480910063,
                0.0043372963555157185,
                92.44392395019531
            ],
            [
                0.004337296821177006,
                5.858950316905975e-06,
                0.9999905824661255,
                -0.02323259226977825
            ],
            [
                0.0,
                0.0,
                0.0,
                1.0
            ]
        ]
    },
    {
        "class": "Car",
        "extent": [
            1.8548461198806763,
            4.6045098304748535,
            1.9315931797027588
        ],
        "position": [
            -28.84689455095242,
            15.45495546423485,
            -2.504842064782825
        ],
        "yaw": 1.5797560511449666,
        "num_points": 3,
        "distance": 32.82184040246306,
        "speed": 4.373382418943093e-05,
        "brake": 0.0,
        "id": 304,
        "ego_matrix": [
            [
                0.9999810457229614,
                -0.006145909894257784,
                -0.0002769696293398738,
                -56.866058349609375
            ],
            [
                0.006145922467112541,
                0.9999811053276062,
                4.55036097264383e-05,
                140.5355682373047
            ],
            [
                0.0002766847610473633,
                -4.720497963717207e-05,
                0.9999999403953552,
                0.028233718127012253
            ],
            [
                0.0,
                0.0,
                0.0,
                1.0
            ]
        ]
    },
    {
        "class": "Car",
        "extent": [
            1.6355280876159668,
            5.0267767906188965,
            2.1515462398529053
        ],
        "position": [
            11.483823202660373,
            10.549249930037153,
            -2.4047761816955613
        ],
        "yaw": 3.1415925204317388,
        "num_points": 47,
        "distance": 15.778080298959056,
        "speed": 4.231349121145069e-05,
        "brake": 0.0,
        "id": 314,
        "ego_matrix": [
            [
                0.0028138170018792152,
                -0.9999960660934448,
                0.00021278986241668463,
                -52.0738525390625
            ],
            [
                0.9999709129333496,
                0.002812235848978162,
                -0.00709733460098505,
                100.19120788574219
            ],
            [
                0.007096707355231047,
                0.00023275427520275116,
                0.9999748468399048,
                0.12835551798343658
            ],
            [
                0.0,
                0.0,
                0.0,
                1.0
            ]
        ]
    },
    {
        "class": "Car",
        "extent": [
            1.5107464790344238,
            4.901683330535889,
            2.128324270248413
        ],
        "position": [
            -20.585726264972152,
            29.835393473011674,
            -2.5004090749117056
        ],
        "yaw": -1.3433060438450741,
        "num_points": 12,
        "distance": 36.33421080865377,
        "speed": 5.802325000745322e-09,
        "brake": 0.0,
        "id": 323,
        "ego_matrix": [
            [
                -0.9748662114143372,
                0.22279103100299835,
                0.0,
                -71.26968383789062
            ],
            [
                -0.22279103100299835,
                -0.9748662114143372,
                0.0,
                132.3148956298828
            ],
            [
                0.0,
                -0.0,
                1.0,
                0.032653577625751495
            ],
            [
                0.0,
                0.0,
                0.0,
                1.0
            ]
        ]
    },
    {
        "class": "Car",
        "extent": [
            1.8779358863830566,
            3.866220712661743,
            1.9051965475082397
        ],
        "position": [
            -22.18988079231804,
            -44.456220926952206,
            -2.506009345642769
        ],
        "yaw": -1.5618359881492705,
        "num_points": 1,
        "distance": 49.74963790344325,
        "speed": -1.2795737369872032e-05,
        "brake": 0.0,
        "id": 342,
        "ego_matrix": [
            [
                -0.9999810457229614,
                0.006146568339318037,
                0.0002951096394099295,
                3.0261483192443848
            ],
            [
                -0.006146542727947235,
                -0.9999811053276062,
                8.70366784511134e-05,
                133.7100067138672
            ],
            [
                0.0002956390380859375,
                8.522112329956144e-05,
                0.9999999403953552,
                0.027170104905962944
            ],
            [
                0.0,
                0.0,
                0.0,
                1.0
            ]
        ]
    },
    {
        "class": "Car",
        "extent": [
            1.4750303030014038,
            3.805800199508667,
            1.97027587890625
        ],
        "position": [
            41.89043288587959,
            -14.588125922628237,
            -2.4903703602144747
        ],
        "yaw": 1.5748889425909307,
        "num_points": 5,
        "distance": 44.42773604216036,
        "speed": 2.1789454604712531e-07,
        "brake": 0.0,
        "id": 348,
        "ego_matrix": [
            [
                0.9999991655349731,
                -0.001278852578252554,
                -3.809244617514196e-06,
                -27.022132873535156
            ],
            [
                0.001278852578252554,
                0.9999991655349731,
                -4.265932147973217e-06,
                69.7139892578125
            ],
            [
                3.8146970382513246e-06,
                4.261057256371714e-06,
                1.0,
                0.042837753891944885
            ],
            [
                0.0,
                0.0,
                0.0,
                1.0
            ]
        ]
    },
    {
        "class": "Car",
        "extent": [
            1.8548461198806763,
            4.6045098304748535,
            1.9315931797027588
        ],
        "position": [
            -25.426630126069465,
            -12.86073693412795,
            -2.50489138760199
        ],
        "yaw": 1.5797560885956694,
        "num_points": 21,
        "distance": 28.603960476138067,
        "speed": 4.3350377803204963e-05,
        "brake": 0.0,
        "id": 357,
        "ego_matrix": [
            [
                0.9999810457229614,
                -0.006145947612822056,
                -0.0002769598795566708,
                -28.560102462768555
            ],
            [
                0.006145959720015526,
                0.9999811053276062,
                4.391715629026294e-05,
                137.03564453125
            ],
            [
                0.0002766847610473633,
                -4.5618508011102676e-05,
                0.9999999403953552,
                0.028233718127012253
            ],
            [
                0.0,
                0.0,
                0.0,
                1.0
            ]
        ]
    },
    {
        "class": "Car",
        "extent": [
            1.3787471055984497,
            2.2072951793670654,
            1.4809197187423706
        ],
        "position": [
            11.484763743225809,
            7.0495349046894455,
            -2.53030491844768
        ],
        "yaw": 3.1415946509606107,
        "num_points": 29,
        "distance": 13.711242963001913,
        "speed": 0.00039283281072369225,
        "brake": 0.0,
        "id": 381,
        "ego_matrix": [
            [
                0.002811708487570286,
                -0.9999960660934448,
                8.746140520088375e-05,
                -48.574153900146484
            ],
            [
                0.9999841451644897,
                0.002811247482895851,
                -0.004886395763605833,
                100.180419921875
            ],
            [
                0.004886130336672068,
                0.00010119913349626586,
                0.9999880790710449,
                0.0028323745355010033
            ],
            [
                0.0,
                0.0,
                0.0,
                1.0
            ]
        ]
    },
    {
        "class": "Car",
        "extent": [
            1.0795789957046509,
            1.4872888326644897,
            0.8592574596405029
        ],
        "position": [
            -22.131388085116853,
            -23.022702080711134,
            -2.5143027086991476
        ],
        "yaw": -1.5618375860459246,
        "num_points": 2,
        "distance": 32.033808199809855,
        "speed": -5.148013320861759e-06,
        "brake": 0.0,
        "id": 382,
        "ego_matrix": [
            [
                -0.9999811053276062,
                0.006144797429442406,
                -3.826728789135814e-05,
                -18.40744972229004
            ],
            [
                -0.0061448742635548115,
                -0.9999779462814331,
                0.0025026481598615646,
                133.71182250976562
            ],
            [
                -2.2888181774760596e-05,
                0.0025028360541909933,
                0.9999968409538269,
                0.018842563033103943
            ],
            [
                0.0,
                0.0,
                0.0,
                1.0
            ]
        ]
    },
    {
        "class": "Car",
        "extent": [
            1.5470870733261108,
            3.705369472503662,
            1.7886788845062256
        ],
        "position": [
            19.200403054451115,
            3.6147636707991526,
            -2.540435303991999
        ],
        "yaw": 1.2383699069085097e-05,
        "num_points": 17,
        "distance": 19.702177681232957,
        "speed": -1.3093148757605985e-06,
        "brake": 0.0,
        "id": 384,
        "ego_matrix": [
            [
                -0.0028013389091938734,
                0.9999954700469971,
                -0.0011038576485589147,
                -45.16110610961914
            ],
            [
                -0.9999959468841553,
                -0.002800805028527975,
                0.0004848185635637492,
                92.45514678955078
            ],
            [
                0.0004817246808670461,
                0.0011052113259211183,
                0.9999992847442627,
                -0.007283324841409922
            ],
            [
                0.0,
                0.0,
                0.0,
                1.0
            ]
        ]
    },
    {
        "class": "Car",
        "extent": [
            1.5470870733261108,
            3.705369472503662,
            1.7886788845062256
        ],
        "position": [
            29.019810327441306,
            10.499820559632884,
            -2.540436198949733
        ],
        "yaw": 3.1416017083374994,
        "num_points": 7,
        "distance": 30.9652941097948,
        "speed": -1.3042894626371217e-06,
        "brake": 0.0,
        "id": 390,
        "ego_matrix": [
            [
                0.002804708434268832,
                -0.9999954700469971,
                0.001103323302231729,
                -52.07376480102539
            ],
            [
                0.9999959468841553,
                0.0028041747864335775,
                -0.00048482080455869436,
                82.6551513671875
            ],
            [
                0.0004817246808670461,
                0.0011046786094084382,
                0.9999992847442627,
                -0.007283515762537718
            ],
            [
                0.0,
                0.0,
                0.0,
                1.0
            ]
        ]
    },
    {
        "class": "Car",
        "extent": [
            1.488319993019104,
            4.791779518127441,
            2.163450002670288
        ],
        "position": [
            -25.65554828442964,
            -32.265824022778666,
            -2.532687547943239
        ],
        "yaw": 1.579755727612506,
        "num_points": 3,
        "distance": 41.300182370773236,
        "speed": -2.129210478475349e-08,
        "brake": 0.0,
        "id": 405,
        "ego_matrix": [
            [
                0.9999811053276062,
                -0.00614559929817915,
                -0.0,
                -9.154448509216309
            ],
            [
                0.00614559929817915,
                0.9999811053276062,
                0.0,
                137.2099609375
            ],
            [
                0.0,
                -0.0,
                1.0,
                0.00046829221537336707
            ],
            [
                0.0,
                0.0,
                0.0,
                1.0
            ]
        ]
    },
    {
        "class": "Car",
        "extent": [
            1.300939917564392,
            4.717525005340576,
            1.894826889038086
        ],
        "position": [
            -29.155397702269983,
            -32.23446515606943,
            -2.5382804020101712
        ],
        "yaw": 1.5797557187699791,
        "num_points": 3,
        "distance": 43.53780916025303,
        "speed": 4.24614607579852e-08,
        "brake": 0.0,
        "id": 411,
        "ego_matrix": [
            [
                0.9999811053276062,
                -0.006145590450614691,
                -4.023579094791785e-06,
                -9.175959587097168
            ],
            [
                0.006145590450614691,
                0.9999811053276062,
                -4.8185083869611844e-06,
                140.7098846435547
            ],
            [
                4.053115389979212e-06,
                4.793690095539205e-06,
                1.0,
                -0.005128784105181694
            ],
            [
                0.0,
                0.0,
                0.0,
                1.0
            ]
        ]
    }
]