[
    {
        "class": "Car",
        "extent": [
            1.5107464790344238,
            4.901683330535889,
            2.128324270248413
        ],
        "position": [
            -1.3,
            0.0,
            -2.5
        ],
        "yaw": 0,
        "num_points": -1,
        "distance": -1,
        "speed": 2.1824343693421194e-08,
        "brake": 0.0,
        "id": 282,
        "ego_matrix": [
            [
                -0.0028137369081377983,
                0.9999960660934448,
                -1.5945360019031796e-06,
                -41.48867416381836
            ],
            [
                -0.9999960660934448,
                -0.0028137369081377983,
                1.1965842077188427e-06,
                112.94529724121094
            ],
            [
                1.1920927818209748e-06,
                1.5978964711393928e-06,
                1.0,
                0.03339912369847298
            ],
            [
                0.0,
                0.0,
                0.0,
                1.0
            ]
        ]
    },
    {
        "class": "Car",
        "extent": [
            1.5107464790344238,
            4.901683330535889,
            2.128324270248413
        ],
        "position": [
            -25.347014305204198,
            15.42370713854622,
            -2.499939822528462
        ],
        "yaw": 1.5797558649317498,
        "num_points": 10,
        "distance": 29.776023495425502,
        "speed": -3.13784722073993e-08,
        "brake": 0.0,
        "id": 285,
        "ego_matrix": [
            [
                0.9999811053276062,
                -0.006145736668258905,
                -0.0,
                -56.84465789794922
            ],
            [
                0.006145736668258905,
                0.9999811053276062,
                0.0,
                137.03561401367188
            ],
            [
                0.0,
                -0.0,
                1.0,
                0.03340598940849304
            ],
            [
                0.0,
                0.0,
                0.0,
                1.0
            ]
        ]
    },
    {
        "class": "Car",
        "extent": [
            1.4750303030014038,
            3.805800199508667,
            1.97027587890625
        ],
        "position": [
            29.019995339742046,
            6.99995479321189,
            -2.4913436617435494
        ],
        "yaw": 3.1415922541156296,
        "num_points": 0,
        "distance": 29.95607267093886,
        "speed": -3.725755381219792e-09,
        "brake": 0.0,
        "id": 287,
        "ego_matrix": [
            [
                0.0028141262009739876,
                -0.9999960660934448,
                4.250305210007355e-06,
                -48.57391357421875
            ],
            [
                0.9999960660934448,
                0.0028141262009739876,
                -3.826673037110595e-06,
                82.6451187133789
            ],
            [
                3.8146970382513246e-06,
                4.261057256371714e-06,
                1.0,
                0.04208042100071907
            ],
            [
                0.0,
                0.0,
                0.0,
                1.0
            ]
        ]
    },
    {
        "class": "Car",
        "extent": [
            1.5470870733261108,
            3.705369472503662,
            1.7886788845062256
        ],
        "position": [
            -28.92626613569856,
            -12.829441561305067,
            -2.5414311627089767
        ],
        "yaw": 1.5797649191593075,
        "num_points": 0,
        "distance": 31.745587341912444,
        "speed": 4.610713656514325e-09,
        "brake": 0.0,
        "id": 297,
        "ego_matrix": [
            [
                0.9999809265136719,
                -0.006155319046229124,
                -0.0004749194486066699,
                -28.58155059814453
            ],
            [
                0.0061547900550067425,
                0.9999804496765137,
                -0.001107090269215405,
                140.5353546142578
            ],
            [
                0.0004817246808670461,
                0.0011041462421417236,
                0.9999992847442627,
                -0.008044471964240074
            ],
            [
                0.0,
                0.0,
                0.0,
                1.0
            ]
        ]
    },
    {
        "class": "Car",
        "extent": [
            1.2765706777572632,
            2.3557403087615967,
            0.7636788487434387
        ],
        "position": [
            -17.176346364857057,
            29.04492116759245,
            -2.5634188159218994
        ],
        "yaw": -1.3432687595898132,
        "num_points": 4,
        "distance": 33.84088409162829,
        "speed": 9.15224131752494e-08,
        "brake": 0.0,
        "id": 299,
        "ego_matrix": [
            [
                -0.9748533964157104,
                0.2228272706270218,
                -0.0029749367386102676,
                -70.48880767822266
            ],
            [
                -0.22282624244689941,
                -0.9748579263687134,
                -0.0006739834207110107,
                128.90330505371094
            ],
            [
                -0.0030503226444125175,
                5.8589498621586245e-06,
                0.9999953508377075,
                -0.03008502908051014
            ],
            [
                0.0,
                0.0,
                0.0,
                1.0
            ]
        ]
    },
    {
        "class": "Car",
        "extent": [
            1.5542958974838257,
            4.974244117736816,
            2.0384013652801514
        ],
        "position": [
            19.201772437204806,
            0.11285762066498176,
            -2.5573558776030847
        ],
        "yaw": -1.664475681284472e-05,
        "num_points": 25,
        "distance": 19.371651211433974,
        "speed": -2.075018578710312e-05,
        "brake": 1.0,
        "id": 302,
        "ego_matrix": [
            [
                -0.0028304001316428185,
                0.9999960064888,
                4.18443505623145e-06,
                -41.659217834472656
            ],
            [
                -0.9999867677688599,
                -0.002830391749739647,
                0.004301063250750303,
                92.44392395019531
            ],
            [
                0.004301057662814856,
                7.98934979684418e-06,
                0.9999907612800598,
                -0.02393249422311783
            ],
            [
                0.0,
                0.0,
                0.0,
                1.0
            ]
        ]
    },
    {
        "class": "Car",
        "extent": [
            1.8548461198806763,
            4.6045098304748535,
            1.9315931797027588
        ],
        "position": [
            -28.846925254072435,
            15.454898362922139,
            -2.525527220713529
        ],
        "yaw": 1.5797560646688316,
        "num_points": 1,
        "distance": 32.82342559460941,
        "speed": -6.906213485237142e-06,
        "brake": 0.0,
        "id": 304,
        "ego_matrix": [
            [
                0.9999810457229614,
                -0.006145936902612448,
                -0.0003654789470601827,
                -56.86600112915039
            ],
            [
                0.006145935971289873,
                0.9999811053276062,
                -3.844179445877671e-06,
                140.5355987548828
            ],
            [
                0.00036549565265886486,
                1.5978966985130683e-06,
                0.9999999403953552,
                0.007814369164407253
            ],
            [
                0.0,
                0.0,
                0.0,
                1.0
            ]
        ]
    },
    {
        "class": "Car",
        "extent": [
            1.6355280876159668,
            5.0267767906188965,
            2.1515462398529053
        ],
        "position": [
            11.483823202940007,
            10.549249929662329,
            -2.4045416076160477
        ],
        "yaw": 3.1415925204317388,
        "num_points": 49,
        "distance": 15.77804454860046,
        "speed": 1.1080025691651955e-06,
        "brake": 0.0,
        "id": 314,
        "ego_matrix": [
            [
                0.002813817234709859,
                -0.9999960660934448,
                0.00021282640227582306,
                -52.0738525390625
            ],
            [
                0.9999709725379944,
                0.0028122388757765293,
                -0.007084341254085302,
                100.19120788574219
            ],
            [
                0.007083714008331299,
                0.00023275426065083593,
                0.9999749064445496,
                0.128855898976326
            ],
            [
                0.0,
                0.0,
                0.0,
                1.0
            ]
        ]
    },
    {
        "class": "Car",
        "extent": [
            1.5107464790344238,
            4.901683330535889,
            2.128324270248413
        ],
        "position": [
            -20.5857262643918,
            29.83539347223376,
            -2.4999222390743414
        ],
        "yaw": -1.3433060438450741,
        "num_points": 3,
        "distance": 36.3341773083814,
        "speed": 2.7885640025402614e-08,
        "brake": 0.0,
        "id": 323,
        "ego_matrix": [
            [
                -0.9748662114143372,
                0.22279103100299835,
                0.0,
                -71.26968383789062
            ],
            [
                -0.22279103100299835,
                -0.9748662114143372,
                0.0,
                132.3148956298828
            ],
            [
                0.0,
                -0.0,
                1.0,
                0.03340622037649155
            ],
            [
                0.0,
                0.0,
                0.0,
                1.0
            ]
        ]
    },
    {
        "class": "Car",
        "extent": [
            1.8779358863830566,
            3.866220712661743,
            1.9051965475082397
        ],
        "position": [
            -22.189880675912725,
            -44.456170826444186,
            -2.5265384429747155
        ],
        "yaw": -1.5618359881492705,
        "num_points": 1,
        "distance": 49.75063140770237,
        "speed": 2.9738651023136998e-06,
        "brake": 0.0,
        "id": 342,
        "ego_matrix": [
            [
                -0.9999810457229614,
                0.006146578583866358,
                0.00041121398680843413,
                3.0260982513427734
            ],
            [
                -0.006146542727947235,
                -0.9999811053276062,
                8.828296995488927e-05,
                133.7100067138672
            ],
            [
                0.000411748857004568,
                8.575375250075012e-05,
                0.9999999403953552,
                0.006906814407557249
            ],
            [
                0.0,
                0.0,
                0.0,
                1.0
            ]
        ]
    },
    {
        "class": "Car",
        "extent": [
            1.4750303030014038,
            3.805800199508667,
            1.97027587890625
        ],
        "position": [
            41.89043288466,
            -14.588125920993484,
            -2.4913934255132704
        ],
        "yaw": 1.5748889425909307,
        "num_points": 6,
        "distance": 44.427793399533776,
        "speed": 1.849293110709824e-09,
        "brake": 0.0,
        "id": 348,
        "ego_matrix": [
            [
                0.9999991655349731,
                -0.001278852578252554,
                -3.809244617514196e-06,
                -27.022132873535156
            ],
            [
                0.001278852578252554,
                0.9999991655349731,
                -4.265932147973217e-06,
                69.7139892578125
            ],
            [
                3.8146970382513246e-06,
                4.261057256371714e-06,
                1.0,
                0.04208049550652504
            ],
            [
                0.0,
                0.0,
                0.0,
                1.0
            ]
        ]
    },
    {
        "class": "Car",
        "extent": [
            1.8548461198806763,
            4.6045098304748535,
            1.9315931797027588
        ],
        "position": [
            -25.426660791622087,
            -12.860780684052692,
            -2.52557658169563
        ],
        "yaw": 1.5797560766322505,
        "num_points": 19,
        "distance": 28.6058262576966,
        "speed": -6.949111594925584e-06,
        "brake": 0.0,
        "id": 357,
        "ego_matrix": [
            [
                0.9999810457229614,
                -0.006145949475467205,
                -0.0003648730635177344,
                -28.56005859375
            ],
            [
                0.006145947612822056,
                0.9999811053276062,
                -5.4383872338803485e-06,
                137.03567504882812
            ],
            [
                0.00036489960621111095,
                3.1957933970261365e-06,
                0.9999999403953552,
                0.007814330980181694
            ],
            [
                0.0,
                0.0,
                0.0,
                1.0
            ]
        ]
    },
    {
        "class": "Car",
        "extent": [
            1.3787471055984497,
            2.2072951793670654,
            1.4809197187423706
        ],
        "position": [
            11.484520192814886,
            7.049745400624701,
            -2.531220825377189
        ],
        "yaw": 3.1415995778086274,
        "num_points": 29,
        "distance": 13.711316243877725,
        "speed": -0.00012815772213018196,
        "brake": 0.0,
        "id": 381,
        "ego_matrix": [
            [
                0.0028068076353520155,
                -0.999995768070221,
                -0.000794788880739361,
                -48.574363708496094
            ],
            [
                0.9999793767929077,
                0.002811347832903266,
                -0.005770229268819094,
                100.1806640625
            ],
            [
                0.005772439297288656,
                -0.0007785765919834375,
                0.999983012676239,
                0.002182273892685771
            ],
            [
                0.0,
                0.0,
                0.0,
                1.0
            ]
        ]
    },
    {
        "class": "Car",
        "extent": [
            1.0795789957046509,
            1.4872888326644897,
            0.8592574596405029
        ],
        "position": [
            -22.13175429645811,
            -23.022693389678345,
            -2.5338578173943653
        ],
        "yaw": -1.5618394502586874,
        "num_points": 2,
        "distance": 32.03559574274687,
        "speed": -6.371665961141246e-09,
        "brake": 0.0,
        "id": 382,
        "ego_matrix": [
            [
                -0.9999811053276062,
                0.006143204867839813,
                2.1830778678122442e-06,
                -18.40745735168457
            ],
            [
                -0.0061432053335011005,
                -0.9999809861183167,
                -0.0004523831885308027,
                133.71218872070312
            ],
            [
                -5.960463909104874e-07,
                -0.00045238807797431946,
                0.9999998807907104,
                -0.0004467391991056502
            ],
            [
                0.0,
                0.0,
                0.0,
                1.0
            ]
        ]
    },
    {
        "class": "Car",
        "extent": [
            1.5470870733261108,
            3.705369472503662,
            1.7886788845062256
        ],
        "position": [
            19.20040305322689,
            3.614763672440119,
            -2.541462258028205
        ],
        "yaw": 1.2383699069085097e-05,
        "num_points": 16,
        "distance": 19.702310124016908,
        "speed": -2.236228017067782e-08,
        "brake": 0.0,
        "id": 384,
        "ego_matrix": [
            [
                -0.0028013389091938734,
                0.9999954700469971,
                -0.0011038576485589147,
                -45.16110610961914
            ],
            [
                -0.9999959468841553,
                -0.002800805028527975,
                0.0004848185635637492,
                92.45514678955078
            ],
            [
                0.0004817246808670461,
                0.0011052113259211183,
                0.9999992847442627,
                -0.008044471964240074
            ],
            [
                0.0,
                0.0,
                0.0,
                1.0
            ]
        ]
    },
    {
        "class": "Car",
        "extent": [
            1.5470870733261108,
            3.705369472503662,
            1.7886788845062256
        ],
        "position": [
            29.019810326217126,
            10.499820561273786,
            -2.5414631138703907
        ],
        "yaw": 3.1416017083374994,
        "num_points": 8,
        "distance": 30.965378375658993,
        "speed": -3.3515911627637314e-08,
        "brake": 0.0,
        "id": 390,
        "ego_matrix": [
            [
                0.002804708434268832,
                -0.9999954700469971,
                0.001103323302231729,
                -52.07376480102539
            ],
            [
                0.9999959468841553,
                0.0028041747864335775,
                -0.00048482080455869436,
                82.6551513671875
            ],
            [
                0.0004817246808670461,
                0.0011046786094084382,
                0.9999992847442627,
                -0.008044623769819736
            ],
            [
                0.0,
                0.0,
                0.0,
                1.0
            ]
        ]
    },
    {
        "class": "Car",
        "extent": [
            1.488319993019104,
            4.791779518127441,
            2.163450002670288
        ],
        "position": [
            -25.65554828372378,
            -32.26582402372481,
            -2.532095429406651
        ],
        "yaw": 1.579755727612506,
        "num_points": 2,
        "distance": 41.30014606429475,
        "speed": -1.729977812344127e-08,
        "brake": 0.0,
        "id": 405,
        "ego_matrix": [
            [
                0.9999811053276062,
                -0.00614559929817915,
                -0.0,
                -9.154448509216309
            ],
            [
                0.00614559929817915,
                0.9999811053276062,
                0.0,
                137.2099609375
            ],
            [
                0.0,
                -0.0,
                1.0,
                0.0013262176653370261
            ],
            [
                0.0,
                0.0,
                0.0,
                1.0
            ]
        ]
    },
    {
        "class": "Car",
        "extent": [
            1.300939917564392,
            4.717525005340576,
            1.894826889038086
        ],
        "position": [
            -29.155397703493843,
            -32.23446515442895,
            -2.5393070501069115
        ],
        "yaw": 1.5797557187699791,
        "num_points": 3,
        "distance": 43.53786902612151,
        "speed": 3.835925255740729e-09,
        "brake": 0.0,
        "id": 411,
        "ego_matrix": [
            [
                0.9999811053276062,
                -0.006145590450614691,
                -4.023579094791785e-06,
                -9.175959587097168
            ],
            [
                0.006145590450614691,
                0.9999811053276062,
                -4.8185083869611844e-06,
                140.7098846435547
            ],
            [
                4.053115389979212e-06,
                4.793690095539205e-06,
                1.0,
                -0.005889625288546085
            ],
            [
                0.0,
                0.0,
                0.0,
                1.0
            ]
        ]
    }
]