[
    {
        "class": "Car",
        "extent": [
            1.5107464790344238,
            4.901683330535889,
            2.128324270248413
        ],
        "position": [
            -1.3,
            0.0,
            -2.5
        ],
        "yaw": 0,
        "num_points": -1,
        "distance": -1,
        "speed": -1.4802724702449861e-08,
        "brake": 0.0,
        "id": 282,
        "ego_matrix": [
            [
                -0.0028137369081377983,
                0.9999960660934448,
                -1.5945360019031796e-06,
                -41.48867416381836
            ],
            [
                -0.9999960660934448,
                -0.0028137369081377983,
                1.1965842077188427e-06,
                112.94529724121094
            ],
            [
                1.1920927818209748e-06,
                1.5978964711393928e-06,
                1.0,
                0.033416252583265305
            ],
            [
                0.0,
                0.0,
                0.0,
                1.0
            ]
        ]
    },
    {
        "class": "Car",
        "extent": [
            1.5107464790344238,
            4.901683330535889,
            2.128324270248413
        ],
        "position": [
            -25.347014305213474,
            15.423707138558655,
            -2.4999476046598956
        ],
        "yaw": 1.5797558649317498,
        "num_points": 12,
        "distance": 29.776024148814198,
        "speed": 2.022173475865037e-08,
        "brake": 0.0,
        "id": 285,
        "ego_matrix": [
            [
                0.9999811053276062,
                -0.006145736668258905,
                -0.0,
                -56.84465789794922
            ],
            [
                0.006145736668258905,
                0.9999811053276062,
                0.0,
                137.03561401367188
            ],
            [
                0.0,
                -0.0,
                1.0,
                0.03341533616185188
            ],
            [
                0.0,
                0.0,
                0.0,
                1.0
            ]
        ]
    },
    {
        "class": "Car",
        "extent": [
            1.4750303030014038,
            3.805800199508667,
            1.97027587890625
        ],
        "position": [
            29.01999533973686,
            6.999954793218842,
            -2.491348012882618
        ],
        "yaw": 3.1415922541156296,
        "num_points": 0,
        "distance": 29.95607303280506,
        "speed": -4.474749570836524e-09,
        "brake": 0.0,
        "id": 287,
        "ego_matrix": [
            [
                0.0028141262009739876,
                -0.9999960660934448,
                4.250305210007355e-06,
                -48.57391357421875
            ],
            [
                0.9999960660934448,
                0.0028141262009739876,
                -3.826673037110595e-06,
                82.6451187133789
            ],
            [
                3.8146970382513246e-06,
                4.261057256371714e-06,
                1.0,
                0.042093198746442795
            ],
            [
                0.0,
                0.0,
                0.0,
                1.0
            ]
        ]
    },
    {
        "class": "Car",
        "extent": [
            1.5470870733261108,
            3.705369472503662,
            1.7886788845062256
        ],
        "position": [
            -28.926266135705063,
            -12.82944156129635,
            -2.541436618396619
        ],
        "yaw": 1.5797649191593075,
        "num_points": 1,
        "distance": 31.745587778676946,
        "speed": -3.951414035208763e-08,
        "brake": 0.0,
        "id": 297,
        "ego_matrix": [
            [
                0.9999809265136719,
                -0.006155319046229124,
                -0.0004749194486066699,
                -28.58155059814453
            ],
            [
                0.0061547900550067425,
                0.9999804496765137,
                -0.001107090269215405,
                140.5353546142578
            ],
            [
                0.0004817246808670461,
                0.0011041462421417236,
                0.9999992847442627,
                -0.008032798767089844
            ],
            [
                0.0,
                0.0,
                0.0,
                1.0
            ]
        ]
    },
    {
        "class": "Car",
        "extent": [
            1.2765706777572632,
            2.3557403087615967,
            0.7636788487434387
        ],
        "position": [
            -17.17634638636773,
            29.044913538286327,
            -2.5634553610318926
        ],
        "yaw": -1.3432668953770504,
        "num_points": 3,
        "distance": 33.84088032275489,
        "speed": -1.9389145292732272e-07,
        "brake": 0.0,
        "id": 299,
        "ego_matrix": [
            [
                -0.974852979183197,
                0.22282914817333221,
                -0.0029762687627226114,
                -70.48880004882812
            ],
            [
                -0.22282810509204865,
                -0.9748575091362,
                -0.000680459663271904,
                128.90330505371094
            ],
            [
                -0.003053064225241542,
                -1.5177646162101155e-07,
                0.9999953508377075,
                -0.030104445293545723
            ],
            [
                0.0,
                0.0,
                0.0,
                1.0
            ]
        ]
    },
    {
        "class": "Car",
        "extent": [
            1.5542958974838257,
            4.974244117736816,
            2.0384013652801514
        ],
        "position": [
            19.201772437210263,
            0.11285762065766895,
            -2.557351301083953
        ],
        "yaw": -1.664475681284472e-05,
        "num_points": 30,
        "distance": 19.371650607268965,
        "speed": 7.419477611714988e-07,
        "brake": 1.0,
        "id": 302,
        "ego_matrix": [
            [
                -0.0028304001316428185,
                0.9999960064888,
                3.6399042073753662e-06,
                -41.659217834472656
            ],
            [
                -0.9999867677688599,
                -0.002830389654263854,
                0.004296892322599888,
                92.44392395019531
            ],
            [
                0.004296885337680578,
                8.522067219018936e-06,
                0.9999907612800598,
                -0.02391078881919384
            ],
            [
                0.0,
                0.0,
                0.0,
                1.0
            ]
        ]
    },
    {
        "class": "Car",
        "extent": [
            1.8548461198806763,
            4.6045098304748535,
            1.9315931797027588
        ],
        "position": [
            -28.846925239281035,
            15.45490217216521,
            -2.522123253461033
        ],
        "yaw": 1.5797560662292776,
        "num_points": 2,
        "distance": 32.823165639796464,
        "speed": 1.198616148095916e-06,
        "brake": 0.0,
        "id": 304,
        "ego_matrix": [
            [
                0.9999810457229614,
                -0.00614593829959631,
                -0.0003634557069744915,
                -56.866004943847656
            ],
            [
                0.006145937368273735,
                0.9999811053276062,
                -3.2991029002005234e-06,
                140.5355987548828
            ],
            [
                0.00036346912384033203,
                1.0652643140929285e-06,
                0.9999999403953552,
                0.011235465295612812
            ],
            [
                0.0,
                0.0,
                0.0,
                1.0
            ]
        ]
    },
    {
        "class": "Car",
        "extent": [
            1.6355280876159668,
            5.0267767906188965,
            2.1515462398529053
        ],
        "position": [
            11.483823202926178,
            10.549249929680865,
            -2.404553208170037
        ],
        "yaw": 3.1415925204317388,
        "num_points": 53,
        "distance": 15.778046316507574,
        "speed": 5.3243391847129586e-08,
        "brake": 0.0,
        "id": 314,
        "ego_matrix": [
            [
                0.002813817234709859,
                -0.9999960660934448,
                0.00021282640227582306,
                -52.0738525390625
            ],
            [
                0.9999709725379944,
                0.0028122388757765293,
                -0.007084341254085302,
                100.19120788574219
            ],
            [
                0.007083714008331299,
                0.00023275426065083593,
                0.9999749064445496,
                0.1288614273071289
            ],
            [
                0.0,
                0.0,
                0.0,
                1.0
            ]
        ]
    },
    {
        "class": "Car",
        "extent": [
            1.5107464790344238,
            4.901683330535889,
            2.128324270248413
        ],
        "position": [
            -20.58572626440103,
            29.83539347224614,
            -2.499929983952872
        ],
        "yaw": -1.3433060438450741,
        "num_points": 7,
        "distance": 36.334177841273146,
        "speed": 3.802442492083756e-09,
        "brake": 0.0,
        "id": 323,
        "ego_matrix": [
            [
                -0.9748662114143372,
                0.22279103100299835,
                0.0,
                -71.26968383789062
            ],
            [
                -0.22279103100299835,
                -0.9748662114143372,
                0.0,
                132.3148956298828
            ],
            [
                0.0,
                -0.0,
                1.0,
                0.03341560438275337
            ],
            [
                0.0,
                0.0,
                0.0,
                1.0
            ]
        ]
    },
    {
        "class": "Car",
        "extent": [
            1.8779358863830566,
            3.866220712661743,
            1.9051965475082397
        ],
        "position": [
            -22.189880687978267,
            -44.456176553875856,
            -2.523153816047672
        ],
        "yaw": -1.5618359881492705,
        "num_points": 0,
        "distance": 49.750464760799254,
        "speed": -3.1304931838663356e-07,
        "brake": 0.0,
        "id": 342,
        "ego_matrix": [
            [
                -0.9999810457229614,
                0.0061465781182050705,
                0.00040489601087756455,
                3.026103973388672
            ],
            [
                -0.006146542727947235,
                -0.9999811053276062,
                8.824414544505998e-05,
                133.7100067138672
            ],
            [
                0.0004054307646583766,
                8.575375977670774e-05,
                0.9999999403953552,
                0.010308570228517056
            ],
            [
                0.0,
                0.0,
                0.0,
                1.0
            ]
        ]
    },
    {
        "class": "Car",
        "extent": [
            1.4750303030014038,
            3.805800199508667,
            1.97027587890625
        ],
        "position": [
            41.89043288465355,
            -14.58812592098483,
            -2.4913988420853643
        ],
        "yaw": 1.5748889425909307,
        "num_points": 6,
        "distance": 44.42779370327225,
        "speed": -3.68245824707573e-10,
        "brake": 0.0,
        "id": 348,
        "ego_matrix": [
            [
                0.9999991655349731,
                -0.001278852578252554,
                -3.809244617514196e-06,
                -27.022132873535156
            ],
            [
                0.001278852578252554,
                0.9999991655349731,
                -4.265932147973217e-06,
                69.7139892578125
            ],
            [
                3.8146970382513246e-06,
                4.261057256371714e-06,
                1.0,
                0.042092207819223404
            ],
            [
                0.0,
                0.0,
                0.0,
                1.0
            ]
        ]
    },
    {
        "class": "Car",
        "extent": [
            1.8548461198806763,
            4.6045098304748535,
            1.9315931797027588
        ],
        "position": [
            -25.426660766097044,
            -12.860773060127483,
            -2.5221725380686
        ],
        "yaw": 1.5797560781926965,
        "num_points": 23,
        "distance": 28.605522469097938,
        "speed": 1.1776631161896007e-06,
        "brake": 0.0,
        "id": 357,
        "ego_matrix": [
            [
                0.9999810457229614,
                -0.006145950872451067,
                -0.0003628498234320432,
                -28.56006622314453
            ],
            [
                0.006145949475467205,
                0.9999811053276062,
                -4.893310688203201e-06,
                137.03567504882812
            ],
            [
                0.00036287304828874767,
                2.6631607852323214e-06,
                0.9999999403953552,
                0.011235503479838371
            ],
            [
                0.0,
                0.0,
                0.0,
                1.0
            ]
        ]
    },
    {
        "class": "Car",
        "extent": [
            1.3787471055984497,
            2.2072951793670654,
            1.4809197187423706
        ],
        "position": [
            11.484513379200008,
            7.050035337944164,
            -2.531221245397919
        ],
        "yaw": 3.1415931862220114,
        "num_points": 21,
        "distance": 13.711459689487448,
        "speed": 2.2332545582131474e-05,
        "brake": 0.0,
        "id": 381,
        "ego_matrix": [
            [
                0.002813244704157114,
                -0.9999960064888,
                0.00023244449403136969,
                -48.57465362548828
            ],
            [
                0.9999793171882629,
                0.002811850979924202,
                -0.0057923076674342155,
                100.18067169189453
            ],
            [
                0.005791631061583757,
                0.0002487348683644086,
                0.9999831914901733,
                0.00219898228533566
            ],
            [
                0.0,
                0.0,
                0.0,
                1.0
            ]
        ]
    },
    {
        "class": "Car",
        "extent": [
            1.0795789957046509,
            1.4872888326644897,
            0.8592574596405029
        ],
        "position": [
            -22.131632222730456,
            -23.022693738373487,
            -2.5305901488289457
        ],
        "yaw": -1.5618394502586874,
        "num_points": 5,
        "distance": 32.035253367415294,
        "speed": -3.687129188100793e-08,
        "brake": 0.0,
        "id": 382,
        "ego_matrix": [
            [
                -0.9999811053276062,
                0.0061432053335011005,
                -1.2995300266993581e-06,
                -18.40745735168457
            ],
            [
                -0.0061432053335011005,
                -0.9999811053276062,
                0.00011451011232566088,
                133.71206665039062
            ],
            [
                -5.960463909104874e-07,
                0.00011451593309175223,
                1.0,
                0.0028380583971738815
            ],
            [
                0.0,
                0.0,
                0.0,
                1.0
            ]
        ]
    },
    {
        "class": "Car",
        "extent": [
            1.5470870733261108,
            3.705369472503662,
            1.7886788845062256
        ],
        "position": [
            19.200403053220388,
            3.6147636724488366,
            -2.5414677137158472
        ],
        "yaw": 1.2383699069085097e-05,
        "num_points": 20,
        "distance": 19.702310827759028,
        "speed": -8.080397543156636e-08,
        "brake": 0.0,
        "id": 384,
        "ego_matrix": [
            [
                -0.0028013389091938734,
                0.9999954700469971,
                -0.0011038576485589147,
                -45.16110610961914
            ],
            [
                -0.9999959468841553,
                -0.002800805028527975,
                0.0004848185635637492,
                92.45514678955078
            ],
            [
                0.0004817246808670461,
                0.0011052113259211183,
                0.9999992847442627,
                -0.008032798767089844
            ],
            [
                0.0,
                0.0,
                0.0,
                1.0
            ]
        ]
    },
    {
        "class": "Car",
        "extent": [
            1.5470870733261108,
            3.705369472503662,
            1.7886788845062256
        ],
        "position": [
            29.019810326211804,
            10.49982056128092,
            -2.5414675786308134
        ],
        "yaw": 3.1416017083374994,
        "num_points": 5,
        "distance": 30.965378742099027,
        "speed": -1.4765343296599843e-08,
        "brake": 0.0,
        "id": 390,
        "ego_matrix": [
            [
                0.002804708434268832,
                -0.9999954700469971,
                0.001103323302231729,
                -52.07376480102539
            ],
            [
                0.9999959468841553,
                0.0028041747864335775,
                -0.00048482080455869436,
                82.6551513671875
            ],
            [
                0.0004817246808670461,
                0.0011046786094084382,
                0.9999992847442627,
                -0.008031959645450115
            ],
            [
                0.0,
                0.0,
                0.0,
                1.0
            ]
        ]
    },
    {
        "class": "Car",
        "extent": [
            1.488319993019104,
            4.791779518127441,
            2.163450002670288
        ],
        "position": [
            -25.65554828373142,
            -32.265824023714565,
            -2.5321018390014403
        ],
        "yaw": 1.579755727612506,
        "num_points": 2,
        "distance": 41.30014645726168,
        "speed": -3.072754274791078e-09,
        "brake": 0.0,
        "id": 405,
        "ego_matrix": [
            [
                0.9999811053276062,
                -0.00614559929817915,
                -0.0,
                -9.154448509216309
            ],
            [
                0.00614559929817915,
                0.9999811053276062,
                0.0,
                137.2099609375
            ],
            [
                0.0,
                -0.0,
                1.0,
                0.0013369369553402066
            ],
            [
                0.0,
                0.0,
                0.0,
                1.0
            ]
        ]
    },
    {
        "class": "Car",
        "extent": [
            1.300939917564392,
            4.717525005340576,
            1.894826889038086
        ],
        "position": [
            -29.155397703500302,
            -32.2344651544203,
            -2.5393124680759893
        ],
        "yaw": 1.5797557187699791,
        "num_points": 6,
        "distance": 43.53786934211794,
        "speed": 2.9659297026136924e-09,
        "brake": 0.0,
        "id": 411,
        "ego_matrix": [
            [
                0.9999811053276062,
                -0.006145590450614691,
                -4.023579094791785e-06,
                -9.175959587097168
            ],
            [
                0.006145590450614691,
                0.9999811053276062,
                -4.8185083869611844e-06,
                140.7098846435547
            ],
            [
                4.053115389979212e-06,
                4.793690095539205e-06,
                1.0,
                -0.005877914372831583
            ],
            [
                0.0,
                0.0,
                0.0,
                1.0
            ]
        ]
    }
]