[
    {
        "class": "Car",
        "extent": [
            1.5107464790344238,
            4.901683330535889,
            2.128324270248413
        ],
        "position": [
            -1.3,
            0.0,
            -2.5
        ],
        "yaw": 0,
        "num_points": -1,
        "distance": -1,
        "speed": 2.723071327381075,
        "brake": 0.0,
        "id": 282,
        "ego_matrix": [
            [
                -0.002881549997255206,
                0.9999958276748657,
                1.2920637345814612e-05,
                -41.490047454833984
            ],
            [
                -0.9999900460243225,
                -0.0028815774712711573,
                0.0034000573214143515,
                112.4913558959961
            ],
            [
                0.003400080604478717,
                -3.123073611277505e-06,
                0.9999942183494568,
                0.03172489255666733
            ],
            [
                0.0,
                0.0,
                0.0,
                1.0
            ]
        ]
    },
    {
        "class": "Car",
        "extent": [
            1.5107464790344238,
            4.901683330535889,
            2.128324270248413
        ],
        "position": [
            -25.799590641135605,
            15.353643191770733,
            -2.4158582900162324
        ],
        "yaw": 1.5792268071752595,
        "num_points": 13,
        "distance": 30.119588439881113,
        "speed": 1.1864803479839547,
        "brake": 0.0,
        "id": 285,
        "ego_matrix": [
            [
                0.9999833106994629,
                -0.005548771936446428,
                -0.0016119269421324134,
                -56.77302932739258
            ],
            [
                0.005548904184252024,
                0.999984622001648,
                7.780651503708214e-05,
                137.0352325439453
            ],
            [
                0.0016114703612402081,
                -8.674963464727625e-05,
                0.9999986886978149,
                0.03261348605155945
            ],
            [
                0.0,
                0.0,
                0.0,
                1.0
            ]
        ]
    },
    {
        "class": "Car",
        "extent": [
            1.4750303030014038,
            3.805800199508667,
            1.97027587890625
        ],
        "position": [
            28.503224002272557,
            6.997835071945682,
            -2.5910503375216347
        ],
        "yaw": 3.141660164723427,
        "num_points": 3,
        "distance": 29.46382555048564,
        "speed": 1.0609716884182254,
        "brake": 0.0,
        "id": 287,
        "ego_matrix": [
            [
                0.002814006758853793,
                -0.9999960660934448,
                3.1788656542630633e-06,
                -48.573734283447266
            ],
            [
                0.9999960064888,
                0.0028140053618699312,
                -0.0003845796163659543,
                82.70828247070312
            ],
            [
                0.00038456913898698986,
                4.261062258592574e-06,
                0.9999999403953552,
                0.042030297219753265
            ],
            [
                0.0,
                0.0,
                0.0,
                1.0
            ]
        ]
    },
    {
        "class": "Car",
        "extent": [
            1.5470870733261108,
            3.705369472503662,
            1.7886788845062256
        ],
        "position": [
            -29.381751626387935,
            -12.902841071723973,
            -2.44737156338648
        ],
        "yaw": 1.5798188362079624,
        "num_points": 0,
        "distance": 32.18322954468973,
        "speed": 1.1979269391690426,
        "brake": 0.0,
        "id": 297,
        "ego_matrix": [
            [
                0.9999587535858154,
                -0.006148240994662046,
                -0.006691960617899895,
                -28.50634002685547
            ],
            [
                0.006140792742371559,
                0.9999805092811584,
                -0.0011330118868499994,
                140.53582763671875
            ],
            [
                0.006698796059936285,
                0.001091871177777648,
                0.9999769926071167,
                -0.011167488060891628
            ],
            [
                0.0,
                0.0,
                0.0,
                1.0
            ]
        ]
    },
    {
        "class": "Car",
        "extent": [
            1.2765706777572632,
            2.3557403087615967,
            0.7636788487434387
        ],
        "position": [
            -17.612186628990592,
            29.11425943269483,
            -2.5067808897866493
        ],
        "yaw": -1.3426494414783152,
        "num_points": 2,
        "distance": 34.119102722639916,
        "speed": 1.2244247430359136,
        "brake": 0.0,
        "id": 299,
        "ego_matrix": [
            [
                -0.9747172594070435,
                0.2233661562204361,
                -0.005817601457238197,
                -70.55718231201172
            ],
            [
                -0.2233610451221466,
                -0.9747346043586731,
                -0.001520549994893372,
                128.8872528076172
            ],
            [
                -0.006010257173329592,
                -0.0001826806110329926,
                0.9999819397926331,
                -0.030427780002355576
            ],
            [
                0.0,
                0.0,
                0.0,
                1.0
            ]
        ]
    },
    {
        "class": "Car",
        "extent": [
            1.5542958974838257,
            4.974244117736816,
            2.0384013652801514
        ],
        "position": [
            18.747530701256615,
            0.11140127179865535,
            -2.6237999632617948
        ],
        "yaw": 5.1132692929556356e-05,
        "num_points": 13,
        "distance": 18.930574314719834,
        "speed": -1.1833505950386627e-08,
        "brake": 1.0,
        "id": 302,
        "ego_matrix": [
            [
                -0.0028304001316428185,
                0.9999960064888,
                3.6399042073753662e-06,
                -41.659217834472656
            ],
            [
                -0.9999867677688599,
                -0.002830389654263854,
                0.004296892322599888,
                92.44392395019531
            ],
            [
                0.004296885337680578,
                8.522067219018936e-06,
                0.9999907612800598,
                -0.02391078881919384
            ],
            [
                0.0,
                0.0,
                0.0,
                1.0
            ]
        ]
    },
    {
        "class": "Car",
        "extent": [
            1.8548461198806763,
            4.6045098304748535,
            1.9315931797027588
        ],
        "position": [
            -29.299510807924694,
            15.380863967591774,
            -2.427686116363473
        ],
        "yaw": 1.5791593371333692,
        "num_points": 2,
        "distance": 33.180204487809334,
        "speed": 1.1663082100527316,
        "brake": 0.0,
        "id": 304,
        "ego_matrix": [
            [
                0.9999507665634155,
                -0.005478832870721817,
                -0.008276183158159256,
                -56.790164947509766
            ],
            [
                0.005481254775077105,
                0.9999849200248718,
                0.00026995071675628424,
                140.53515625
            ],
            [
                0.008274579420685768,
                -0.0003153012949042022,
                0.9999657273292542,
                0.008885802701115608
            ],
            [
                0.0,
                0.0,
                0.0,
                1.0
            ]
        ]
    },
    {
        "class": "Car",
        "extent": [
            1.6355280876159668,
            5.0267767906188965,
            2.1515462398529053
        ],
        "position": [
            10.9263741415465,
            10.548233172396491,
            -2.4451931795467368
        ],
        "yaw": 3.1415967814894827,
        "num_points": 61,
        "distance": 15.382777532864592,
        "speed": 1.7135224014208985,
        "brake": 0.0,
        "id": 314,
        "ego_matrix": [
            [
                0.00287729874253273,
                -0.9999958872795105,
                0.00019609529408626258,
                -52.07346725463867
            ],
            [
                0.9999516010284424,
                0.002875325968489051,
                -0.009410487487912178,
                100.29568481445312
            ],
            [
                0.009409883990883827,
                0.00022316258400678635,
                0.9999557137489319,
                0.12813499569892883
            ],
            [
                0.0,
                0.0,
                0.0,
                1.0
            ]
        ]
    },
    {
        "class": "Car",
        "extent": [
            1.5107464790344238,
            4.901683330535889,
            2.128324270248413
        ],
        "position": [
            -21.021167888816432,
            29.906374418035924,
            -2.4321506245521114
        ],
        "yaw": -1.3430928577998136,
        "num_points": 13,
        "distance": 36.635994416721786,
        "speed": 1.1867227806576828,
        "brake": 0.0,
        "id": 323,
        "ego_matrix": [
            [
                -0.9748325347900391,
                0.222932830452919,
                0.001566514722071588,
                -71.33946990966797
            ],
            [
                -0.22293250262737274,
                -0.9748337864875793,
                0.0003800984413828701,
                132.29873657226562
            ],
            [
                0.0016118279891088605,
                2.130523898813408e-05,
                0.9999986886978149,
                0.03261371701955795
            ],
            [
                0.0,
                0.0,
                0.0,
                1.0
            ]
        ]
    },
    {
        "class": "Car",
        "extent": [
            1.8779358863830566,
            3.866220712661743,
            1.9051965475082397
        ],
        "position": [
            -22.646008530821458,
            -44.367694411059354,
            -2.450379163850635
        ],
        "yaw": -1.5617748686022532,
        "num_points": 2,
        "distance": 49.87322295358321,
        "speed": 1.4127613212040446,
        "brake": 0.0,
        "id": 342,
        "ego_matrix": [
            [
                -0.999972403049469,
                0.006140245124697685,
                0.0041925422847270966,
                2.938973903656006
            ],
            [
                -0.006139813456684351,
                -0.999981164932251,
                0.00011575866665225476,
                133.70947265625
            ],
            [
                0.004193174187093973,
                9.001404396258295e-05,
                0.999991238117218,
                0.008628730662167072
            ],
            [
                0.0,
                0.0,
                0.0,
                1.0
            ]
        ]
    },
    {
        "class": "Car",
        "extent": [
            1.4750303030014038,
            3.805800199508667,
            1.97027587890625
        ],
        "position": [
            41.43501990218685,
            -14.65428945423283,
            -2.634952881016685
        ],
        "yaw": 1.5749569988403498,
        "num_points": 0,
        "distance": 44.028991021692036,
        "speed": 1.060971571251305,
        "brake": 0.0,
        "id": 348,
        "ego_matrix": [
            [
                0.9999991059303284,
                -0.001279133022762835,
                -0.0003845633764285594,
                -26.95896339416504
            ],
            [
                0.0012791312765330076,
                0.9999991655349731,
                -4.752968379762024e-06,
                69.71407318115234
            ],
            [
                0.00038456913898698986,
                4.261057256371714e-06,
                0.9999999403953552,
                0.04202953353524208
            ],
            [
                0.0,
                0.0,
                0.0,
                1.0
            ]
        ]
    },
    {
        "class": "Car",
        "extent": [
            1.8548461198806763,
            4.6045098304748535,
            1.9315931797027588
        ],
        "position": [
            -25.882087200281788,
            -12.935046988004377,
            -2.439217570293147
        ],
        "yaw": 1.5798186593574213,
        "num_points": 18,
        "distance": 29.037005024280628,
        "speed": 1.1664961923762343,
        "brake": 0.0,
        "id": 357,
        "ego_matrix": [
            [
                0.9999469518661499,
                -0.006140771321952343,
                -0.00827488861978054,
                -28.48421859741211
            ],
            [
                0.0061405436135828495,
                0.999981164932251,
                -5.2945575589546934e-05,
                137.0361328125
            ],
            [
                0.008275057189166546,
                2.1304549591150135e-06,
                0.9999657869338989,
                0.008885498158633709
            ],
            [
                0.0,
                0.0,
                0.0,
                1.0
            ]
        ]
    },
    {
        "class": "Car",
        "extent": [
            1.3787471055984497,
            2.2072951793670654,
            1.4809197187423706
        ],
        "position": [
            10.974175914837039,
            7.048956731760346,
            -2.5706989773602102
        ],
        "yaw": 3.141594118328393,
        "num_points": 21,
        "distance": 13.293939267509073,
        "speed": 0.8410739077623397,
        "brake": 0.0,
        "id": 381,
        "ego_matrix": [
            [
                0.002879917621612549,
                -0.9999958276748657,
                -6.326982838800177e-05,
                -48.574344635009766
            ],
            [
                0.9999503493309021,
                0.0028803900349885225,
                -0.009534070268273354,
                100.23737335205078
            ],
            [
                0.009534213691949844,
                -3.580934935598634e-05,
                0.9999545216560364,
                0.002781524555757642
            ],
            [
                0.0,
                0.0,
                0.0,
                1.0
            ]
        ]
    },
    {
        "class": "Car",
        "extent": [
            1.0795789957046509,
            1.4872888326644897,
            0.8592574596405029
        ],
        "position": [
            -22.58587879738866,
            -22.951277785163597,
            -2.45847549648943
        ],
        "yaw": -1.5598475389213629,
        "num_points": 1,
        "distance": 32.29438302226741,
        "speed": 1.3838312955541574,
        "brake": 0.0,
        "id": 382,
        "ego_matrix": [
            [
                -0.9996055364608765,
                0.008082703687250614,
                -0.02689604088664055,
                -18.477527618408203
            ],
            [
                -0.008064274676144123,
                -0.9999671578407288,
                -0.0007936215260997415,
                133.71102905273438
            ],
            [
                -0.026901572942733765,
                -0.000576411432120949,
                0.9996379017829895,
                0.0008037757943384349
            ],
            [
                0.0,
                0.0,
                0.0,
                1.0
            ]
        ]
    },
    {
        "class": "Car",
        "extent": [
            1.5470870733261108,
            3.705369472503662,
            1.7886788845062256
        ],
        "position": [
            18.821651342634368,
            3.6128655239210192,
            -2.611319389121644
        ],
        "yaw": 0.00040440101152849905,
        "num_points": 15,
        "distance": 19.342345915364813,
        "speed": 1.1978963892280055,
        "brake": 0.0,
        "id": 384,
        "ego_matrix": [
            [
                -0.0024770356249064207,
                0.9999961853027344,
                -0.0012047283817082644,
                -45.16088104248047
            ],
            [
                -0.9999745488166809,
                -0.0024689079727977514,
                0.00670155743137002,
                92.37993621826172
            ],
            [
                0.0066985576413571835,
                0.0012212976580485702,
                0.9999768137931824,
                -0.011167335323989391
            ],
            [
                0.0,
                0.0,
                0.0,
                1.0
            ]
        ]
    },
    {
        "class": "Car",
        "extent": [
            1.5470870733261108,
            3.705369472503662,
            1.7886788845062256
        ],
        "position": [
            28.4910411592794,
            10.497704658327793,
            -2.644217136816217
        ],
        "yaw": 3.141655504191519,
        "num_points": 2,
        "distance": 30.47840405434416,
        "speed": 1.1979268441435114,
        "brake": 0.0,
        "id": 390,
        "ego_matrix": [
            [
                0.002818593056872487,
                -0.9999954104423523,
                0.0010735418181866407,
                -52.07355499267578
            ],
            [
                0.9999735951423645,
                0.0028113366570323706,
                -0.0067018442787230015,
                82.7303695678711
            ],
            [
                0.006698796059936285,
                0.0010924033122137189,
                0.9999769926071167,
                -0.011166687123477459
            ],
            [
                0.0,
                0.0,
                0.0,
                1.0
            ]
        ]
    },
    {
        "class": "Car",
        "extent": [
            1.488319993019104,
            4.791779518127441,
            2.163450002670288
        ],
        "position": [
            -26.112338509475105,
            -32.35304101190803,
            -2.4462600646989947
        ],
        "yaw": 1.5797432612098017,
        "num_points": 7,
        "distance": 41.64802124298057,
        "speed": 1.47671202880014,
        "brake": 0.0,
        "id": 405,
        "ego_matrix": [
            [
                0.9999811053276062,
                -0.006065350491553545,
                -0.0010043575894087553,
                -9.065641403198242
            ],
            [
                0.0060653542168438435,
                0.9999815821647644,
                1.7876436686492525e-07,
                137.2104034423828
            ],
            [
                0.0010043380316346884,
                -6.27054532742477e-06,
                0.9999995231628418,
                0.0009995276341214776
            ],
            [
                0.0,
                0.0,
                0.0,
                1.0
            ]
        ]
    },
    {
        "class": "Car",
        "extent": [
            1.300939917564392,
            4.717525005340576,
            1.894826889038086
        ],
        "position": [
            -29.61230489759144,
            -32.334960894607654,
            -2.4414962334179253
        ],
        "yaw": 1.5797313893370049,
        "num_points": 1,
        "distance": 43.91354234472002,
        "speed": 1.6814830228372835,
        "brake": 0.0,
        "id": 411,
        "ego_matrix": [
            [
                0.9999815225601196,
                -0.006053486373275518,
                -0.0005469125462695956,
                -9.073636054992676
            ],
            [
                0.006053484510630369,
                0.999981701374054,
                -4.908713890472427e-06,
                140.7104034423828
            ],
            [
                0.0005469322204589844,
                1.597896357452555e-06,
                0.9999998211860657,
                -0.006136779673397541
            ],
            [
                0.0,
                0.0,
                0.0,
                1.0
            ]
        ]
    }
]