[
    {
        "class": "Car",
        "extent": [
            1.5107464790344238,
            4.901683330535889,
            2.128324270248413
        ],
        "position": [
            -1.3,
            0.0,
            -2.5
        ],
        "yaw": 0,
        "num_points": -1,
        "distance": -1,
        "speed": 4.359810332738577,
        "brake": 0.0,
        "id": 282,
        "ego_matrix": [
            [
                -0.003250991692766547,
                0.999994695186615,
                -2.4938632122939453e-05,
                -41.49645233154297
            ],
            [
                -0.9999938011169434,
                -0.0032509551383554935,
                0.001340000075288117,
                110.57674407958984
            ],
            [
                0.001339911948889494,
                2.9294807973201387e-05,
                0.9999991059303284,
                0.03275035694241524
            ],
            [
                0.0,
                0.0,
                0.0,
                1.0
            ]
        ]
    },
    {
        "class": "Car",
        "extent": [
            1.5107464790344238,
            4.901683330535889,
            2.128324270248413
        ],
        "position": [
            -27.70821531296903,
            13.856840941788088,
            -2.464611038548354
        ],
        "yaw": 1.5738380562664398,
        "num_points": 17,
        "distance": 31.077830430826417,
        "speed": 3.9961969260903953,
        "brake": 0.0,
        "id": 285,
        "ego_matrix": [
            [
                0.9999977350234985,
                0.0002093221410177648,
                -0.002142189536243677,
                -55.26736831665039
            ],
            [
                -0.00020932394545525312,
                1.0,
                -6.168516506477317e-07,
                137.02989196777344
            ],
            [
                0.0021421893034130335,
                1.0652618129824987e-06,
                0.9999977350234985,
                0.032348670065402985
            ],
            [
                0.0,
                0.0,
                0.0,
                1.0
            ]
        ]
    },
    {
        "class": "Car",
        "extent": [
            1.4750303030014038,
            3.805800199508667,
            1.97027587890625
        ],
        "position": [
            25.0827219290218,
            6.987307433774377,
            -2.525894145529691
        ],
        "yaw": 3.142030610431057,
        "num_points": 0,
        "distance": 26.15999896363016,
        "speed": 4.250023330389521,
        "brake": 0.0,
        "id": 287,
        "ego_matrix": [
            [
                0.0028130528517067432,
                -0.9999960660934448,
                2.699358219615533e-06,
                -48.56949234008789
            ],
            [
                0.9999958872795105,
                0.002813050989061594,
                -0.0005551674403250217,
                84.21686553955078
            ],
            [
                0.0005551576614379883,
                4.261062258592574e-06,
                0.9999998211860657,
                0.04200206696987152
            ],
            [
                0.0,
                0.0,
                0.0,
                1.0
            ]
        ]
    },
    {
        "class": "Car",
        "extent": [
            1.5470870733261108,
            3.705369472503662,
            1.7886788845062256
        ],
        "position": [
            -31.315870113878663,
            -14.461229572958715,
            -2.5045984434572586
        ],
        "yaw": 1.5801244022139813,
        "num_points": 0,
        "distance": 34.58444585524109,
        "speed": 4.163518859780251,
        "brake": 0.0,
        "id": 297,
        "ego_matrix": [
            [
                0.9999525547027588,
                -0.0060851601883769035,
                -0.007603689096868038,
                -26.93771743774414
            ],
            [
                0.006076808087527752,
                0.9999808669090271,
                -0.0011210798984393477,
                140.54541015625
            ],
            [
                0.007610366214066744,
                0.0010748206404969096,
                0.9999704360961914,
                -0.011643066070973873
            ],
            [
                0.0,
                0.0,
                0.0,
                1.0
            ]
        ]
    },
    {
        "class": "Car",
        "extent": [
            1.2765706777572632,
            2.3557403087615967,
            0.7636788487434387
        ],
        "position": [
            -19.067827127297516,
            30.88754699229644,
            -2.5384188522095537
        ],
        "yaw": -1.3165372801481428,
        "num_points": 3,
        "distance": 36.387719917948644,
        "speed": 4.55550006899279,
        "brake": 0.0,
        "id": 299,
        "ego_matrix": [
            [
                -0.9686474800109863,
                0.24840372800827026,
                -0.004198087379336357,
                -72.3260726928711
            ],
            [
                -0.24837659299373627,
                -0.9686444401741028,
                -0.00608172919601202,
                128.44482421875
            ],
            [
                -0.005577177740633488,
                -0.004848345182836056,
                0.9999727010726929,
                -0.030380629003047943
            ],
            [
                0.0,
                0.0,
                0.0,
                1.0
            ]
        ]
    },
    {
        "class": "Car",
        "extent": [
            1.5542958974838257,
            4.974244117736816,
            2.0384013652801514
        ],
        "position": [
            16.83316095451471,
            0.10381731459392249,
            -2.580955016292172
        ],
        "yaw": 0.0004206462941780398,
        "num_points": 35,
        "distance": 17.03019126585288,
        "speed": 2.470669166671765e-09,
        "brake": 0.0,
        "id": 302,
        "ego_matrix": [
            [
                -0.0028304001316428185,
                0.9999960064888,
                3.6399042073753662e-06,
                -41.659217834472656
            ],
            [
                -0.9999867677688599,
                -0.002830389654263854,
                0.004296892322599888,
                92.44392395019531
            ],
            [
                0.004296885337680578,
                8.522067219018936e-06,
                0.9999907612800598,
                -0.02391078881919384
            ],
            [
                0.0,
                0.0,
                0.0,
                1.0
            ]
        ]
    },
    {
        "class": "Car",
        "extent": [
            1.8548461198806763,
            4.6045098304748535,
            1.9315931797027588
        ],
        "position": [
            -31.206399318015748,
            14.012475226331107,
            -2.484334521094533
        ],
        "yaw": 1.5730913058642724,
        "num_points": 1,
        "distance": 34.298115668017374,
        "speed": 3.6650336240570285,
        "brake": 0.0,
        "id": 304,
        "ego_matrix": [
            [
                0.9999224543571472,
                0.0009548248490318656,
                -0.01241506077349186,
                -55.41162872314453
            ],
            [
                -0.0009560009348206222,
                0.9999995231628418,
                -8.879778761183843e-05,
                140.52853393554688
            ],
            [
                0.012414970435202122,
                0.00010065972310258076,
                0.9999229311943054,
                0.007933387532830238
            ],
            [
                0.0,
                0.0,
                0.0,
                1.0
            ]
        ]
    },
    {
        "class": "Car",
        "extent": [
            1.6355280876159668,
            5.0267767906188965,
            2.1515462398529053
        ],
        "position": [
            7.241009946299713,
            10.543068353978583,
            -2.4154235186677595
        ],
        "yaw": 3.1415379256293923,
        "num_points": 123,
        "distance": 13.016250847829008,
        "speed": 4.102213449298447,
        "brake": 0.0,
        "id": 314,
        "ego_matrix": [
            [
                0.0033056277316063643,
                -0.9999945163726807,
                0.0002014212223002687,
                -52.06723403930664
            ],
            [
                0.9999596476554871,
                0.0033038300462067127,
                -0.008352655917406082,
                102.07017517089844
            ],
            [
                0.008351944386959076,
                0.00022902386263012886,
                0.9999651312828064,
                0.12846210598945618
            ],
            [
                0.0,
                0.0,
                0.0,
                1.0
            ]
        ]
    },
    {
        "class": "Car",
        "extent": [
            1.5107464790344238,
            4.901683330535889,
            2.128324270248413
        ],
        "position": [
            -22.566232391977724,
            31.375704919203823,
            -2.4709859567358174
        ],
        "yaw": -1.332500534038187,
        "num_points": 8,
        "distance": 38.72693475017202,
        "speed": 3.9946553596251397,
        "brake": 0.0,
        "id": 323,
        "ego_matrix": [
            [
                -0.9725016951560974,
                0.23288749158382416,
                0.0019825028721243143,
                -72.8028564453125
            ],
            [
                -0.23288610577583313,
                -0.9725036025047302,
                0.0009079762967303395,
                131.94488525390625
            ],
            [
                0.0021394474897533655,
                0.00042131112422794104,
                0.9999976754188538,
                0.03235035017132759
            ],
            [
                0.0,
                0.0,
                0.0,
                1.0
            ]
        ]
    },
    {
        "class": "Car",
        "extent": [
            1.8779358863830566,
            3.866220712661743,
            1.9051965475082397
        ],
        "position": [
            -24.56196540311119,
            -42.725073961204494,
            -2.49420521244387
        ],
        "yaw": -1.5615052235418827,
        "num_points": 2,
        "distance": 49.34514311556718,
        "speed": 4.094291576739387,
        "brake": 0.0,
        "id": 342,
        "ego_matrix": [
            [
                -0.9999719262123108,
                0.006040413398295641,
                0.004430907778441906,
                1.3040210008621216
            ],
            [
                -0.006039912346750498,
                -0.9999817609786987,
                0.0001263670710613951,
                133.69967651367188
            ],
            [
                0.004431590437889099,
                9.960122406482697e-05,
                0.9999901652336121,
                0.008627776987850666
            ],
            [
                0.0,
                0.0,
                0.0,
                1.0
            ]
        ]
    },
    {
        "class": "Car",
        "extent": [
            1.4750303030014038,
            3.805800199508667,
            1.97027587890625
        ],
        "position": [
            39.50850166749479,
            -16.143719199262794,
            -2.5458887747220054
        ],
        "yaw": 1.575328696415744,
        "num_points": 0,
        "distance": 42.755384728105774,
        "speed": 4.010388815476468,
        "brake": 0.0,
        "id": 348,
        "ego_matrix": [
            [
                0.9999990463256836,
                -0.0012813173234462738,
                -0.0004744470352306962,
                -25.485485076904297
            ],
            [
                0.001281315227970481,
                0.9999991655349731,
                -4.868977612204617e-06,
                69.71595001220703
            ],
            [
                0.00047445291420444846,
                4.261056801624363e-06,
                0.9999998807907104,
                0.04201434925198555
            ],
            [
                0.0,
                0.0,
                0.0,
                1.0
            ]
        ]
    },
    {
        "class": "Car",
        "extent": [
            1.8548461198806763,
            4.6045098304748535,
            1.9315931797027588
        ],
        "position": [
            -27.814480589825028,
            -14.304736818372747,
            -2.4897089074282044
        ],
        "yaw": 1.580175491734573,
        "num_points": 14,
        "distance": 31.37625657034933,
        "speed": 3.6651708146982696,
        "brake": 0.0,
        "id": 357,
        "ego_matrix": [
            [
                0.9999041557312012,
                -0.006128061097115278,
                -0.012413431890308857,
                -27.105592727661133
            ],
            [
                0.006127600558102131,
                0.9999812245368958,
                -7.513470336562023e-05,
                137.04457092285156
            ],
            [
                0.012413659133017063,
                -9.370450584356149e-07,
                0.9999229311943054,
                0.007933425717055798
            ],
            [
                0.0,
                0.0,
                0.0,
                1.0
            ]
        ]
    },
    {
        "class": "Car",
        "extent": [
            1.3787471055984497,
            2.2072951793670654,
            1.4809197187423706
        ],
        "position": [
            8.191717506678193,
            7.04297213327806,
            -2.5418414607229485
        ],
        "yaw": 3.1407407083570766,
        "num_points": 54,
        "distance": 11.098137239681238,
        "speed": 2.4092042913931007,
        "brake": 0.0,
        "id": 381,
        "ego_matrix": [
            [
                0.004102621227502823,
                -0.9999915957450867,
                -0.00010727035987656564,
                -48.57024383544922
            ],
            [
                0.9998970031738281,
                0.0041037085466086864,
                -0.01375372800976038,
                101.10792541503906
            ],
            [
                0.013754052110016346,
                -5.0832979468395934e-05,
                0.9999054074287415,
                0.003420677036046982
            ],
            [
                0.0,
                0.0,
                0.0,
                1.0
            ]
        ]
    },
    {
        "class": "Car",
        "extent": [
            1.0795789957046509,
            1.4872888326644897,
            0.8592574596405029
        ],
        "position": [
            -24.491888775710283,
            -22.096243731532418,
            -2.500513797150472
        ],
        "yaw": -1.5594777590040052,
        "num_points": 1,
        "distance": 33.08094877863676,
        "speed": 2.1341626662044946,
        "brake": 0.0,
        "id": 382,
        "ego_matrix": [
            [
                -0.9999150633811951,
                0.008072846569120884,
                -0.010232435539364815,
                -19.324928283691406
            ],
            [
                -0.008067009970545769,
                -0.9999672770500183,
                -0.0006114997086115181,
                133.6966552734375
            ],
            [
                -0.01023703720420599,
                -0.0005289026303216815,
                0.9999474883079529,
                0.0018087768694385886
            ],
            [
                0.0,
                0.0,
                0.0,
                1.0
            ]
        ]
    },
    {
        "class": "Car",
        "extent": [
            1.5470870733261108,
            3.705369472503662,
            1.7886788845062256
        ],
        "position": [
            18.477154483740744,
            3.5968314485462933,
            -2.570787801931722
        ],
        "yaw": 0.003835884076095697,
        "num_points": 16,
        "distance": 18.99872059397246,
        "speed": 4.163527268497616,
        "brake": 0.0,
        "id": 384,
        "ego_matrix": [
            [
                0.0005847800639458001,
                0.9999992847442627,
                -0.0010606603464111686,
                -45.15755844116211
            ],
            [
                -0.9999708533287048,
                0.0005928358295932412,
                0.007610696833580732,
                90.81130981445312
            ],
            [
                0.00761131988838315,
                0.0010561789385974407,
                0.9999704957008362,
                -0.011643104255199432
            ],
            [
                0.0,
                0.0,
                0.0,
                1.0
            ]
        ]
    },
    {
        "class": "Car",
        "extent": [
            2.098191261291504,
            6.273552894592285,
            2.3895740509033203
        ],
        "position": [
            39.46783892314024,
            -28.42379138895971,
            -2.591791453783216
        ],
        "yaw": 1.5753689615128834,
        "num_points": 0,
        "distance": 48.70666904157939,
        "speed": 4.315511595688734,
        "brake": 0.0,
        "id": 386,
        "ego_matrix": [
            [
                0.9999976754188538,
                -0.0013215804938226938,
                -0.00168585532810539,
                -13.205344200134277
            ],
            [
                0.0013215786311775446,
                0.9999991059303284,
                -2.2200570128916297e-06,
                69.71662902832031
            ],
            [
                0.0016858568415045738,
                -7.938409929408863e-09,
                0.9999985694885254,
                -0.003583030542358756
            ],
            [
                0.0,
                0.0,
                0.0,
                1.0
            ]
        ]
    },
    {
        "class": "Car",
        "extent": [
            1.5470870733261108,
            3.705369472503662,
            1.7886788845062256
        ],
        "position": [
            25.011874470260977,
            10.487176047479329,
            -2.5793409157800853
        ],
        "yaw": 3.1419640314038046,
        "num_points": 6,
        "distance": 27.24385665662507,
        "speed": 4.163516629999761,
        "brake": 0.0,
        "id": 390,
        "ego_matrix": [
            [
                0.0028796077240258455,
                -0.999995231628418,
                0.0010539967333897948,
                -52.06911087036133
            ],
            [
                0.9999668598175049,
                0.0028715012595057487,
                -0.0076134284026920795,
                84.29901885986328
            ],
            [
                0.007610366214066744,
                0.0010758856078609824,
                0.9999704360961914,
                -0.011642112396657467
            ],
            [
                0.0,
                0.0,
                0.0,
                1.0
            ]
        ]
    },
    {
        "class": "Car",
        "extent": [
            1.488319993019104,
            4.791779518127441,
            2.163450002670288
        ],
        "position": [
            -28.053145124360302,
            -34.02923901640339,
            -2.4968397365743016
        ],
        "yaw": 1.579488112692318,
        "num_points": 3,
        "distance": 44.17241523931046,
        "speed": 4.145564355165425,
        "brake": 0.0,
        "id": 405,
        "ego_matrix": [
            [
                0.999984860420227,
                -0.00544070266187191,
                -0.000821831519715488,
                -7.380418300628662
            ],
            [
                0.005440703127533197,
                0.9999852180480957,
                -1.7171291801787447e-06,
                137.21910095214844
            ],
            [
                0.0008218287257477641,
                -2.7542380394152133e-06,
                0.9999996423721313,
                0.0010606390424072742
            ],
            [
                0.0,
                0.0,
                0.0,
                1.0
            ]
        ]
    },
    {
        "class": "Car",
        "extent": [
            1.6493593454360962,
            4.855708599090576,
            2.0327565670013428
        ],
        "position": [
            44.24088727896292,
            10.42632239217006,
            -2.6046328225316886
        ],
        "yaw": 3.1419801435284,
        "num_points": 1,
        "distance": 45.52744686445287,
        "speed": 3.910722602684586,
        "brake": 0.0,
        "id": 407,
        "ego_matrix": [
            [
                0.002863531932234764,
                -0.9999958872795105,
                -9.019287244882435e-05,
                -52.070770263671875
            ],
            [
                0.9999728798866272,
                0.0028640779200941324,
                -0.0067818909883499146,
                65.06989288330078
            ],
            [
                0.006782121490687132,
                -7.077026384649798e-05,
                0.9999769926071167,
                -0.011167029850184917
            ],
            [
                0.0,
                0.0,
                0.0,
                1.0
            ]
        ]
    },
    {
        "class": "Car",
        "extent": [
            1.300939917564392,
            4.717525005340576,
            1.894826889038086
        ],
        "position": [
            -31.55337435061855,
            -34.04049192203988,
            -2.499239989813481
        ],
        "yaw": 1.5794491540785511,
        "num_points": 2,
        "distance": 46.48243457190488,
        "speed": 4.114112623003316,
        "brake": 0.0,
        "id": 411,
        "ego_matrix": [
            [
                0.9999853372573853,
                -0.0054017482325434685,
                -0.00032100867247208953,
                -7.357786178588867
            ],
            [
                0.0054017468355596066,
                0.99998539686203,
                -4.929873284709174e-06,
                140.71926879882812
            ],
            [
                0.0003210306167602539,
                3.1957933970261365e-06,
                0.9999999403953552,
                -0.006029281299561262
            ],
            [
                0.0,
                0.0,
                0.0,
                1.0
            ]
        ]
    }
]