[
    {
        "class": "Car",
        "extent": [
            1.5107464790344238,
            4.901683330535889,
            2.128324270248413
        ],
        "position": [
            -1.3,
            0.0,
            -2.5
        ],
        "yaw": 0,
        "num_points": -1,
        "distance": -1,
        "speed": 3.6865711888023425,
        "brake": 0.0,
        "id": 282,
        "ego_matrix": [
            [
                -0.003054538043215871,
                0.9999953508377075,
                1.428601626685122e-05,
                -41.50231170654297
            ],
            [
                -0.9999951720237732,
                -0.0030545296613126993,
                -0.0005578264244832098,
                108.57196807861328
            ],
            [
                -0.0005577802076004446,
                -1.5989848179742694e-05,
                0.9999998211860657,
                0.033694878220558167
            ],
            [
                0.0,
                0.0,
                0.0,
                1.0
            ]
        ]
    },
    {
        "class": "Car",
        "extent": [
            1.5107464790344238,
            4.901683330535889,
            2.128324270248413
        ],
        "position": [
            -29.71544112408026,
            11.706914395562707,
            -2.5165401927635176
        ],
        "yaw": 1.571068368440174,
        "num_points": 15,
        "distance": 32.03735726313124,
        "speed": 4.455172385665008,
        "brake": 0.0,
        "id": 285,
        "ego_matrix": [
            [
                0.9999960064888,
                0.002782474271953106,
                -0.00044949425500817597,
                -53.12237548828125
            ],
            [
                -0.0027824672870337963,
                0.9999961256980896,
                1.640679874981288e-05,
                137.02304077148438
            ],
            [
                0.0004495381726883352,
                -1.5156030713114887e-05,
                0.9999998807907104,
                0.03319144994020462
            ],
            [
                0.0,
                0.0,
                0.0,
                1.0
            ]
        ]
    },
    {
        "class": "Car",
        "extent": [
            1.4750303030014038,
            3.805800199508667,
            1.97027587890625
        ],
        "position": [
            20.822736375583816,
            6.99327982450749,
            -2.479381160536268
        ],
        "yaw": 3.1418342023006636,
        "num_points": 11,
        "distance": 22.105194950738323,
        "speed": 4.57354593507633,
        "brake": 0.0,
        "id": 287,
        "ego_matrix": [
            [
                0.0028129341080784798,
                -0.9999960660934448,
                4.125900886720046e-06,
                -48.563133239746094
            ],
            [
                0.9999960660934448,
                0.002812933875247836,
                -4.8053138016257435e-05,
                86.47068786621094
            ],
            [
                4.804134005098604e-05,
                4.26105498263496e-06,
                1.0,
                0.042085912078619
            ],
            [
                0.0,
                0.0,
                0.0,
                1.0
            ]
        ]
    },
    {
        "class": "Car",
        "extent": [
            1.5470870733261108,
            3.705369472503662,
            1.7886788845062256
        ],
        "position": [
            -33.337827267757405,
            -16.663017503982232,
            -2.559872922190212
        ],
        "yaw": 1.5799144525336235,
        "num_points": 0,
        "distance": 37.35799551167876,
        "speed": 4.530593010906147,
        "brake": 0.0,
        "id": 297,
        "ego_matrix": [
            [
                0.9999804496765137,
                -0.006065283436328173,
                -0.0015485017793253064,
                -24.741512298583984
            ],
            [
                0.006063568405807018,
                0.9999810457229614,
                -0.0011098276590928435,
                140.55877685546875
            ],
            [
                0.0015552036929875612,
                0.0011004165280610323,
                0.9999982118606567,
                -0.008574409410357475
            ],
            [
                0.0,
                0.0,
                0.0,
                1.0
            ]
        ]
    },
    {
        "class": "Car",
        "extent": [
            1.2765706777572632,
            2.3557403087615967,
            0.7636788487434387
        ],
        "position": [
            -20.43306345569795,
            33.01924375418173,
            -2.5750094215194332
        ],
        "yaw": -1.2663438841350922,
        "num_points": 1,
        "distance": 38.91543670323593,
        "speed": 4.44031404633158,
        "brake": 0.0,
        "id": 299,
        "ego_matrix": [
            [
                -0.9549175500869751,
                0.2968686819076538,
                -0.001192115363664925,
                -74.46295928955078
            ],
            [
                -0.2968538999557495,
                -0.9548978805541992,
                -0.006919926032423973,
                127.80583953857422
            ],
            [
                -0.0031926576048135757,
                -0.006254074163734913,
                0.999975323677063,
                -0.030114516615867615
            ],
            [
                0.0,
                0.0,
                0.0,
                1.0
            ]
        ]
    },
    {
        "class": "Car",
        "extent": [
            1.5542958974838257,
            4.974244117736816,
            2.0384013652801514
        ],
        "position": [
            14.828477669642226,
            0.107640888172551,
            -2.548611249112489
        ],
        "yaw": 0.0002241050057303351,
        "num_points": 43,
        "distance": 15.046287112074772,
        "speed": 1.1729344998461664e-08,
        "brake": 1.0,
        "id": 302,
        "ego_matrix": [
            [
                -0.0028304001316428185,
                0.9999960064888,
                3.6399042073753662e-06,
                -41.659217834472656
            ],
            [
                -0.9999867677688599,
                -0.002830389654263854,
                0.004296892322599888,
                92.44392395019531
            ],
            [
                0.004296885337680578,
                8.522067219018936e-06,
                0.9999907612800598,
                -0.02391078881919384
            ],
            [
                0.0,
                0.0,
                0.0,
                1.0
            ]
        ]
    },
    {
        "class": "Car",
        "extent": [
            1.8548461198806763,
            4.6045098304748535,
            1.9315931797027588
        ],
        "position": [
            -33.21183947036817,
            11.977833838401983,
            -2.541372479290207
        ],
        "yaw": 1.5702635614188263,
        "num_points": 0,
        "distance": 35.39708121504323,
        "speed": 4.307565161947421,
        "brake": 0.0,
        "id": 304,
        "ego_matrix": [
            [
                0.999990701675415,
                0.0035874752793461084,
                -0.0023885094560682774,
                -53.38261413574219
            ],
            [
                -0.0035872601438313723,
                0.9999935626983643,
                9.437118569621816e-05,
                140.520263671875
            ],
            [
                0.002388832625001669,
                -8.580210123909637e-05,
                0.9999971389770508,
                0.010313720442354679
            ],
            [
                0.0,
                0.0,
                0.0,
                1.0
            ]
        ]
    },
    {
        "class": "Car",
        "extent": [
            1.6355280876159668,
            5.0267767906188965,
            2.1515462398529053
        ],
        "position": [
            3.10376238785362,
            10.543636642317896,
            -2.4026226770931536
        ],
        "yaw": 3.1410059592016486,
        "num_points": 216,
        "distance": 11.250520447248903,
        "speed": 4.348514420949964,
        "brake": 0.0,
        "id": 314,
        "ego_matrix": [
            [
                0.003641098504886031,
                -0.9999933838844299,
                0.0002023495180765167,
                -52.059349060058594
            ],
            [
                0.999966561794281,
                0.003639517817646265,
                -0.007328276056796312,
                104.20037841796875
            ],
            [
                0.007327490486204624,
                0.0002290257252752781,
                0.9999731779098511,
                0.1287844479084015
            ],
            [
                0.0,
                0.0,
                0.0,
                1.0
            ]
        ]
    },
    {
        "class": "Car",
        "extent": [
            1.5107464790344238,
            4.901683330535889,
            2.128324270248413
        ],
        "position": [
            -23.989428676278642,
            33.433429934603005,
            -2.513689466812681
        ],
        "yaw": -1.2949816542850416,
        "num_points": 3,
        "distance": 41.22627269280881,
        "speed": 4.45040595060228,
        "brake": 0.0,
        "id": 323,
        "ego_matrix": [
            [
                -0.9630309343338013,
                0.269390732049942,
                0.0002252939302707091,
                -74.86627960205078
            ],
            [
                -0.2693904638290405,
                -0.9630306959152222,
                0.0008345671813003719,
                131.36341857910156
            ],
            [
                0.00044178959797136486,
                0.0007430218975059688,
                0.9999995827674866,
                0.033195722848176956
            ],
            [
                0.0,
                0.0,
                0.0,
                1.0
            ]
        ]
    },
    {
        "class": "Car",
        "extent": [
            1.8779358863830566,
            3.866220712661743,
            1.9051965475082397
        ],
        "position": [
            -26.538901800804606,
            -40.576013249083516,
            -2.5373779361911364
        ],
        "yaw": -1.5617813933469238,
        "num_points": 0,
        "distance": 48.5506379646408,
        "speed": 4.437873621431617,
        "brake": 0.0,
        "id": 342,
        "ego_matrix": [
            [
                -0.9999819993972778,
                0.005960400681942701,
                0.0006941122119314969,
                -0.849395751953125
            ],
            [
                -0.005960340145975351,
                -0.9999822378158569,
                8.935987716540694e-05,
                133.68682861328125
            ],
            [
                0.0006946324720047414,
                8.522112329956144e-05,
                0.9999997615814209,
                0.009745902381837368
            ],
            [
                0.0,
                0.0,
                0.0,
                1.0
            ]
        ]
    },
    {
        "class": "Car",
        "extent": [
            1.4750303030014038,
            3.805800199508667,
            1.97027587890625
        ],
        "position": [
            37.49750003651093,
            -18.304214956623007,
            -2.469684002435595
        ],
        "yaw": 1.5751327326223354,
        "num_points": 0,
        "distance": 41.799594893231735,
        "speed": 4.505686145046943,
        "brake": 0.0,
        "id": 348,
        "ego_matrix": [
            [
                0.9999991655349731,
                -0.0012818932300433517,
                -9.190481068799272e-05,
                -23.31669044494629
            ],
            [
                0.0012818928807973862,
                0.9999991655349731,
                -4.378872745292028e-06,
                69.7187271118164
            ],
            [
                9.191035496769473e-05,
                4.261057256371714e-06,
                1.0,
                0.04207771271467209
            ],
            [
                0.0,
                0.0,
                0.0,
                1.0
            ]
        ]
    },
    {
        "class": "Car",
        "extent": [
            1.8548461198806763,
            4.6045098304748535,
            1.9315931797027588
        ],
        "position": [
            -29.835045942644776,
            -16.33864350304302,
            -2.539036041454782
        ],
        "yaw": 1.5799740589682167,
        "num_points": 7,
        "distance": 34.11052538350972,
        "speed": 4.307587645963877,
        "brake": 0.0,
        "id": 357,
        "ego_matrix": [
            [
                0.9999783635139465,
                -0.006123185157775879,
                -0.0023877047933638096,
                -25.076583862304688
            ],
            [
                0.006123163737356663,
                0.9999812245368958,
                -1.6218551536439918e-05,
                137.05699157714844
            ],
            [
                0.0023877595085650682,
                1.5978921510395594e-06,
                0.9999971389770508,
                0.010313873179256916
            ],
            [
                0.0,
                0.0,
                0.0,
                1.0
            ]
        ]
    },
    {
        "class": "Car",
        "extent": [
            1.3787471055984497,
            2.2072951793670654,
            1.4809197187423706
        ],
        "position": [
            4.662295202826264,
            7.041577746497266,
            -2.5274349886994467
        ],
        "yaw": 3.1394023367512576,
        "num_points": 118,
        "distance": 8.81525616986622,
        "speed": 3.6366967046523846,
        "brake": 0.0,
        "id": 381,
        "ego_matrix": [
            [
                0.005244448781013489,
                -0.9999862313270569,
                -7.850635302020237e-05,
                -48.562068939208984
            ],
            [
                0.999922513961792,
                0.005245001055300236,
                -0.011289813555777073,
                102.6312255859375
            ],
            [
                0.011290070600807667,
                -1.929141399159562e-05,
                0.9999362826347351,
                0.003046836704015732
            ],
            [
                0.0,
                0.0,
                0.0,
                1.0
            ]
        ]
    },
    {
        "class": "Car",
        "extent": [
            1.0795789957046509,
            1.4872888326644897,
            0.8592574596405029
        ],
        "position": [
            -26.46740322627935,
            -20.886770382503936,
            -2.545116396537023
        ],
        "yaw": -1.556587430272942,
        "num_points": 0,
        "distance": 33.81210179840685,
        "speed": 2.486275084212201,
        "brake": 0.0,
        "id": 382,
        "ego_matrix": [
            [
                -0.999936580657959,
                0.011158209294080734,
                -0.0015085276681929827,
                -20.53876495361328
            ],
            [
                -0.011154081672430038,
                -0.9999340772628784,
                -0.0027176805306226015,
                133.67547607421875
            ],
            [
                -0.0015387528110295534,
                -0.00270068203099072,
                0.9999951720237732,
                0.0022823906037956476
            ],
            [
                0.0,
                0.0,
                0.0,
                1.0
            ]
        ]
    },
    {
        "class": "Car",
        "extent": [
            1.5470870733261108,
            3.705369472503662,
            1.7886788845062256
        ],
        "position": [
            18.66797932418016,
            3.5895093971164456,
            -2.531188982123503
        ],
        "yaw": 0.005121258776222604,
        "num_points": 13,
        "distance": 19.177720078863093,
        "speed": 4.530594710472168,
        "brake": 0.0,
        "id": 384,
        "ego_matrix": [
            [
                0.0020668029319494963,
                0.9999971985816956,
                -0.0011462410911917686,
                -45.15279769897461
            ],
            [
                -0.9999966621398926,
                0.002068582223728299,
                0.001553313690237701,
                88.61506652832031
            ],
            [
                0.0015556805301457644,
                0.001143026864156127,
                0.999998152256012,
                -0.008574447594583035
            ],
            [
                0.0,
                0.0,
                0.0,
                1.0
            ]
        ]
    },
    {
        "class": "Car",
        "extent": [
            2.098191261291504,
            6.273552894592285,
            2.3895740509033203
        ],
        "position": [
            37.45876979439413,
            -30.672262989647194,
            -2.5146357545002123
        ],
        "yaw": 1.5752014819698312,
        "num_points": 0,
        "distance": 48.47958894620813,
        "speed": 4.64122371366981,
        "brake": 0.0,
        "id": 386,
        "ego_matrix": [
            [
                0.9999990463256836,
                -0.0013506419491022825,
                -0.0003398657136131078,
                -10.948582649230957
            ],
            [
                0.0013506419491022825,
                0.9999991059303284,
                -2.1765825408692763e-07,
                69.7197036743164
            ],
            [
                0.00033986568450927734,
                -2.4137884224728623e-07,
                0.9999999403953552,
                -0.0030501936562359333
            ],
            [
                0.0,
                0.0,
                0.0,
                1.0
            ]
        ]
    },
    {
        "class": "Car",
        "extent": [
            1.5470870733261108,
            3.705369472503662,
            1.7886788845062256
        ],
        "position": [
            20.808872618118446,
            10.492975434017971,
            -2.5301043039790043
        ],
        "yaw": 3.141751644306871,
        "num_points": 12,
        "distance": 23.4416966298303,
        "speed": 4.530593550987646,
        "brake": 0.0,
        "id": 390,
        "ego_matrix": [
            [
                0.0028955424204468727,
                -0.999995231628418,
                0.0010969755239784718,
                -52.06277084350586
            ],
            [
                0.9999946355819702,
                0.0028938313480466604,
                -0.001558266463689506,
                86.49526977539062
            ],
            [
                0.0015550844836980104,
                0.001101481611840427,
                0.9999982118606567,
                -0.008573532104492188
            ],
            [
                0.0,
                0.0,
                0.0,
                1.0
            ]
        ]
    },
    {
        "class": "Car",
        "extent": [
            1.488319993019104,
            4.791779518127441,
            2.163450002670288
        ],
        "position": [
            -30.068915893493116,
            -36.24132319688152,
            -2.547897016493071
        ],
        "yaw": 1.5788757026750462,
        "num_points": 0,
        "distance": 47.15999352499362,
        "speed": 4.593049476960295,
        "brake": 0.0,
        "id": 405,
        "ego_matrix": [
            [
                0.9999873638153076,
                -0.005024841986596584,
                -0.00021411158377304673,
                -5.173283100128174
            ],
            [
                0.005024842452257872,
                0.9999873638153076,
                1.794955551304156e-06,
                137.23007202148438
            ],
            [
                0.0002140998694812879,
                -2.8708100217045285e-06,
                1.0,
                0.0012651064898818731
            ],
            [
                0.0,
                0.0,
                0.0,
                1.0
            ]
        ]
    },
    {
        "class": "Car",
        "extent": [
            1.6493593454360962,
            4.855708599090576,
            2.0327565670013428
        ],
        "position": [
            40.12094586493616,
            10.436965123043809,
            -2.5206006264155474
        ],
        "yaw": 3.1421220900145013,
        "num_points": 1,
        "distance": 41.53280589599813,
        "speed": 4.409830771337043,
        "brake": 0.0,
        "id": 407,
        "ego_matrix": [
            [
                0.0025250441394746304,
                -0.9999968409538269,
                1.114987662731437e-05,
                -52.06575012207031
            ],
            [
                0.9999966025352478,
                0.0025250364560633898,
                -0.0006468597566708922,
                67.18311309814453
            ],
            [
                0.0006468294886872172,
                1.2783187230525073e-05,
                0.9999997615814209,
                -0.00984264351427555
            ],
            [
                0.0,
                0.0,
                0.0,
                1.0
            ]
        ]
    },
    {
        "class": "Car",
        "extent": [
            1.300939917564392,
            4.717525005340576,
            1.894826889038086
        ],
        "position": [
            -33.56894065487372,
            -36.24058634064692,
            -2.5570281149301
        ],
        "yaw": 1.5788182345715547,
        "num_points": 0,
        "distance": 49.46506108138208,
        "speed": 4.54906504443031,
        "brake": 0.0,
        "id": 411,
        "ego_matrix": [
            [
                0.9999876618385315,
                -0.0049673751927912235,
                -7.901890785433352e-05,
                -5.163329124450684
            ],
            [
                0.004967374727129936,
                0.9999876618385315,
                -3.588354275052552e-06,
                140.73008728027344
            ],
            [
                7.903575897216797e-05,
                3.1957933970261365e-06,
                1.0,
                -0.005913734436035156
            ],
            [
                0.0,
                0.0,
                0.0,
                1.0
            ]
        ]
    }
]