[
    {
        "class": "Car",
        "extent": [
            1.5107464790344238,
            4.901683330535889,
            2.128324270248413
        ],
        "position": [
            -1.3,
            0.0,
            -2.5
        ],
        "yaw": 0,
        "num_points": -1,
        "distance": -1,
        "speed": 4.061968876571483,
        "brake": 0.0,
        "id": 282,
        "ego_matrix": [
            [
                -0.002730290638282895,
                0.9999962449073792,
                3.4933671031467384e-06,
                -41.50748825073242
            ],
            [
                -0.9999962449073792,
                -0.002730291336774826,
                0.00021516400738619268,
                106.5885009765625
            ],
            [
                0.00021517275308724493,
                -2.905893779825419e-06,
                1.0,
                0.03331020101904869
            ],
            [
                0.0,
                0.0,
                0.0,
                1.0
            ]
        ]
    },
    {
        "class": "Car",
        "extent": [
            1.5107464790344238,
            4.901683330535889,
            2.128324270248413
        ],
        "position": [
            -31.69920087962009,
            9.435637498228127,
            -2.4934435357433755
        ],
        "yaw": 1.5694226680445593,
        "num_points": 18,
        "distance": 33.16757229690494,
        "speed": 4.566994158444381,
        "brake": 0.0,
        "id": 285,
        "ego_matrix": [
            [
                0.9999915957450867,
                0.004103920888155699,
                -0.00012501659512054175,
                -50.86009216308594
            ],
            [
                -0.004103919956833124,
                0.9999915957450867,
                8.525745215592906e-06,
                137.0133514404297
            ],
            [
                0.0001250505301868543,
                -8.012614671315532e-06,
                1.0,
                0.03335300460457802
            ],
            [
                0.0,
                0.0,
                0.0,
                1.0
            ]
        ]
    },
    {
        "class": "Car",
        "extent": [
            1.4750303030014038,
            3.805800199508667,
            1.97027587890625
        ],
        "position": [
            16.546154279265036,
            7.0005026906077195,
            -2.495078378844923
        ],
        "yaw": 3.1415099624379463,
        "num_points": 23,
        "distance": 18.13856872719085,
        "speed": 4.579641816348867,
        "brake": 0.0,
        "id": 287,
        "ego_matrix": [
            [
                0.0028129341080784798,
                -0.9999960660934448,
                4.216776687826496e-06,
                -48.55669021606445
            ],
            [
                0.9999960660934448,
                0.0028129341080784798,
                -1.5747547877253965e-05,
                88.76152801513672
            ],
            [
                1.573562440171372e-05,
                4.261056801624363e-06,
                1.0,
                0.04209217056632042
            ],
            [
                0.0,
                0.0,
                0.0,
                1.0
            ]
        ]
    },
    {
        "class": "Car",
        "extent": [
            1.5470870733261108,
            3.705369472503662,
            1.7886788845062256
        ],
        "position": [
            -35.335932654052904,
            -18.957145309529462,
            -2.5340560908875043
        ],
        "yaw": 1.5795869346941114,
        "num_points": 0,
        "distance": 40.17988221847024,
        "speed": 4.578257636823187,
        "brake": 0.0,
        "id": 297,
        "ego_matrix": [
            [
                0.9999814033508301,
                -0.006061024498194456,
                -0.0006557515589520335,
                -22.45748519897461
            ],
            [
                0.006060296669602394,
                0.9999810457229614,
                -0.001106542651541531,
                140.57254028320312
            ],
            [
                0.0006624459056183696,
                0.0011025480926036835,
                0.9999991655349731,
                -0.0081245806068182
            ],
            [
                0.0,
                0.0,
                0.0,
                1.0
            ]
        ]
    },
    {
        "class": "Car",
        "extent": [
            1.2765706777572632,
            2.3557403087615967,
            0.7636788487434387
        ],
        "position": [
            -21.65842955878202,
            35.09589426585159,
            -2.559132698446616
        ],
        "yaw": -1.2054186147192953,
        "num_points": 0,
        "distance": 41.32019512830035,
        "speed": 4.424588482520039,
        "brake": 0.0,
        "id": 299,
        "ego_matrix": [
            [
                -0.9349564909934998,
                0.3547620475292206,
                -0.00038656010292470455,
                -76.54766845703125
            ],
            [
                -0.35474905371665955,
                -0.9349305629730225,
                -0.0076110754162073135,
                127.04266357421875
            ],
            [
                -0.0030615278519690037,
                -0.006978892255574465,
                0.9999709129333496,
                -0.03010108880698681
            ],
            [
                0.0,
                0.0,
                0.0,
                1.0
            ]
        ]
    },
    {
        "class": "Car",
        "extent": [
            1.5542958974838257,
            4.974244117736816,
            2.0384013652801514
        ],
        "position": [
            12.84492586563449,
            0.1131100315860411,
            -2.5602649237611548
        ],
        "yaw": -0.00010013485698689983,
        "num_points": 59,
        "distance": 13.098086534022176,
        "speed": -2.775487563802016e-08,
        "brake": 1.0,
        "id": 302,
        "ego_matrix": [
            [
                -0.0028304001316428185,
                0.9999960064888,
                3.6399042073753662e-06,
                -41.659217834472656
            ],
            [
                -0.9999867677688599,
                -0.002830389654263854,
                0.004296892322599888,
                92.44392395019531
            ],
            [
                0.004296885337680578,
                8.522067219018936e-06,
                0.9999907612800598,
                -0.02391078881919384
            ],
            [
                0.0,
                0.0,
                0.0,
                1.0
            ]
        ]
    },
    {
        "class": "Car",
        "extent": [
            1.8548461198806763,
            4.6045098304748535,
            1.9315931797027588
        ],
        "position": [
            -35.19413312745748,
            9.766981060296281,
            -2.515424571944495
        ],
        "yaw": 1.5686615373852377,
        "num_points": 0,
        "distance": 36.61076735610069,
        "speed": 4.441938194375534,
        "brake": 0.0,
        "id": 304,
        "ego_matrix": [
            [
                0.9999877214431763,
                0.004865070804953575,
                -0.0009346833685413003,
                -51.18189239501953
            ],
            [
                -0.0048650410026311874,
                0.9999881386756897,
                3.4282835258636624e-05,
                140.50917053222656
            ],
            [
                0.0009348390740342438,
                -2.9735141652054153e-05,
                0.9999995827674866,
                0.01062091812491417
            ],
            [
                0.0,
                0.0,
                0.0,
                1.0
            ]
        ]
    },
    {
        "class": "Car",
        "extent": [
            1.6355280876159668,
            5.0267767906188965,
            2.1515462398529053
        ],
        "position": [
            -1.0727689956397617,
            10.54258222776084,
            -2.404544928528848
        ],
        "yaw": 3.140397027418402,
        "num_points": 192,
        "distance": 10.866402793032222,
        "speed": 4.387736832227457,
        "brake": 0.0,
        "id": 314,
        "ego_matrix": [
            [
                0.00392576539888978,
                -0.999992311000824,
                0.0002015539212152362,
                -52.05065155029297
            ],
            [
                0.9999668598175049,
                0.00392422778531909,
                -0.00713522220030427,
                106.39007568359375
            ],
            [
                0.007134376093745232,
                0.00022955842723604292,
                0.9999745488166809,
                0.12884479761123657
            ],
            [
                0.0,
                0.0,
                0.0,
                1.0
            ]
        ]
    },
    {
        "class": "Car",
        "extent": [
            1.5107464790344238,
            4.901683330535889,
            2.128324270248413
        ],
        "position": [
            -25.24669185869808,
            35.563205120186744,
            -2.494902294478786
        ],
        "yaw": -1.2411888629006946,
        "num_points": 7,
        "distance": 43.684797649611745,
        "speed": 4.561736948443412,
        "brake": 0.0,
        "id": 323,
        "ego_matrix": [
            [
                -0.947049617767334,
                0.32108721137046814,
                -0.0001487802219344303,
                -77.00518035888672
            ],
            [
                -0.32108721137046814,
                -0.9470493197441101,
                0.0007959879585541785,
                130.6322021484375
            ],
            [
                0.00011467932927189395,
                0.0008016115170903504,
                0.9999997019767761,
                0.03335857391357422
            ],
            [
                0.0,
                0.0,
                0.0,
                1.0
            ]
        ]
    },
    {
        "class": "Car",
        "extent": [
            1.8779358863830566,
            3.866220712661743,
            1.9051965475082397
        ],
        "position": [
            -28.489897401296535,
            -38.33958946189683,
            -2.517561050501552
        ],
        "yaw": -1.5621783375074,
        "num_points": 0,
        "distance": 47.83237907198633,
        "speed": 4.507097786658603,
        "brake": 0.0,
        "id": 342,
        "ego_matrix": [
            [
                -0.999982476234436,
                0.005887672770768404,
                0.0005474875797517598,
                -3.093804359436035
            ],
            [
                -0.005887624341994524,
                -0.9999826550483704,
                8.951136260293424e-05,
                133.67361450195312
            ],
            [
                0.0005480051040649414,
                8.628639625385404e-05,
                0.9999998211860657,
                0.00978721585124731
            ],
            [
                0.0,
                0.0,
                0.0,
                1.0
            ]
        ]
    },
    {
        "class": "Car",
        "extent": [
            1.4750303030014038,
            3.805800199508667,
            1.97027587890625
        ],
        "position": [
            35.51082635026032,
            -20.567733892895504,
            -2.4990811991800235
        ],
        "yaw": 1.5748085960091254,
        "num_points": 0,
        "distance": 41.11320800433116,
        "speed": 4.565697600652045,
        "brake": 0.0,
        "id": 348,
        "ego_matrix": [
            [
                0.9999991655349731,
                -0.0012819962576031685,
                -1.8233544324175455e-05,
                -21.040334701538086
            ],
            [
                0.0012819961411878467,
                0.9999991655349731,
                -4.284435817680787e-06,
                69.7216567993164
            ],
            [
                1.823902130126953e-05,
                4.261057256371714e-06,
                1.0,
                0.04208992049098015
            ],
            [
                0.0,
                0.0,
                0.0,
                1.0
            ]
        ]
    },
    {
        "class": "Car",
        "extent": [
            1.8548461198806763,
            4.6045098304748535,
            1.9315931797027588
        ],
        "position": [
            -31.83267848302455,
            -18.54832217733589,
            -2.5160656604843346
        ],
        "yaw": 1.5796480714060341,
        "num_points": 8,
        "distance": 36.92817706583596,
        "speed": 4.441943372055001,
        "brake": 0.0,
        "id": 357,
        "ego_matrix": [
            [
                0.9999808669090271,
                -0.006121435202658176,
                -0.0009342157864011824,
                -22.875871658325195
            ],
            [
                0.006121431477367878,
                0.9999812841415405,
                -7.316773917409591e-06,
                137.07041931152344
            ],
            [
                0.0009342430275864899,
                1.5978961300788797e-06,
                0.9999995827674866,
                0.01062084175646305
            ],
            [
                0.0,
                0.0,
                0.0,
                1.0
            ]
        ]
    },
    {
        "class": "Car",
        "extent": [
            1.3787471055984497,
            2.2072951793670654,
            1.4809197187423706
        ],
        "position": [
            0.601753114527589,
            7.037638306254186,
            -2.5309258708407207
        ],
        "yaw": 3.1386035215822883,
        "num_points": 218,
        "distance": 7.503069072332388,
        "speed": 4.528320974651693,
        "brake": 0.0,
        "id": 381,
        "ego_matrix": [
            [
                0.005719074048101902,
                -0.9999836683273315,
                -7.272171933436766e-05,
                -48.55029296875
            ],
            [
                0.9999356865882874,
                0.005719511769711971,
                -0.009796565398573875,
                104.70596313476562
            ],
            [
                0.00979682058095932,
                -1.668976437940728e-05,
                0.9999520182609558,
                0.0028139876667410135
            ],
            [
                0.0,
                0.0,
                0.0,
                1.0
            ]
        ]
    },
    {
        "class": "Car",
        "extent": [
            1.0795789957046509,
            1.4872888326644897,
            0.8592574596405029
        ],
        "position": [
            -28.429090438224765,
            -20.09747476664256,
            -2.5228628732024805
        ],
        "yaw": -1.5565769107866365,
        "num_points": 2,
        "distance": 34.90682615503135,
        "speed": -0.011848745274480372,
        "brake": 1.0,
        "id": 382,
        "ego_matrix": [
            [
                -0.9991297721862793,
                0.011496266350150108,
                0.04009421914815903,
                -21.336017608642578
            ],
            [
                -0.011479572393000126,
                -0.9999339580535889,
                0.0006465662736445665,
                133.66261291503906
            ],
            [
                0.040098998695611954,
                0.00018573911802377552,
                0.9991956949234009,
                0.004551487043499947
            ],
            [
                0.0,
                0.0,
                0.0,
                1.0
            ]
        ]
    },
    {
        "class": "Car",
        "extent": [
            1.5470870733261108,
            3.705369472503662,
            1.7886788845062256
        ],
        "position": [
            18.967348821403263,
            3.5831584809765777,
            -2.5458061388059248
        ],
        "yaw": 0.005687713140082318,
        "num_points": 12,
        "distance": 19.469989083432072,
        "speed": 4.578257683494176,
        "brake": 0.0,
        "id": 384,
        "ego_matrix": [
            [
                0.0029574146028608084,
                0.9999949932098389,
                -0.0011274071875959635,
                -45.14596939086914
            ],
            [
                -0.9999954104423523,
                0.002958159428089857,
                0.0006595909944735467,
                86.33100128173828
            ],
            [
                0.0006629227427765727,
                0.0011254512937739491,
                0.9999991059303284,
                -0.00812454242259264
            ],
            [
                0.0,
                0.0,
                0.0,
                1.0
            ]
        ]
    },
    {
        "class": "Car",
        "extent": [
            2.098191261291504,
            6.273552894592285,
            2.3895740509033203
        ],
        "position": [
            35.475559800779294,
            -33.00866374403223,
            -2.544096779731462
        ],
        "yaw": 1.5749038895825487,
        "num_points": 0,
        "distance": 48.5238050215551,
        "speed": 4.733947592862204,
        "brake": 0.0,
        "id": 386,
        "ego_matrix": [
            [
                0.9999990463256836,
                -0.0013772895326837897,
                -0.0001362561888527125,
                -8.59935474395752
            ],
            [
                0.0013772895326837897,
                0.9999990463256836,
                -1.1587942339019719e-07,
                69.72294616699219
            ],
            [
                0.00013625621795654297,
                -7.178490335491006e-08,
                1.0,
                -0.002969398396089673
            ],
            [
                0.0,
                0.0,
                0.0,
                1.0
            ]
        ]
    },
    {
        "class": "Car",
        "extent": [
            1.5470870733261108,
            3.705369472503662,
            1.7886788845062256
        ],
        "position": [
            16.537891176623553,
            10.500034482029717,
            -2.5453026835639596
        ],
        "yaw": 3.1414232765444643,
        "num_points": 20,
        "distance": 19.754268765120468,
        "speed": 4.578258638745822,
        "brake": 0.0,
        "id": 390,
        "ego_matrix": [
            [
                0.002899598330259323,
                -0.9999951720237732,
                0.001102754264138639,
                -52.05618667602539
            ],
            [
                0.9999955296516418,
                0.0028988660778850317,
                -0.0006652882439084351,
                88.77933502197266
            ],
            [
                0.0006620883359573781,
                0.0011046784929931164,
                0.9999991655349731,
                -0.008123740553855896
            ],
            [
                0.0,
                0.0,
                0.0,
                1.0
            ]
        ]
    },
    {
        "class": "Car",
        "extent": [
            1.6672759056091309,
            4.611005783081055,
            2.241713285446167
        ],
        "position": [
            38.94350518981019,
            -27.529818060608246,
            -2.467873702423175
        ],
        "yaw": -1.565768012340718,
        "num_points": 0,
        "distance": 47.75539633936752,
        "speed": 4.608833849573906,
        "brake": 0.0,
        "id": 393,
        "ego_matrix": [
            [
                -0.9999973773956299,
                0.002298027276992798,
                4.040864951093681e-06,
                -14.087648391723633
            ],
            [
                -0.002298027276992798,
                -0.9999973773956299,
                5.335621153790271e-06,
                66.26998901367188
            ],
            [
                4.053115389979212e-06,
                5.326321115717292e-06,
                1.0,
                0.07401580363512039
            ],
            [
                0.0,
                0.0,
                0.0,
                1.0
            ]
        ]
    },
    {
        "class": "Car",
        "extent": [
            1.488319993019104,
            4.791779518127441,
            2.163450002670288
        ],
        "position": [
            -32.05800136674419,
            -38.59262865322816,
            -2.5252684320980547
        ],
        "yaw": 1.5782274055217882,
        "num_points": 0,
        "distance": 50.23428529052932,
        "speed": 4.744194411482225,
        "brake": 0.0,
        "id": 405,
        "ego_matrix": [
            [
                0.9999889731407166,
                -0.004700788762420416,
                -7.618550444021821e-05,
                -2.831024169921875
            ],
            [
                0.004700788762420416,
                0.9999889731407166,
                2.112631364070694e-06,
                137.2410125732422
            ],
            [
                7.61747287469916e-05,
                -2.4707399006729247e-06,
                1.0,
                0.0013113406021147966
            ],
            [
                0.0,
                0.0,
                0.0,
                1.0
            ]
        ]
    },
    {
        "class": "Car",
        "extent": [
            1.6493593454360962,
            4.855708599090576,
            2.0327565670013428
        ],
        "position": [
            35.892163632174885,
            10.452142970767746,
            -2.5511230551280435
        ],
        "yaw": 3.14219213115117,
        "num_points": 8,
        "distance": 37.47002711131382,
        "speed": 4.528864877056999,
        "brake": 0.0,
        "id": 407,
        "ego_matrix": [
            [
                0.0021308204159140587,
                -0.9999977350234985,
                7.291942893061787e-06,
                -52.06113815307617
            ],
            [
                0.9999976754188538,
                0.002130818087607622,
                -0.0003273649781476706,
                69.42500305175781
            ],
            [
                0.00032734868000261486,
                7.989481673575938e-06,
                0.9999999403953552,
                -0.009779739193618298
            ],
            [
                0.0,
                0.0,
                0.0,
                1.0
            ]
        ]
    }
]