[
    {
        "class": "Car",
        "extent": [
            1.5107464790344238,
            4.901683330535889,
            2.128324270248413
        ],
        "position": [
            -1.3,
            0.0,
            -2.5
        ],
        "yaw": 0,
        "num_points": -1,
        "distance": -1,
        "speed": 3.9201523569049526,
        "brake": 0.0,
        "id": 282,
        "ego_matrix": [
            [
                -0.002930919174104929,
                0.9999957084655762,
                -7.473051027773181e-06,
                -41.51319885253906
            ],
            [
                -0.9999957084655762,
                -0.002930917777121067,
                0.00017621397273615003,
                104.68408966064453
            ],
            [
                0.00017619131540413946,
                7.98948804003885e-06,
                1.0,
                0.03332962095737457
            ],
            [
                0.0,
                0.0,
                0.0,
                1.0
            ]
        ]
    },
    {
        "class": "Car",
        "extent": [
            1.5107464790344238,
            4.901683330535889,
            2.128324270248413
        ],
        "position": [
            -33.59740121724093,
            7.148620131744924,
            -2.494192171438592
        ],
        "yaw": 1.568990570937917,
        "num_points": 10,
        "distance": 34.43993514698187,
        "speed": 4.597869858453008,
        "brake": 0.0,
        "id": 285,
        "ego_matrix": [
            [
                0.9999887943267822,
                0.004736680071800947,
                -5.1364859245950356e-05,
                -48.5671272277832
            ],
            [
                -0.004736680071800947,
                0.9999887943267822,
                3.150068323520827e-06,
                137.00230407714844
            ],
            [
                5.137920379638672e-05,
                -2.906733925556182e-06,
                1.0,
                0.03338981419801712
            ],
            [
                0.0,
                0.0,
                0.0,
                1.0
            ]
        ]
    },
    {
        "class": "Car",
        "extent": [
            1.4750303030014038,
            3.805800199508667,
            1.97027587890625
        ],
        "position": [
            12.346124909217966,
            6.997040721663741,
            -2.4936020139610426
        ],
        "yaw": 3.1417106316260837,
        "num_points": 31,
        "distance": 14.408449956142526,
        "speed": 4.833731232951501,
        "brake": 0.0,
        "id": 287,
        "ego_matrix": [
            [
                0.0028129341080784798,
                -0.9999960660934448,
                3.926053068425972e-06,
                -48.55020523071289
            ],
            [
                0.9999960660934448,
                0.0028129336424171925,
                -0.00011910159082617611,
                91.05853271484375
            ],
            [
                0.00011909007298527285,
                4.261062258592574e-06,
                1.0,
                0.04207603260874748
            ],
            [
                0.0,
                0.0,
                0.0,
                1.0
            ]
        ]
    },
    {
        "class": "Car",
        "extent": [
            1.5470870733261108,
            3.705369472503662,
            1.7886788845062256
        ],
        "position": [
            -37.264742946154165,
            -21.242511117920596,
            -2.535813786240262
        ],
        "yaw": 1.5797807712095773,
        "num_points": 1,
        "distance": 42.96900856427121,
        "speed": 4.777752075319725,
        "brake": 0.0,
        "id": 297,
        "ego_matrix": [
            [
                0.9999802708625793,
                -0.006055338773876429,
                -0.0016983527457341552,
                -20.165369033813477
            ],
            [
                0.006053456570953131,
                0.9999811053276062,
                -0.0011112516513094306,
                140.58641052246094
            ],
            [
                0.0017050495371222496,
                0.0011009486624971032,
                0.9999979734420776,
                -0.008651122450828552
            ],
            [
                0.0,
                0.0,
                0.0,
                1.0
            ]
        ]
    },
    {
        "class": "Car",
        "extent": [
            1.2765706777572632,
            2.3557403087615967,
            0.7636788487434387
        ],
        "position": [
            -22.66456046338673,
            37.10636448634572,
            -2.5593887689583505
        ],
        "yaw": -1.1413737184025792,
        "num_points": 0,
        "distance": 43.55588430123675,
        "speed": 4.441967587555197,
        "brake": 0.0,
        "id": 299,
        "ego_matrix": [
            [
                -0.910417914390564,
                0.4136897325515747,
                -7.585529237985611e-05,
                -78.5567855834961
            ],
            [
                -0.4136770963668823,
                -0.9103915691375732,
                -0.007645677775144577,
                126.15730285644531
            ],
            [
                -0.00323199643753469,
                -0.006929382216185331,
                0.9999707341194153,
                -0.03011985681951046
            ],
            [
                0.0,
                0.0,
                0.0,
                1.0
            ]
        ]
    },
    {
        "class": "Car",
        "extent": [
            1.5542958974838257,
            4.974244117736816,
            2.0384013652801514
        ],
        "position": [
            10.940531065927559,
            0.11014389333401224,
            -2.5593962067960523
        ],
        "yaw": 0.00010053433115064792,
        "num_points": 68,
        "distance": 11.236452314904682,
        "speed": 3.167482423039132e-08,
        "brake": 1.0,
        "id": 302,
        "ego_matrix": [
            [
                -0.0028304001316428185,
                0.9999960064888,
                3.6399042073753662e-06,
                -41.659217834472656
            ],
            [
                -0.9999867677688599,
                -0.002830389654263854,
                0.004296892322599888,
                92.44392395019531
            ],
            [
                0.004296885337680578,
                8.522067219018936e-06,
                0.9999907612800598,
                -0.02391078881919384
            ],
            [
                0.0,
                0.0,
                0.0,
                1.0
            ]
        ]
    },
    {
        "class": "Car",
        "extent": [
            1.8548461198806763,
            4.6045098304748535,
            1.9315931797027588
        ],
        "position": [
            -37.090868650132535,
            7.546201623868921,
            -2.516540089199336
        ],
        "yaw": 1.5682933553645344,
        "num_points": 6,
        "distance": 37.9342941174607,
        "speed": 4.644256848106113,
        "brake": 0.0,
        "id": 304,
        "ego_matrix": [
            [
                0.999983549118042,
                0.005433904938399792,
                -0.0018221506616100669,
                -48.9544677734375
            ],
            [
                -0.005433877930045128,
                0.9999852180480957,
                1.9930597773054615e-05,
                140.49691772460938
            ],
            [
                0.001822232035920024,
                -1.0028927135863341e-05,
                0.9999983310699463,
                0.010423202067613602
            ],
            [
                0.0,
                0.0,
                0.0,
                1.0
            ]
        ]
    },
    {
        "class": "Car",
        "extent": [
            1.6355280876159668,
            5.0267767906188965,
            2.1515462398529053
        ],
        "position": [
            -5.181989070944441,
            10.539612998060262,
            -2.4038530616514433
        ],
        "yaw": 3.140366001591703,
        "num_points": 10,
        "distance": 11.98811755123712,
        "speed": 4.715536336465394,
        "brake": 0.0,
        "id": 314,
        "ego_matrix": [
            [
                0.00415748730301857,
                -0.9999913573265076,
                0.00019915116718038917,
                -52.04138946533203
            ],
            [
                0.9999626874923706,
                0.004155860282480717,
                -0.007571683265268803,
                108.59696960449219
            ],
            [
                0.007570790126919746,
                0.0002306229289388284,
                0.999971330165863,
                0.1287083774805069
            ],
            [
                0.0,
                0.0,
                0.0,
                1.0
            ]
        ]
    },
    {
        "class": "Car",
        "extent": [
            1.5107464790344238,
            4.901683330535889,
            2.128324270248413
        ],
        "position": [
            -26.26740812095427,
            37.68454547105579,
            -2.495233505881556
        ],
        "yaw": -1.1810707976113004,
        "num_points": 0,
        "distance": 46.003563851094405,
        "speed": 4.592429350506773,
        "brake": 0.0,
        "id": 323,
        "ego_matrix": [
            [
                -0.9261229038238525,
                0.3772217631340027,
                -0.00027205079095438123,
                -79.12440490722656
            ],
            [
                -0.37722188234329224,
                -0.9261225461959839,
                0.0007731500663794577,
                129.7618408203125
            ],
            [
                3.9696693420410156e-05,
                0.0008186555351130664,
                0.9999996423721313,
                0.03339599445462227
            ],
            [
                0.0,
                0.0,
                0.0,
                1.0
            ]
        ]
    },
    {
        "class": "Car",
        "extent": [
            1.8779358863830566,
            3.866220712661743,
            1.9051965475082397
        ],
        "position": [
            -30.38224105477054,
            -36.07745578366854,
            -2.5188042637088364
        ],
        "yaw": -1.5620437147142965,
        "num_points": 0,
        "distance": 47.233544883394266,
        "speed": 4.664091516734618,
        "brake": 0.0,
        "id": 342,
        "ego_matrix": [
            [
                -0.9999827146530151,
                0.005821661092340946,
                0.0008774560410529375,
                -5.35066032409668
            ],
            [
                -0.0058215828612446785,
                -0.9999830722808838,
                9.192876314045861e-05,
                133.66046142578125
            ],
            [
                0.0008779763011261821,
                8.681898907525465e-05,
                0.9999996423721313,
                0.009689560160040855
            ],
            [
                0.0,
                0.0,
                0.0,
                1.0
            ]
        ]
    },
    {
        "class": "Car",
        "extent": [
            1.4750303030014038,
            3.805800199508667,
            1.97027587890625
        ],
        "position": [
            33.592622598386306,
            -22.86547306562557,
            -2.4975851921254812
        ],
        "yaw": 1.5750092854830602,
        "num_points": 0,
        "distance": 40.7127999939133,
        "speed": 4.822891818600202,
        "brake": 0.0,
        "id": 348,
        "ego_matrix": [
            [
                0.9999991655349731,
                -0.0012820168631151319,
                -0.00011395851470297202,
                -18.750091552734375
            ],
            [
                0.0012820163974538445,
                0.9999991655349731,
                -4.407157575769816e-06,
                69.72460174560547
            ],
            [
                0.00011396407353458926,
                4.261057256371714e-06,
                1.0,
                0.042074888944625854
            ],
            [
                0.0,
                0.0,
                0.0,
                1.0
            ]
        ]
    },
    {
        "class": "Car",
        "extent": [
            1.8548461198806763,
            4.6045098304748535,
            1.9315931797027588
        ],
        "position": [
            -33.76091252232308,
            -20.7696720534822,
            -2.517353104235558
        ],
        "yaw": 1.579847067796112,
        "num_points": 5,
        "distance": 39.71795007550812,
        "speed": 4.644258600821518,
        "brake": 0.0,
        "id": 357,
        "ego_matrix": [
            [
                0.9999796152114868,
                -0.006119763478636742,
                -0.0018215921008959413,
                -20.648475646972656
            ],
            [
                0.006119750440120697,
                0.9999812841415405,
                -1.2745843378070276e-05,
                137.083984375
            ],
            [
                0.00182163598947227,
                1.5978938563421252e-06,
                0.9999983310699463,
                0.010423125699162483
            ],
            [
                0.0,
                0.0,
                0.0,
                1.0
            ]
        ]
    },
    {
        "class": "Car",
        "extent": [
            1.3787471055984497,
            2.2072951793670654,
            1.4809197187423706
        ],
        "position": [
            -3.6885984825670235,
            7.030060564258723,
            -2.5303763705780042
        ],
        "yaw": 3.1385965973634544,
        "num_points": 142,
        "distance": 8.332485516310301,
        "speed": 4.958399266946565,
        "brake": 0.0,
        "id": 381,
        "ego_matrix": [
            [
                0.005926836747676134,
                -0.9999824166297913,
                -5.4865646234247833e-05,
                -48.53622817993164
            ],
            [
                0.99995356798172,
                0.005927082151174545,
                -0.00759944599121809,
                107.09327697753906
            ],
            [
                0.007599637843668461,
                -9.822425454331096e-06,
                0.9999711513519287,
                0.0024762344546616077
            ],
            [
                0.0,
                0.0,
                0.0,
                1.0
            ]
        ]
    },
    {
        "class": "Car",
        "extent": [
            1.0795789957046509,
            1.4872888326644897,
            0.8592574596405029
        ],
        "position": [
            -30.337741080917485,
            -20.102808926736373,
            -2.525948021541128
        ],
        "yaw": -1.5565245796712162,
        "num_points": 2,
        "distance": 36.481253734557804,
        "speed": -9.698665684817536e-05,
        "brake": 1.0,
        "id": 382,
        "ego_matrix": [
            [
                -0.9999356865882874,
                0.011340521275997162,
                -4.864426591666415e-05,
                -21.325368881225586
            ],
            [
                -0.011340525932610035,
                -0.9999356865882874,
                0.00010544891119934618,
                133.66278076171875
            ],
            [
                -4.744529360323213e-05,
                0.00010599378583719954,
                1.0,
                0.0024260138161480427
            ],
            [
                0.0,
                0.0,
                0.0,
                1.0
            ]
        ]
    },
    {
        "class": "Car",
        "extent": [
            1.5470870733261108,
            3.705369472503662,
            1.7886788845062256
        ],
        "position": [
            19.35576868730564,
            3.564242579830704,
            -2.5455914834281894
        ],
        "yaw": 0.006396380306152416,
        "num_points": 15,
        "distance": 19.845141537536634,
        "speed": 4.777752230963301,
        "brake": 0.0,
        "id": 384,
        "ego_matrix": [
            [
                0.0034654776100069284,
                0.9999933838844299,
                -0.0011185710318386555,
                -45.13796615600586
            ],
            [
                -0.9999925494194031,
                0.0034673777408897877,
                0.0017014207551255822,
                84.03884887695312
            ],
            [
                0.0017052879557013512,
                0.0011126665631309152,
                0.9999979734420776,
                -0.00865097064524889
            ],
            [
                0.0,
                0.0,
                0.0,
                1.0
            ]
        ]
    },
    {
        "class": "Car",
        "extent": [
            2.098191261291504,
            6.273552894592285,
            2.3895740509033203
        ],
        "position": [
            33.554200992650266,
            -35.39128857890785,
            -2.542697609255019
        ],
        "yaw": 1.5751293387824288,
        "num_points": 0,
        "distance": 48.83536651508634,
        "speed": 4.760737465543857,
        "brake": 0.0,
        "id": 386,
        "ego_matrix": [
            [
                0.9999990463256836,
                -0.0014020695816725492,
                -7.390989048872143e-05,
                -6.224216938018799
            ],
            [
                0.0014020695816725492,
                0.9999990463256836,
                4.122099284131764e-08,
                69.72630310058594
            ],
            [
                7.390975952148438e-05,
                -1.448477604526488e-07,
                1.0,
                -0.0029442214872688055
            ],
            [
                0.0,
                0.0,
                0.0,
                1.0
            ]
        ]
    },
    {
        "class": "Car",
        "extent": [
            1.5470870733261108,
            3.705369472503662,
            1.7886788845062256
        ],
        "position": [
            12.343409991226654,
            10.496411787694434,
            -2.5442999331337193
        ],
        "yaw": 3.1416162225654407,
        "num_points": 30,
        "distance": 16.401460080679065,
        "speed": 4.777752675855839,
        "brake": 0.0,
        "id": 390,
        "ego_matrix": [
            [
                0.002907343441620469,
                -0.9999951720237732,
                0.001097055384889245,
                -52.04955291748047
            ],
            [
                0.9999943375587463,
                0.00290546752512455,
                -0.0017077684169635177,
                91.07149505615234
            ],
            [
                0.0017045726999640465,
                0.0011020142119377851,
                0.9999979734420776,
                -0.008650321513414383
            ],
            [
                0.0,
                0.0,
                0.0,
                1.0
            ]
        ]
    },
    {
        "class": "Car",
        "extent": [
            1.6672759056091309,
            4.611005783081055,
            2.241713285446167
        ],
        "position": [
            37.046145458072864,
            -25.2278278904848,
            -2.4666927305491564
        ],
        "yaw": -1.5653628123808623,
        "num_points": 0,
        "distance": 44.888136143078604,
        "speed": 4.830952982333874,
        "brake": 0.0,
        "id": 393,
        "ego_matrix": [
            [
                -0.9999964237213135,
                0.002502594143152237,
                0.0009381619747728109,
                -16.397869110107422
            ],
            [
                -0.002502588788047433,
                -0.9999968409538269,
                7.141547030187212e-06,
                66.26417541503906
            ],
            [
                0.0009381769341416657,
                4.793688276549801e-06,
                0.9999995827674866,
                0.07359470427036285
            ],
            [
                0.0,
                0.0,
                0.0,
                1.0
            ]
        ]
    },
    {
        "class": "Car",
        "extent": [
            1.6493593454360962,
            4.855708599090576,
            2.0327565670013428
        ],
        "position": [
            31.715594868696673,
            10.447281772006896,
            -2.5488003441773235
        ],
        "yaw": 3.142751927612305,
        "num_points": 3,
        "distance": 33.48911819522104,
        "speed": 4.56086012713162,
        "brake": 0.0,
        "id": 407,
        "ego_matrix": [
            [
                0.0017716438742354512,
                -0.9999984502792358,
                9.884505743684713e-06,
                -52.05720138549805
            ],
            [
                0.9999984502792358,
                0.0017716424772515893,
                -0.00013293606752995402,
                71.69924926757812
            ],
            [
                0.00013291834329720587,
                1.0120004844793584e-05,
                1.0,
                -0.00973712932318449
            ],
            [
                0.0,
                0.0,
                0.0,
                1.0
            ]
        ]
    }
]