[
    {
        "class": "Car",
        "extent": [
            1.5107464790344238,
            4.901683330535889,
            2.128324270248413
        ],
        "position": [
            -1.3,
            0.0,
            -2.5
        ],
        "yaw": 0,
        "num_points": -1,
        "distance": -1,
        "speed": 3.712473492177881,
        "brake": 0.0,
        "id": 282,
        "ego_matrix": [
            [
                -0.0027845303993672132,
                0.9999961256980896,
                -3.3941969377337955e-06,
                -41.51869201660156
            ],
            [
                -0.9999960064888,
                -0.0027845315635204315,
                -0.00045382202370092273,
                102.68540954589844
            ],
            [
                -0.0004538297071121633,
                2.1305020254658302e-06,
                0.9999998807907104,
                0.03364322707056999
            ],
            [
                0.0,
                0.0,
                0.0,
                1.0
            ]
        ]
    },
    {
        "class": "Car",
        "extent": [
            1.5107464790344238,
            4.901683330535889,
            2.128324270248413
        ],
        "position": [
            -35.59197433204208,
            4.842061208941632,
            -2.5157965061436456
        ],
        "yaw": 1.5686151983822703,
        "num_points": 10,
        "distance": 36.007824506129275,
        "speed": 4.607839627663194,
        "brake": 0.0,
        "id": 285,
        "ego_matrix": [
            [
                0.9999876618385315,
                0.0049657090567052364,
                -3.2777403248474e-05,
                -46.2652473449707
            ],
            [
                -0.0049657090567052364,
                0.9999876618385315,
                1.1187358950337511e-06,
                136.99073791503906
            ],
            [
                3.2782554626464844e-05,
                -9.559590807839413e-07,
                1.0,
                0.03339912369847298
            ],
            [
                0.0,
                0.0,
                0.0,
                1.0
            ]
        ]
    },
    {
        "class": "Car",
        "extent": [
            1.4750303030014038,
            3.805800199508667,
            1.97027587890625
        ],
        "position": [
            7.84757912451433,
            6.9990457545238645,
            -2.487644178238447
        ],
        "yaw": 3.141560695656712,
        "num_points": 108,
        "distance": 10.805531599461235,
        "speed": 4.970393796306655,
        "brake": 0.0,
        "id": 287,
        "ego_matrix": [
            [
                0.002816510386765003,
                -0.9999960064888,
                4.216720753902337e-06,
                -48.543182373046875
            ],
            [
                0.9999960064888,
                0.002816510386765003,
                -1.5747562429169193e-05,
                93.5573501586914
            ],
            [
                1.573562440171372e-05,
                4.261057256371714e-06,
                1.0,
                0.04183269292116165
            ],
            [
                0.0,
                0.0,
                0.0,
                1.0
            ]
        ]
    },
    {
        "class": "Car",
        "extent": [
            1.5470870733261108,
            3.705369472503662,
            1.7886788845062256
        ],
        "position": [
            -39.28172248483698,
            -23.678666488262376,
            -2.5591056961655547
        ],
        "yaw": 1.5796285960002656,
        "num_points": 0,
        "distance": 45.937805672476934,
        "speed": 4.875596989751665,
        "brake": 0.0,
        "id": 297,
        "ego_matrix": [
            [
                0.9999814033508301,
                -0.006048467475920916,
                -0.0007550650625489652,
                -17.734355926513672
            ],
            [
                0.006047629285603762,
                0.9999811053276062,
                -0.0011071348562836647,
                140.60107421875
            ],
            [
                0.0007617472438141704,
                0.0011025478597730398,
                0.9999991059303284,
                -0.008174781687557697
            ],
            [
                0.0,
                0.0,
                0.0,
                1.0
            ]
        ]
    },
    {
        "class": "Car",
        "extent": [
            1.2765706777572632,
            2.3557403087615967,
            0.7636788487434387
        ],
        "position": [
            -23.602766369732883,
            39.1315678338898,
            -2.573803705265626
        ],
        "yaw": -1.0742565994523476,
        "num_points": 0,
        "distance": 45.771111489188804,
        "speed": 4.626128218425847,
        "brake": 0.0,
        "id": 299,
        "ego_matrix": [
            [
                -0.8805546760559082,
                0.4739440381526947,
                0.0007187826558947563,
                -80.58800506591797
            ],
            [
                -0.4739334285259247,
                -0.8805224299430847,
                -0.008199783973395824,
                125.09708404541016
            ],
            [
                -0.003253334667533636,
                -0.00756101356819272,
                0.9999660849571228,
                -0.03012218326330185
            ],
            [
                0.0,
                0.0,
                0.0,
                1.0
            ]
        ]
    },
    {
        "class": "Car",
        "extent": [
            1.5542958974838257,
            4.974244117736816,
            2.0384013652801514
        ],
        "position": [
            8.941862114349625,
            0.11200765615202134,
            -2.552905720337744
        ],
        "yaw": -4.580637074935723e-05,
        "num_points": 133,
        "distance": 9.299826417950552,
        "speed": -9.116153723803727e-09,
        "brake": 1.0,
        "id": 302,
        "ego_matrix": [
            [
                -0.0028304001316428185,
                0.9999960064888,
                3.6399042073753662e-06,
                -41.659217834472656
            ],
            [
                -0.9999867677688599,
                -0.002830389654263854,
                0.004296892322599888,
                92.44392395019531
            ],
            [
                0.004296885337680578,
                8.522067219018936e-06,
                0.9999907612800598,
                -0.02391078881919384
            ],
            [
                0.0,
                0.0,
                0.0,
                1.0
            ]
        ]
    },
    {
        "class": "Car",
        "extent": [
            1.8548461198806763,
            4.6045098304748535,
            1.9315931797027588
        ],
        "position": [
            -39.08386629663272,
            5.141000818176705,
            -2.540112910399973
        ],
        "yaw": 1.5679818981549007,
        "num_points": 0,
        "distance": 39.50228686675162,
        "speed": 4.824351193578895,
        "brake": 0.0,
        "id": 304,
        "ego_matrix": [
            [
                0.9999840259552002,
                0.005599002819508314,
                -0.000743596930988133,
                -46.55446243286133
            ],
            [
                -0.005598998628556728,
                0.9999843239784241,
                7.544610525656026e-06,
                140.48345947265625
            ],
            [
                0.0007436274900101125,
                -3.381091801202274e-06,
                0.9999997019767761,
                0.010666809044778347
            ],
            [
                0.0,
                0.0,
                0.0,
                1.0
            ]
        ]
    },
    {
        "class": "Car",
        "extent": [
            1.6355280876159668,
            5.0267767906188965,
            2.1515462398529053
        ],
        "position": [
            -9.58961638098002,
            10.53541038810892,
            -2.4085237450501533
        ],
        "yaw": 3.1400662628110143,
        "num_points": 36,
        "distance": 14.448411712389154,
        "speed": 4.761943920400107,
        "brake": 0.0,
        "id": 314,
        "ego_matrix": [
            [
                0.004310919437557459,
                -0.999990701675415,
                0.00020113482605665922,
                -52.03097915649414
            ],
            [
                0.9999656081199646,
                0.00430938508361578,
                -0.007089295890182257,
                111.00428771972656
            ],
            [
                0.007088363170623779,
                0.00023168929328676313,
                0.9999749064445496,
                0.12885910272598267
            ],
            [
                0.0,
                0.0,
                0.0,
                1.0
            ]
        ]
    },
    {
        "class": "Car",
        "extent": [
            1.5107464790344238,
            4.901683330535889,
            2.128324270248413
        ],
        "position": [
            -27.263209297105725,
            39.748070613310496,
            -2.511936042535779
        ],
        "yaw": -1.1199567100742163,
        "num_points": 0,
        "distance": 48.26490983458168,
        "speed": 4.602552120395076,
        "brake": 0.0,
        "id": 323,
        "ego_matrix": [
            [
                -0.9012914299964905,
                0.4332132041454315,
                -0.00033022055868059397,
                -81.1943130493164
            ],
            [
                -0.4332132935523987,
                -0.9012911319732666,
                0.0007359982118941844,
                128.7592010498047
            ],
            [
                2.1219253540039062e-05,
                0.0008064048597589135,
                0.9999997019767761,
                0.033405378460884094
            ],
            [
                0.0,
                0.0,
                0.0,
                1.0
            ]
        ]
    },
    {
        "class": "Car",
        "extent": [
            1.8779358863830566,
            3.866220712661743,
            1.9051965475082397
        ],
        "position": [
            -32.35522945433518,
            -33.698691504241495,
            -2.5379871491960366
        ],
        "yaw": -1.5622422533735618,
        "num_points": 3,
        "distance": 46.78572496937715,
        "speed": 4.772483163342268,
        "brake": 0.0,
        "id": 342,
        "ego_matrix": [
            [
                -0.9999832510948181,
                0.005769409239292145,
                0.0004334167460910976,
                -7.733656883239746
            ],
            [
                -0.005769371520727873,
                -0.9999833703041077,
                8.878844528226182e-05,
                133.64669799804688
            ],
            [
                0.0004339217848610133,
                8.628641808172688e-05,
                0.9999998807907104,
                0.009821662679314613
            ],
            [
                0.0,
                0.0,
                0.0,
                1.0
            ]
        ]
    },
    {
        "class": "Car",
        "extent": [
            1.4750303030014038,
            3.805800199508667,
            1.97027587890625
        ],
        "position": [
            31.58710773232713,
            -25.357241376469513,
            -2.4768993542882347
        ],
        "yaw": 1.5748630073290355,
        "num_points": 0,
        "distance": 40.581647274715834,
        "speed": 4.9717995846322935,
        "brake": 0.0,
        "id": 348,
        "ego_matrix": [
            [
                0.9999991655349731,
                -0.0012820789124816656,
                -1.274991882382892e-05,
                -16.253124237060547
            ],
            [
                0.0012820789124816656,
                0.9999991655349731,
                -4.277407242625486e-06,
                69.72781372070312
            ],
            [
                1.2755393072438892e-05,
                4.261057256371714e-06,
                1.0,
                0.041872747242450714
            ],
            [
                0.0,
                0.0,
                0.0,
                1.0
            ]
        ]
    },
    {
        "class": "Car",
        "extent": [
            1.8548461198806763,
            4.6045098304748535,
            1.9315931797027588
        ],
        "position": [
            -35.777841473415364,
            -23.174285903224096,
            -2.538673054627322
        ],
        "yaw": 1.5796985107408126,
        "num_points": 5,
        "distance": 42.70300139919327,
        "speed": 4.824351585757759,
        "brake": 0.0,
        "id": 357,
        "ego_matrix": [
            [
                0.9999809861183167,
                -0.006117545999586582,
                -0.0007436037994921207,
                -18.248491287231445
            ],
            [
                0.006117542739957571,
                0.9999812841415405,
                -6.147041403892217e-06,
                137.09860229492188
            ],
            [
                0.0007436274900101125,
                1.5978965848262305e-06,
                0.9999997019767761,
                0.01066661812365055
            ],
            [
                0.0,
                0.0,
                0.0,
                1.0
            ]
        ]
    },
    {
        "class": "Car",
        "extent": [
            1.3787471055984497,
            2.2072951793670654,
            1.4809197187423706
        ],
        "position": [
            -8.226054935344568,
            7.021636314843953,
            -2.533829816372494
        ],
        "yaw": 3.138366500245271,
        "num_points": 58,
        "distance": 11.1081794131883,
        "speed": 5.286156429651838,
        "brake": 0.0,
        "id": 381,
        "ego_matrix": [
            [
                0.00601055147126317,
                -0.9999819397926331,
                -4.474467641557567e-05,
                -48.52101516723633
            ],
            [
                0.9999587535858154,
                0.0060107167810201645,
                -0.006808916572481394,
                109.6310043334961
            ],
            [
                0.006809062324464321,
                -3.8174912333488464e-06,
                0.9999768137931824,
                0.0029417036566883326
            ],
            [
                0.0,
                0.0,
                0.0,
                1.0
            ]
        ]
    },
    {
        "class": "Car",
        "extent": [
            1.0795789957046509,
            1.4872888326644897,
            0.8592574596405029
        ],
        "position": [
            -32.33350798279108,
            -20.10697770162373,
            -2.5454079180404445
        ],
        "yaw": -1.5566709203731162,
        "num_points": 3,
        "distance": 38.160521383178605,
        "speed": 6.995599848686606e-07,
        "brake": 1.0,
        "id": 382,
        "ego_matrix": [
            [
                -0.9999356865882874,
                0.011340525932610035,
                5.331616534931527e-07,
                -21.32537841796875
            ],
            [
                -0.011340525932610035,
                -0.9999356865882874,
                -2.5987224944401532e-05,
                133.66282653808594
            ],
            [
                2.3841856489070778e-07,
                -2.599159961391706e-05,
                1.0,
                0.0023620794527232647
            ],
            [
                0.0,
                0.0,
                0.0,
                1.0
            ]
        ]
    },
    {
        "class": "Car",
        "extent": [
            1.5470870733261108,
            3.705369472503662,
            1.7886788845062256
        ],
        "position": [
            19.787647865434213,
            3.5517568813910443,
            -2.53226755590952
        ],
        "yaw": 0.006412492430747152,
        "num_points": 16,
        "distance": 20.262733378437467,
        "speed": 4.875599930179223,
        "brake": 0.0,
        "id": 384,
        "ego_matrix": [
            [
                0.0036278434563428164,
                0.9999927878379822,
                -0.0011377489427104592,
                -45.129154205322266
            ],
            [
                -0.9999931454658508,
                0.003628692589700222,
                0.000744987977668643,
                81.60774993896484
            ],
            [
                0.0007491110591217875,
                0.0011350384447723627,
                0.9999990463256836,
                -0.008202094584703445
            ],
            [
                0.0,
                0.0,
                0.0,
                1.0
            ]
        ]
    },
    {
        "class": "Car",
        "extent": [
            1.5470870733261108,
            3.705369472503662,
            1.7886788845062256
        ],
        "position": [
            7.912147517355787,
            10.498204504472106,
            -2.537614060039026
        ],
        "yaw": 3.141461626064161,
        "num_points": 29,
        "distance": 13.3885720400581,
        "speed": 4.87559771019948,
        "brake": 0.0,
        "id": 390,
        "ego_matrix": [
            [
                0.002915691351518035,
                -0.9999951720237732,
                0.0011013898765668273,
                -52.04250717163086
            ],
            [
                0.9999954700469971,
                0.0029148508328944445,
                -0.0007642461569048464,
                93.50254821777344
            ],
            [
                0.0007610320462845266,
                0.0011036130599677563,
                0.9999991059303284,
                -0.008173942565917969
            ],
            [
                0.0,
                0.0,
                0.0,
                1.0
            ]
        ]
    },
    {
        "class": "Car",
        "extent": [
            1.5542958974838257,
            4.974244117736816,
            2.0384013652801514
        ],
        "position": [
            47.79131486917107,
            7.00243396440859,
            -2.535229007698851
        ],
        "yaw": 3.1415294035139034,
        "num_points": 0,
        "distance": 48.368080843378856,
        "speed": 4.6335970854223,
        "brake": 0.0,
        "id": 392,
        "ego_matrix": [
            [
                0.0028478370513767004,
                -0.9999959468841553,
                -4.043854460178409e-06,
                -48.65779495239258
            ],
            [
                0.999987006187439,
                0.002847828669473529,
                -0.0042253658175468445,
                53.61380386352539
            ],
            [
                0.004225360229611397,
                7.989350706338882e-06,
                0.9999910593032837,
                -0.023879794403910637
            ],
            [
                0.0,
                0.0,
                0.0,
                1.0
            ]
        ]
    },
    {
        "class": "Car",
        "extent": [
            1.6672759056091309,
            4.611005783081055,
            2.241713285446167
        ],
        "position": [
            35.063161355305276,
            -23.00170768433974,
            -2.439655292440463
        ],
        "yaw": -1.5653592171133905,
        "num_points": 0,
        "distance": 42.00542534685156,
        "speed": 2.7381495487971153,
        "brake": 1.0,
        "id": 393,
        "ego_matrix": [
            [
                -0.9999634027481079,
                0.002652506809681654,
                -0.008133665658533573,
                -18.618328094482422
            ],
            [
                -0.0026524667628109455,
                -0.9999964833259583,
                -1.5716090274509043e-05,
                66.25831604003906
            ],
            [
                -0.008133678697049618,
                5.858762051502708e-06,
                0.9999669194221497,
                0.0775342509150505
            ],
            [
                0.0,
                0.0,
                0.0,
                1.0
            ]
        ]
    },
    {
        "class": "Car",
        "extent": [
            1.6493593454360962,
            4.855708599090576,
            2.0327565670013428
        ],
        "position": [
            27.431984232672963,
            10.455256680311717,
            -2.5303107587693714
        ],
        "yaw": 3.142901863581676,
        "num_points": 3,
        "distance": 29.46571946735333,
        "speed": 4.570911265940473,
        "brake": 0.0,
        "id": 407,
        "ego_matrix": [
            [
                0.0014754091389477253,
                -0.999998927116394,
                8.380515282624401e-06,
                -52.05391311645508
            ],
            [
                0.999998927116394,
                0.0014754083240404725,
                -9.597594907972962e-05,
                73.982666015625
            ],
            [
                9.59634780883789e-05,
                8.52210996526992e-06,
                1.0,
                -0.009729232639074326
            ],
            [
                0.0,
                0.0,
                0.0,
                1.0
            ]
        ]
    }
]