[
    {
        "class": "Car",
        "extent": [
            1.5107464790344238,
            4.901683330535889,
            2.128324270248413
        ],
        "position": [
            -1.3,
            0.0,
            -2.5
        ],
        "yaw": 0,
        "num_points": -1,
        "distance": -1,
        "speed": 4.035010458353163,
        "brake": 1.0,
        "id": 282,
        "ego_matrix": [
            [
                -0.0028906262014061213,
                0.9999958276748657,
                4.164149231655756e-06,
                -41.52444076538086
            ],
            [
                -0.999995768070221,
                -0.002890627598389983,
                0.00033115275437012315,
                100.73793029785156
            ],
            [
                0.0003311634063720703,
                -3.206892642992898e-06,
                0.9999999403953552,
                0.0332525260746479
            ],
            [
                0.0,
                0.0,
                0.0,
                1.0
            ]
        ]
    },
    {
        "class": "Car",
        "extent": [
            1.5107464790344238,
            4.901683330535889,
            2.128324270248413
        ],
        "position": [
            -37.53391020864733,
            2.5403801723565085,
            -2.487859874956001
        ],
        "yaw": 1.5686050778499794,
        "num_points": 11,
        "distance": 37.70195477330477,
        "speed": 4.6124101965453095,
        "brake": 0.0,
        "id": 285,
        "ego_matrix": [
            [
                0.9999870657920837,
                0.0050818221643567085,
                -2.824594957928639e-05,
                -43.9600715637207
            ],
            [
                -0.0050818221643567085,
                0.9999870657920837,
                1.3801226259602117e-06,
                136.97903442382812
            ],
            [
                2.8252599804545753e-05,
                -1.2365640031930525e-06,
                1.0,
                0.033401452004909515
            ],
            [
                0.0,
                0.0,
                0.0,
                1.0
            ]
        ]
    },
    {
        "class": "Car",
        "extent": [
            1.4750303030014038,
            3.805800199508667,
            1.97027587890625
        ],
        "position": [
            3.4280989991327875,
            6.998130479833144,
            -2.4927529591749815
        ],
        "yaw": 3.1416666894680976,
        "num_points": 304,
        "distance": 8.1816569395264,
        "speed": 4.93047667831633,
        "brake": 0.0,
        "id": 287,
        "ego_matrix": [
            [
                0.002816510386765003,
                -0.9999960064888,
                4.23552364736679e-06,
                -48.53620910644531
            ],
            [
                0.9999960064888,
                0.002816510386765003,
                -9.071870408661198e-06,
                96.03008270263672
            ],
            [
                9.059905096364673e-06,
                4.261057711119065e-06,
                1.0,
                0.04208778217434883
            ],
            [
                0.0,
                0.0,
                0.0,
                1.0
            ]
        ]
    },
    {
        "class": "Car",
        "extent": [
            1.8548461198806763,
            4.6045098304748535,
            1.9315931797027588
        ],
        "position": [
            44.18009011774265,
            10.49478705926336,
            -2.53761743103201
        ],
        "yaw": 3.1416395252249787,
        "num_points": 2,
        "distance": 45.480330039011605,
        "speed": 4.822975026916435,
        "brake": 0.0,
        "id": 295,
        "ego_matrix": [
            [
                0.0028436898719519377,
                -0.9999959468841553,
                7.735287681498448e-07,
                -52.15065002441406
            ],
            [
                0.9999958276748657,
                0.0028436891734600067,
                -0.0004771988606080413,
                55.28835678100586
            ],
            [
                0.00047719472786411643,
                2.130531129296287e-06,
                0.9999998807907104,
                0.010730094276368618
            ],
            [
                0.0,
                0.0,
                0.0,
                1.0
            ]
        ]
    },
    {
        "class": "Car",
        "extent": [
            1.5470870733261108,
            3.705369472503662,
            1.7886788845062256
        ],
        "position": [
            -41.25346221706465,
            -26.115932545348883,
            -2.5280423187945997
        ],
        "yaw": 1.5797322611061428,
        "num_points": 0,
        "distance": 48.89050087259906,
        "speed": 4.887939597629289,
        "brake": 0.0,
        "id": 297,
        "ego_matrix": [
            [
                0.9999815225601196,
                -0.006045985501259565,
                -0.0006163106299936771,
                -15.293127059936523
            ],
            [
                0.00604530144482851,
                0.9999811053276062,
                -0.0011062942212447524,
                140.61572265625
            ],
            [
                0.000622987630777061,
                0.0011025479761883616,
                0.9999992251396179,
                -0.008104667067527771
            ],
            [
                0.0,
                0.0,
                0.0,
                1.0
            ]
        ]
    },
    {
        "class": "Car",
        "extent": [
            1.2765706777572632,
            2.3557403087615967,
            0.7636788487434387
        ],
        "position": [
            -24.33927885335055,
            41.10493571991318,
            -2.5558598280940488
        ],
        "yaw": -1.0085686659011073,
        "num_points": 0,
        "distance": 47.838777734179374,
        "speed": 4.619555174193945,
        "brake": 0.0,
        "id": 299,
        "ego_matrix": [
            [
                -0.8476029634475708,
                0.5306292772293091,
                0.0013172589242458344,
                -82.56260681152344
            ],
            [
                -0.5306218266487122,
                -0.8475714325904846,
                -0.00794915296137333,
                123.89591217041016
            ],
            [
                -0.003101582173258066,
                -0.0074366917833685875,
                0.9999675154685974,
                -0.030105246230959892
            ],
            [
                0.0,
                0.0,
                0.0,
                1.0
            ]
        ]
    },
    {
        "class": "Car",
        "extent": [
            1.5542958974838257,
            4.974244117736816,
            2.0384013652801514
        ],
        "position": [
            6.994341907732987,
            0.11080143979167313,
            -2.559910455765261
        ],
        "yaw": 6.0187440635850464e-05,
        "num_points": 221,
        "distance": 7.44890845848344,
        "speed": -1.829591328136985e-08,
        "brake": 1.0,
        "id": 302,
        "ego_matrix": [
            [
                -0.0028304001316428185,
                0.9999960064888,
                3.6399042073753662e-06,
                -41.659217834472656
            ],
            [
                -0.9999867677688599,
                -0.002830389654263854,
                0.004296892322599888,
                92.44392395019531
            ],
            [
                0.004296885337680578,
                8.522067219018936e-06,
                0.9999907612800598,
                -0.02391078881919384
            ],
            [
                0.0,
                0.0,
                0.0,
                1.0
            ]
        ]
    },
    {
        "class": "Car",
        "extent": [
            1.8548461198806763,
            4.6045098304748535,
            1.9315931797027588
        ],
        "position": [
            -41.024065859675694,
            2.733552207370803,
            -2.509376345942495
        ],
        "yaw": 1.5679994760583926,
        "num_points": 0,
        "distance": 41.19154351289845,
        "speed": 4.822974131303437,
        "brake": 0.0,
        "id": 304,
        "ego_matrix": [
            [
                0.9999837279319763,
                0.005687412805855274,
                -0.00047721731243655086,
                -44.14315414428711
            ],
            [
                -0.005687414668500423,
                0.9999838471412659,
                -2.6122315830434673e-06,
                140.4697265625
            ],
            [
                0.00047719472786411643,
                5.326321570464643e-06,
                0.9999998807907104,
                0.010729789733886719
            ],
            [
                0.0,
                0.0,
                0.0,
                1.0
            ]
        ]
    },
    {
        "class": "Car",
        "extent": [
            1.6355280876159668,
            5.0267767906188965,
            2.1515462398529053
        ],
        "position": [
            -13.909779901740794,
            10.532603648739803,
            -2.4002513422865226
        ],
        "yaw": 3.140119526032816,
        "num_points": 36,
        "distance": 17.61189720167783,
        "speed": 4.7380942425966825,
        "brake": 0.0,
        "id": 314,
        "ego_matrix": [
            [
                0.004363608080893755,
                -0.9999904632568359,
                0.00020768764079548419,
                -52.02054977416992
            ],
            [
                0.9999653697013855,
                0.004362026229500771,
                -0.007088860031217337,
                113.37813568115234
            ],
            [
                0.007087886333465576,
                0.0002386134583503008,
                0.9999749064445496,
                0.12885905802249908
            ],
            [
                0.0,
                0.0,
                0.0,
                1.0
            ]
        ]
    },
    {
        "class": "Car",
        "extent": [
            1.5107464790344238,
            4.901683330535889,
            2.128324270248413
        ],
        "position": [
            -28.07392412016852,
            41.756427843606836,
            -2.491112108754475
        ],
        "yaw": -1.0597455673047238,
        "num_points": 0,
        "distance": 50.3780718299312,
        "speed": 4.607158735146741,
        "brake": 0.0,
        "id": 323,
        "ego_matrix": [
            [
                -0.8736411333084106,
                0.48657065629959106,
                -0.0003724011476151645,
                -83.20330047607422
            ],
            [
                -0.486570805311203,
                -0.8736408948898315,
                0.0007034385926090181,
                127.6324462890625
            ],
            [
                1.6927717297221534e-05,
                0.0007957523921504617,
                0.9999997019767761,
                0.0334077812731266
            ],
            [
                0.0,
                0.0,
                0.0,
                1.0
            ]
        ]
    },
    {
        "class": "Car",
        "extent": [
            1.8779358863830566,
            3.866220712661743,
            1.9051965475082397
        ],
        "position": [
            -34.287793652567494,
            -31.549022744807473,
            -2.5110896125115736
        ],
        "yaw": -1.5622001754283386,
        "num_points": 0,
        "distance": 46.661538773978414,
        "speed": 3.457161690545379,
        "brake": 0.0,
        "id": 342,
        "ego_matrix": [
            [
                -0.999975860118866,
                0.005705184768885374,
                -0.003973828628659248,
                -9.880194664001465
            ],
            [
                -0.0057054320350289345,
                -0.9999837279319763,
                5.0831476983148605e-05,
                133.63438415527344
            ],
            [
                -0.00397347379475832,
                7.350265514105558e-05,
                0.9999921321868896,
                0.011137389577925205
            ],
            [
                0.0,
                0.0,
                0.0,
                1.0
            ]
        ]
    },
    {
        "class": "Car",
        "extent": [
            1.4750303030014038,
            3.805800199508667,
            1.97027587890625
        ],
        "position": [
            29.62656374042131,
            -27.833435818671603,
            -2.5013209678708868
        ],
        "yaw": 1.574968927019238,
        "num_points": 0,
        "distance": 40.72701849045261,
        "speed": 4.930143106494195,
        "brake": 0.0,
        "id": 348,
        "ego_matrix": [
            [
                0.9999991655349731,
                -0.0012820048723369837,
                -4.286067451175768e-06,
                -13.780518531799316
            ],
            [
                0.0012820048723369837,
                0.9999991655349731,
                -4.266555606591282e-06,
                69.73104095458984
            ],
            [
                4.291533969080774e-06,
                4.261057256371714e-06,
                1.0,
                0.042084045708179474
            ],
            [
                0.0,
                0.0,
                0.0,
                1.0
            ]
        ]
    },
    {
        "class": "Car",
        "extent": [
            1.8548461198806763,
            4.6045098304748535,
            1.9315931797027588
        ],
        "position": [
            -37.749426224011664,
            -25.58200601922225,
            -2.5103697527533515
        ],
        "yaw": 1.5798040598251017,
        "num_points": 3,
        "distance": 45.670123368622086,
        "speed": 4.8229756559567685,
        "brake": 0.0,
        "id": 357,
        "ego_matrix": [
            [
                0.999981164932251,
                -0.006117100827395916,
                -0.00047717601410113275,
                -15.837180137634277
            ],
            [
                0.006117098964750767,
                0.9999812841415405,
                -4.516914486885071e-06,
                137.11325073242188
            ],
            [
                0.00047719472786411643,
                1.5978965848262305e-06,
                0.9999998807907104,
                0.010730018839240074
            ],
            [
                0.0,
                0.0,
                0.0,
                1.0
            ]
        ]
    },
    {
        "class": "Car",
        "extent": [
            1.3787471055984497,
            2.2072951793670654,
            1.4809197187423706
        ],
        "position": [
            -12.66348595199203,
            7.014409876815876,
            -2.52642640968855
        ],
        "yaw": 3.138437207172213,
        "num_points": 26,
        "distance": 14.69519148496689,
        "speed": 5.090971983100039,
        "brake": 0.0,
        "id": 381,
        "ego_matrix": [
            [
                0.0060458555817604065,
                -0.999981701374054,
                -4.082807572558522e-05,
                -48.50597381591797
            ],
            [
                0.9999617338180542,
                0.006045992951840162,
                -0.0063200644217431545,
                112.12163543701172
            ],
            [
                0.006320195738226175,
                -2.6163177153648576e-06,
                0.9999800324440002,
                0.0030854414217174053
            ],
            [
                0.0,
                0.0,
                0.0,
                1.0
            ]
        ]
    },
    {
        "class": "Car",
        "extent": [
            1.0795789957046509,
            1.4872888326644897,
            0.8592574596405029
        ],
        "position": [
            -34.28313981158306,
            -20.10380459975384,
            -2.5198949279704546
        ],
        "yaw": -1.556564926561731,
        "num_points": 3,
        "distance": 39.82268832178016,
        "speed": 6.318844653861311e-10,
        "brake": 1.0,
        "id": 382,
        "ego_matrix": [
            [
                -0.9999356865882874,
                0.011340525932610035,
                3.8275121028163994e-07,
                -21.32537841796875
            ],
            [
                -0.011340525932610035,
                -0.9999356865882874,
                -2.2131916921352968e-06,
                133.66281127929688
            ],
            [
                3.576278402306343e-07,
                -2.2173899196786806e-06,
                1.0,
                0.002370319329202175
            ],
            [
                0.0,
                0.0,
                0.0,
                1.0
            ]
        ]
    },
    {
        "class": "Car",
        "extent": [
            1.5470870733261108,
            3.705369472503662,
            1.7886788845062256
        ],
        "position": [
            20.28177601482319,
            3.5332451152967232,
            -2.5485366780355343
        ],
        "yaw": 0.006650579032200454,
        "num_points": 14,
        "distance": 20.744379927091526,
        "speed": 4.888040492114435,
        "brake": 0.0,
        "id": 384,
        "ego_matrix": [
            [
                0.0037600460927933455,
                0.999992311000824,
                -0.0011209087679162621,
                -45.12005615234375
            ],
            [
                -0.9999927282333374,
                0.003760755294933915,
                0.0006312939804047346,
                79.16644287109375
            ],
            [
                0.000635504606179893,
                0.001118526910431683,
                0.9999992251396179,
                -0.008125724270939827
            ],
            [
                0.0,
                0.0,
                0.0,
                1.0
            ]
        ]
    },
    {
        "class": "Car",
        "extent": [
            1.5470870733261108,
            3.705369472503662,
            1.7886788845062256
        ],
        "position": [
            3.524446984244496,
            10.496992836194652,
            -2.542987661030119
        ],
        "yaw": 3.141566687769165,
        "num_points": 8,
        "distance": 11.361134247601488,
        "speed": 4.887940173804645,
        "brake": 0.0,
        "id": 390,
        "ego_matrix": [
            [
                0.0029165262822061777,
                -0.9999951720237732,
                0.0011017933720722795,
                -52.035335540771484
            ],
            [
                0.9999955892562866,
                0.0029158382676541805,
                -0.0006256073247641325,
                95.94383239746094
            ],
            [
                0.0006223915843293071,
                0.0011036130599677563,
                0.9999992251396179,
                -0.008103789761662483
            ],
            [
                0.0,
                0.0,
                0.0,
                1.0
            ]
        ]
    },
    {
        "class": "Car",
        "extent": [
            1.5542958974838257,
            4.974244117736816,
            2.0384013652801514
        ],
        "position": [
            43.526812070518794,
            6.997362571894772,
            -2.572001060184484
        ],
        "yaw": 3.141635397325289,
        "num_points": 4,
        "distance": 44.16063452259721,
        "speed": 4.636908692989775,
        "brake": 0.0,
        "id": 392,
        "ego_matrix": [
            [
                0.0028478370513767004,
                -0.9999959468841553,
                -4.043854460178409e-06,
                -48.65135192871094
            ],
            [
                0.999987006187439,
                0.002847828669473529,
                -0.0042253658175468445,
                55.93151092529297
            ],
            [
                0.004225360229611397,
                7.989350706338882e-06,
                0.9999910593032837,
                -0.0238810908049345
            ],
            [
                0.0,
                0.0,
                0.0,
                1.0
            ]
        ]
    },
    {
        "class": "Car",
        "extent": [
            1.6672759056091309,
            4.611005783081055,
            2.241713285446167
        ],
        "position": [
            33.11492436783926,
            -22.694412688531674,
            -2.4692094303143066
        ],
        "yaw": -1.5647858385306967,
        "num_points": 0,
        "distance": 40.22103402917253,
        "speed": -0.004876671841465523,
        "brake": 1.0,
        "id": 393,
        "ego_matrix": [
            [
                -0.9999906420707703,
                0.0031198603101074696,
                -0.002993914531543851,
                -18.929603576660156
            ],
            [
                -0.003119839122518897,
                -0.9999951124191284,
                -1.1755070772778708e-05,
                66.25756072998047
            ],
            [
                -0.002993936650454998,
                -2.4144294457073556e-06,
                0.9999955296516418,
                0.0753672793507576
            ],
            [
                0.0,
                0.0,
                0.0,
                1.0
            ]
        ]
    },
    {
        "class": "Car",
        "extent": [
            1.6493593454360962,
            4.855708599090576,
            2.0327565670013428
        ],
        "position": [
            23.198854998148786,
            10.455933188286,
            -2.5511261274817847
        ],
        "yaw": 3.1432443460978603,
        "num_points": 15,
        "distance": 25.57384712125561,
        "speed": 4.5754282764685055,
        "brake": 0.0,
        "id": 407,
        "ego_matrix": [
            [
                0.001238898141309619,
                -0.9999992251396179,
                5.220276307227323e-06,
                -52.0511474609375
            ],
            [
                0.9999992251396179,
                0.0012388976756483316,
                -8.559879643144086e-05,
                76.2693862915039
            ],
            [
                8.559226262150332e-05,
                5.326320660969941e-06,
                1.0,
                -0.00972694344818592
            ],
            [
                0.0,
                0.0,
                0.0,
                1.0
            ]
        ]
    }
]