[
    {
        "class": "Car",
        "extent": [
            1.5107464790344238,
            4.901683330535889,
            2.128324270248413
        ],
        "position": [
            -1.3,
            0.0,
            -2.5
        ],
        "yaw": 0,
        "num_points": -1,
        "distance": -1,
        "speed": 1.0958339561745458,
        "brake": 0.0,
        "id": 282,
        "ego_matrix": [
            [
                -0.0025600509252399206,
                0.9999967217445374,
                -1.0685260349418968e-05,
                -41.52763748168945
            ],
            [
                -0.9999930262565613,
                -0.002560070715844631,
                -0.002717473078519106,
                99.39773559570312
            ],
            [
                -0.0027174914721399546,
                3.728316869455739e-06,
                0.9999963045120239,
                0.03476985916495323
            ],
            [
                0.0,
                0.0,
                0.0,
                1.0
            ]
        ]
    },
    {
        "class": "Car",
        "extent": [
            1.5107464790344238,
            4.901683330535889,
            2.128324270248413
        ],
        "position": [
            -38.86899329956499,
            0.22159236303618152,
            -2.6034607362788322
        ],
        "yaw": 1.5683038748508398,
        "num_points": 10,
        "distance": 38.95671637987896,
        "speed": 4.615579351805284,
        "brake": 0.0,
        "id": 285,
        "ego_matrix": [
            [
                0.9999872446060181,
                0.005052527412772179,
                -2.7431240596342832e-05,
                -41.65304946899414
            ],
            [
                -0.005052527412772179,
                0.9999872446060181,
                -2.5245956294384087e-06,
                136.96731567382812
            ],
            [
                2.7418134777690284e-05,
                2.6631603304849705e-06,
                1.0,
                0.03340210020542145
            ],
            [
                0.0,
                0.0,
                0.0,
                1.0
            ]
        ]
    },
    {
        "class": "Car",
        "extent": [
            1.4750303030014038,
            3.805800199508667,
            1.97027587890625
        ],
        "position": [
            -0.3765229290019029,
            6.999344770284782,
            -2.490141404371898
        ],
        "yaw": 3.1413361911768183,
        "num_points": 440,
        "distance": 7.43864241264119,
        "speed": 4.920591335605032,
        "brake": 0.0,
        "id": 287,
        "ego_matrix": [
            [
                0.002816510386765003,
                -0.9999960064888,
                4.23552364736679e-06,
                -48.52932357788086
            ],
            [
                0.9999960064888,
                0.002816510386765003,
                -9.071870408661198e-06,
                98.49215698242188
            ],
            [
                9.059905096364673e-06,
                4.261057711119065e-06,
                1.0,
                0.04209278151392937
            ],
            [
                0.0,
                0.0,
                0.0,
                1.0
            ]
        ]
    },
    {
        "class": "Car",
        "extent": [
            1.8548461198806763,
            4.6045098304748535,
            1.9315931797027588
        ],
        "position": [
            40.424332468077004,
            10.509344059825938,
            -2.410627739929292
        ],
        "yaw": 3.141308893775645,
        "num_points": 9,
        "distance": 41.8375918780938,
        "speed": 4.824845542940564,
        "brake": 0.0,
        "id": 295,
        "ego_matrix": [
            [
                0.0028438090812414885,
                -0.9999959468841553,
                6.185598522279179e-07,
                -52.14376449584961
            ],
            [
                0.9999958276748657,
                0.002843808149918914,
                -0.0005316772731021047,
                57.700355529785156
            ],
            [
                0.0005316733731888235,
                2.1305459085851908e-06,
                0.9999998807907104,
                0.010717086493968964
            ],
            [
                0.0,
                0.0,
                0.0,
                1.0
            ]
        ]
    },
    {
        "class": "Car",
        "extent": [
            1.2765706777572632,
            2.3557403087615967,
            0.7636788487434387
        ],
        "position": [
            -24.36274832313568,
            42.9860829435496,
            -2.6273850822869957
        ],
        "yaw": -0.9447097913865337,
        "num_points": 0,
        "distance": 49.479793704671,
        "speed": 4.609541530824846,
        "brake": 0.0,
        "id": 299,
        "ego_matrix": [
            [
                -0.8118205666542053,
                0.5839043855667114,
                0.001737378304824233,
                -84.45453643798828
            ],
            [
                -0.5838989019393921,
                -0.8117900490760803,
                -0.0076804859563708305,
                122.57071685791016
            ],
            [
                -0.0030742832459509373,
                -0.007249630056321621,
                0.9999690055847168,
                -0.030102195218205452
            ],
            [
                0.0,
                0.0,
                0.0,
                1.0
            ]
        ]
    },
    {
        "class": "Car",
        "extent": [
            1.5542958974838257,
            4.974244117736816,
            2.0384013652801514
        ],
        "position": [
            5.654259467973838,
            0.1137778906520787,
            -2.5397822292204317
        ],
        "yaw": -0.00027031085064321836,
        "num_points": 357,
        "distance": 6.199523313242473,
        "speed": 1.5492498072158658e-09,
        "brake": 1.0,
        "id": 302,
        "ego_matrix": [
            [
                -0.0028304001316428185,
                0.9999960064888,
                3.6399042073753662e-06,
                -41.659217834472656
            ],
            [
                -0.9999867677688599,
                -0.002830389654263854,
                0.004296892322599888,
                92.44392395019531
            ],
            [
                0.004296885337680578,
                8.522067219018936e-06,
                0.9999907612800598,
                -0.02391078881919384
            ],
            [
                0.0,
                0.0,
                0.0,
                1.0
            ]
        ]
    },
    {
        "class": "Car",
        "extent": [
            1.8548461198806763,
            4.6045098304748535,
            1.9315931797027588
        ],
        "position": [
            -42.357797253552214,
            0.30866095260040166,
            -2.635626415668658
        ],
        "yaw": 1.5678724432743956,
        "num_points": 0,
        "distance": 42.440838662303385,
        "speed": 4.824843885044729,
        "brake": 0.0,
        "id": 304,
        "ego_matrix": [
            [
                0.999984860420227,
                0.0054839313961565495,
                -0.0005312914145179093,
                -41.73118591308594
            ],
            [
                -0.005483952350914478,
                0.9999849796295166,
                -3.7567035178653896e-05,
                140.45640563964844
            ],
            [
                0.0005310773849487305,
                4.048004120704718e-05,
                0.9999998807907104,
                0.010717010125517845
            ],
            [
                0.0,
                0.0,
                0.0,
                1.0
            ]
        ]
    },
    {
        "class": "Car",
        "extent": [
            1.6355280876159668,
            5.0267767906188965,
            2.1515462398529053
        ],
        "position": [
            -17.620602111808342,
            10.551722377687744,
            -2.450225653915871
        ],
        "yaw": 3.154065035922961,
        "num_points": 28,
        "distance": 20.684005165189078,
        "speed": 4.730291276681233,
        "brake": 0.0,
        "id": 314,
        "ego_matrix": [
            [
                -0.009911884553730488,
                -0.9999502301216125,
                0.001169646275229752,
                -52.03754425048828
            ],
            [
                0.9999256730079651,
                -0.009919930249452591,
                -0.007085934281349182,
                115.74510192871094
            ],
            [
                0.00709718419238925,
                0.0010993244359269738,
                0.9999741911888123,
                0.12885577976703644
            ],
            [
                0.0,
                0.0,
                0.0,
                1.0
            ]
        ]
    },
    {
        "class": "Car",
        "extent": [
            1.8779358863830566,
            3.866220712661743,
            1.9051965475082397
        ],
        "position": [
            -35.60520816600742,
            -30.072600165097708,
            -2.618031149824397
        ],
        "yaw": -1.5626065738106854,
        "num_points": 0,
        "distance": 46.67918397247328,
        "speed": 2.729089479539089,
        "brake": 0.0,
        "id": 342,
        "ego_matrix": [
            [
                -0.999984085559845,
                0.005629625171422958,
                -0.00041484468965791166,
                -11.367311477661133
            ],
            [
                -0.0056296600960195065,
                -0.9999841451644897,
                8.288701064884663e-05,
                133.62603759765625
            ],
            [
                -0.0004143714904785156,
                8.522113057551906e-05,
                0.9999999403953552,
                0.010075378231704235
            ],
            [
                0.0,
                0.0,
                0.0,
                1.0
            ]
        ]
    },
    {
        "class": "Car",
        "extent": [
            1.4750303030014038,
            3.805800199508667,
            1.97027587890625
        ],
        "position": [
            28.285911464165522,
            -30.28493182080438,
            -2.4123910810447726
        ],
        "yaw": 1.574638428727959,
        "num_points": 0,
        "distance": 41.51011338791168,
        "speed": 4.920484768144677,
        "brake": 0.0,
        "id": 348,
        "ego_matrix": [
            [
                0.9999991655349731,
                -0.0012820048723369837,
                -4.286067451175768e-06,
                -11.318547248840332
            ],
            [
                0.0012820048723369837,
                0.9999991655349731,
                -4.266555606591282e-06,
                69.73426055908203
            ],
            [
                4.291533969080774e-06,
                4.261057256371714e-06,
                1.0,
                0.04209190234541893
            ],
            [
                0.0,
                0.0,
                0.0,
                1.0
            ]
        ]
    },
    {
        "class": "Car",
        "extent": [
            1.8548461198806763,
            4.6045098304748535,
            1.9315931797027588
        ],
        "position": [
            -39.10177869694852,
            -28.005728120382788,
            -2.626883669136372
        ],
        "yaw": 1.579473678567269,
        "num_points": 7,
        "distance": 48.16814738630822,
        "speed": 4.824845273045834,
        "brake": 0.0,
        "id": 357,
        "ego_matrix": [
            [
                0.999981164932251,
                -0.00611721770837903,
                -0.0005316536407917738,
                -13.425225257873535
            ],
            [
                0.006117215845733881,
                0.9999812841415405,
                -4.850227924180217e-06,
                137.12789916992188
            ],
            [
                0.0005316733731888235,
                1.5978962437657174e-06,
                0.9999998807907104,
                0.010717086493968964
            ],
            [
                0.0,
                0.0,
                0.0,
                1.0
            ]
        ]
    },
    {
        "class": "Car",
        "extent": [
            1.6493593454360962,
            4.855708599090576,
            2.0327565670013428
        ],
        "position": [
            48.35947184969231,
            0.01246713277503957,
            -2.409531243938479
        ],
        "yaw": -0.00045606633667616414,
        "num_points": 0,
        "distance": 48.419464204244335,
        "speed": 5.332388357248988e-08,
        "brake": 1.0,
        "id": 366,
        "ego_matrix": [
            [
                -0.0030161533504724503,
                0.9999954700469971,
                -1.5630121197318658e-06,
                -41.667236328125
            ],
            [
                -0.9999954700469971,
                -0.0030161533504724503,
                1.1568066838663071e-05,
                49.73839569091797
            ],
            [
                1.156330017693108e-05,
                1.5978961300788797e-06,
                1.0,
                -0.00971096009016037
            ],
            [
                0.0,
                0.0,
                0.0,
                1.0
            ]
        ]
    },
    {
        "class": "Car",
        "extent": [
            1.3787471055984497,
            2.2072951793670654,
            1.4809197187423706
        ],
        "position": [
            -16.535106172405243,
            7.007940435081918,
            -2.5744911876089818
        ],
        "yaw": 3.1420308767471656,
        "num_points": 19,
        "distance": 18.142463177568985,
        "speed": 4.88766535320346,
        "brake": 0.0,
        "id": 381,
        "ego_matrix": [
            [
                0.002121858298778534,
                -0.9999976754188538,
                0.0004095745098311454,
                -48.496551513671875
            ],
            [
                0.9999874830245972,
                0.002119982149451971,
                -0.004527955316007137,
                114.65087890625
            ],
            [
                0.004527076613157988,
                0.00041917708585970104,
                0.9999896883964539,
                0.0016540908254683018
            ],
            [
                0.0,
                0.0,
                0.0,
                1.0
            ]
        ]
    },
    {
        "class": "Car",
        "extent": [
            1.0795789957046509,
            1.4872888326644897,
            0.8592574596405029
        ],
        "position": [
            -35.61646749428183,
            -20.11447169792505,
            -2.625729707204969
        ],
        "yaw": -1.55689542485301,
        "num_points": 0,
        "distance": 40.98803709563512,
        "speed": 2.0664645759595126e-10,
        "brake": 1.0,
        "id": 382,
        "ego_matrix": [
            [
                -0.9999356865882874,
                0.011340525932610035,
                3.8275121028163994e-07,
                -21.32537841796875
            ],
            [
                -0.011340525932610035,
                -0.9999356865882874,
                -2.2131916921352968e-06,
                133.66281127929688
            ],
            [
                3.576278402306343e-07,
                -2.2173899196786806e-06,
                1.0,
                0.002370319329202175
            ],
            [
                0.0,
                0.0,
                0.0,
                1.0
            ]
        ]
    },
    {
        "class": "Car",
        "extent": [
            1.5470870733261108,
            3.705369472503662,
            1.7886788845062256
        ],
        "position": [
            21.385751782603872,
            3.525053100108712,
            -2.4811994723652657
        ],
        "yaw": 0.006374542385213511,
        "num_points": 15,
        "distance": 21.815882505353674,
        "speed": 4.892785100453877,
        "brake": 0.0,
        "id": 384,
        "ego_matrix": [
            [
                0.003814405295997858,
                0.9999921321868896,
                -0.0011069464962929487,
                -45.110755920410156
            ],
            [
                -0.9999925494194031,
                0.0038150628097355366,
                0.0005924240103922784,
                76.72111511230469
            ],
            [
                0.0005966424359939992,
                0.0011046784929931164,
                0.9999992251396179,
                -0.008091163821518421
            ],
            [
                0.0,
                0.0,
                0.0,
                1.0
            ]
        ]
    },
    {
        "class": "Car",
        "extent": [
            1.5470870733261108,
            3.705369472503662,
            1.7886788845062256
        ],
        "position": [
            -0.25978129928925164,
            10.498142362052855,
            -2.5390438932341004
        ],
        "yaw": 3.142629155886052,
        "num_points": 0,
        "distance": 10.80394480128247,
        "speed": 4.840407185486182,
        "brake": 0.0,
        "id": 390,
        "ego_matrix": [
            [
                0.0015235691098496318,
                -0.9999961853027344,
                0.002316341269761324,
                -52.02840805053711
            ],
            [
                0.9999985694885254,
                0.0015218363841995597,
                -0.0007496587932109833,
                98.38450622558594
            ],
            [
                0.000746130826883018,
                0.0023174798116087914,
                0.9999970197677612,
                -0.007139815948903561
            ],
            [
                0.0,
                0.0,
                0.0,
                1.0
            ]
        ]
    },
    {
        "class": "Car",
        "extent": [
            1.5542958974838257,
            4.974244117736816,
            2.0384013652801514
        ],
        "position": [
            39.865115250249985,
            7.01190520839193,
            -2.446759026370239
        ],
        "yaw": 3.14130489903401,
        "num_points": 1,
        "distance": 40.55096618208143,
        "speed": 4.639700047337894,
        "brake": 0.0,
        "id": 392,
        "ego_matrix": [
            [
                0.0028478370513767004,
                -0.9999959468841553,
                -4.043854460178409e-06,
                -48.64490509033203
            ],
            [
                0.999987006187439,
                0.002847828669473529,
                -0.0042253658175468445,
                58.25071334838867
            ],
            [
                0.004225360229611397,
                7.989350706338882e-06,
                0.9999910593032837,
                -0.02388135902583599
            ],
            [
                0.0,
                0.0,
                0.0,
                1.0
            ]
        ]
    },
    {
        "class": "Car",
        "extent": [
            1.6672759056091309,
            4.611005783081055,
            2.241713285446167
        ],
        "position": [
            31.781994881176008,
            -22.681921895089207,
            -2.3709433633857624
        ],
        "yaw": -1.5651163368219758,
        "num_points": 0,
        "distance": 39.11759389219138,
        "speed": -6.141653172569045e-06,
        "brake": 1.0,
        "id": 393,
        "ego_matrix": [
            [
                -0.9999951124191284,
                0.0031198530923575163,
                1.835814146033954e-05,
                -18.930482864379883
            ],
            [
                -0.0031198530923575163,
                -0.9999951124191284,
                5.727498120222663e-08,
                66.25755310058594
            ],
            [
                1.8358230590820312e-05,
                -0.0,
                1.0,
                0.07401054352521896
            ],
            [
                0.0,
                0.0,
                0.0,
                1.0
            ]
        ]
    },
    {
        "class": "Car",
        "extent": [
            1.6493593454360962,
            4.855708599090576,
            2.0327565670013428
        ],
        "position": [
            19.566723486001266,
            10.467759146259207,
            -2.487752128305496
        ],
        "yaw": 3.143091880125453,
        "num_points": 24,
        "distance": 22.329790867216275,
        "speed": 4.578548554082164,
        "brake": 0.0,
        "id": 407,
        "ego_matrix": [
            [
                0.0010609187884256244,
                -0.999999463558197,
                3.640024033302325e-06,
                -52.04878234863281
            ],
            [
                0.999999463558197,
                0.0010609184391796589,
                -8.333120058523491e-05,
                78.55792236328125
            ],
            [
                8.332728612003848e-05,
                3.7284296467987588e-06,
                1.0,
                -0.009726486168801785
            ],
            [
                0.0,
                0.0,
                0.0,
                1.0
            ]
        ]
    }
]