[
    {
        "class": "Car",
        "extent": [
            1.5107464790344238,
            4.901683330535889,
            2.128324270248413
        ],
        "position": [
            -1.3,
            0.0,
            -2.5
        ],
        "yaw": 0,
        "num_points": -1,
        "distance": -1,
        "speed": -0.00029007520059177365,
        "brake": 1.0,
        "id": 282,
        "ego_matrix": [
            [
                -0.0025879547465592623,
                0.9999966621398926,
                -1.5110734921108815e-06,
                -41.52785873413086
            ],
            [
                -0.9999964833259583,
                -0.0025879552122205496,
                -0.0005838851211592555,
                99.30692291259766
            ],
            [
                -0.0005838870420120656,
                -0.0,
                0.9999998211860657,
                0.03370799869298935
            ],
            [
                0.0,
                0.0,
                0.0,
                1.0
            ]
        ]
    },
    {
        "class": "Car",
        "extent": [
            1.5107464790344238,
            4.901683330535889,
            2.128324270248413
        ],
        "position": [
            -38.955107260109095,
            -2.085864908645261,
            -2.5222920799836324
        ],
        "yaw": 1.5687253190530477,
        "num_points": 15,
        "distance": 39.092367175709256,
        "speed": 4.618387465324242,
        "brake": 0.0,
        "id": 285,
        "ego_matrix": [
            [
                0.9999891519546509,
                0.004658917430788279,
                -2.7460022465675138e-05,
                -39.34455108642578
            ],
            [
                -0.004658917896449566,
                0.9999891519546509,
                -8.926909686124418e-06,
                136.95651245117188
            ],
            [
                2.7418134777690284e-05,
                9.054746442416217e-06,
                1.0,
                0.033402252942323685
            ],
            [
                0.0,
                0.0,
                0.0,
                1.0
            ]
        ]
    },
    {
        "class": "Car",
        "extent": [
            1.4750303030014038,
            3.805800199508667,
            1.97027587890625
        ],
        "position": [
            -2.9269780118813244,
            6.998817177769169,
            -2.492565988352324
        ],
        "yaw": 3.14136402121021,
        "num_points": 338,
        "distance": 7.985206783556976,
        "speed": 4.919312887079767,
        "brake": 0.0,
        "id": 287,
        "ego_matrix": [
            [
                0.002816510386765003,
                -0.9999960064888,
                4.23552364736679e-06,
                -48.52244186401367
            ],
            [
                0.9999960064888,
                0.002816510386765003,
                -9.071870408661198e-06,
                100.9520034790039
            ],
            [
                9.059905096364673e-06,
                4.261057711119065e-06,
                1.0,
                0.0420919805765152
            ],
            [
                0.0,
                0.0,
                0.0,
                1.0
            ]
        ]
    },
    {
        "class": "Car",
        "extent": [
            1.8548461198806763,
            4.6045098304748535,
            1.9315931797027588
        ],
        "position": [
            37.92098817756631,
            10.507553393013195,
            -2.500088795705247
        ],
        "yaw": 3.1413367238090366,
        "num_points": 1,
        "distance": 39.429182931637804,
        "speed": 4.826835908560598,
        "brake": 0.0,
        "id": 295,
        "ego_matrix": [
            [
                0.0028438090812414885,
                -0.9999959468841553,
                6.470364724009414e-07,
                -52.136878967285156
            ],
            [
                0.9999958276748657,
                0.002843808149918914,
                -0.0005216637509875,
                60.11326599121094
            ],
            [
                0.0005216597928665578,
                2.1305459085851908e-06,
                0.9999998807907104,
                0.0107185747474432
            ],
            [
                0.0,
                0.0,
                0.0,
                1.0
            ]
        ]
    },
    {
        "class": "Car",
        "extent": [
            1.2765706777572632,
            2.3557403087615967,
            0.7636788487434387
        ],
        "position": [
            -23.023689677258442,
            44.76516026246096,
            -2.5764843930895
        ],
        "yaw": -0.8820255040707388,
        "num_points": 0,
        "distance": 50.40484234184593,
        "speed": 4.52537932197082,
        "brake": 0.0,
        "id": 299,
        "ego_matrix": [
            [
                -0.7736666798591614,
                0.6335893273353577,
                0.002087641740217805,
                -86.23664855957031
            ],
            [
                -0.6335857510566711,
                -0.7736383676528931,
                -0.007255826611071825,
                121.14643096923828
            ],
            [
                -0.0029821349307894707,
                -0.006936291232705116,
                0.9999714493751526,
                -0.03009220026433468
            ],
            [
                0.0,
                0.0,
                0.0,
                1.0
            ]
        ]
    },
    {
        "class": "Car",
        "extent": [
            1.5542958974838257,
            4.974244117736816,
            2.0384013652801514
        ],
        "position": [
            5.563348421742682,
            0.11359752794728273,
            -2.5536113757352084
        ],
        "yaw": -0.00024248081725186665,
        "num_points": 392,
        "distance": 6.122473447745346,
        "speed": 2.117909982571615e-08,
        "brake": 1.0,
        "id": 302,
        "ego_matrix": [
            [
                -0.0028304001316428185,
                0.9999960064888,
                3.6399042073753662e-06,
                -41.659217834472656
            ],
            [
                -0.9999867677688599,
                -0.002830389654263854,
                0.004296892322599888,
                92.44392395019531
            ],
            [
                0.004296885337680578,
                8.522067219018936e-06,
                0.9999907612800598,
                -0.02391078881919384
            ],
            [
                0.0,
                0.0,
                0.0,
                1.0
            ]
        ]
    },
    {
        "class": "Car",
        "extent": [
            1.8548461198806763,
            4.6045098304748535,
            1.9315931797027588
        ],
        "position": [
            -42.44343095891987,
            -2.1030976813257336,
            -2.547012549324007
        ],
        "yaw": 1.5686086736375995,
        "num_points": 0,
        "distance": 42.57176440257332,
        "speed": 4.826835722730751,
        "brake": 0.0,
        "id": 304,
        "ego_matrix": [
            [
                0.9999884963035583,
                0.004775518551468849,
                -0.0005259819445200264,
                -39.31829071044922
            ],
            [
                -0.0047755613923072815,
                0.9999886155128479,
                -8.00470297690481e-05,
                140.44479370117188
            ],
            [
                0.0005255936994217336,
                8.25579627417028e-05,
                0.9999998807907104,
                0.0107185747474432
            ],
            [
                0.0,
                0.0,
                0.0,
                1.0
            ]
        ]
    },
    {
        "class": "Car",
        "extent": [
            1.6355280876159668,
            5.0267767906188965,
            2.1515462398529053
        ],
        "position": [
            -20.060452145035743,
            10.7783884634789,
            -2.4157968478682452
        ],
        "yaw": 3.2381891015944384,
        "num_points": 18,
        "distance": 22.900468828019534,
        "speed": 4.707628727325937,
        "brake": 0.0,
        "id": 314,
        "ego_matrix": [
            [
                -0.09386773407459259,
                -0.9955792427062988,
                0.0032785404473543167,
                -52.257659912109375
            ],
            [
                0.995559573173523,
                -0.09388823062181473,
                -0.006787306163460016,
                118.09515380859375
            ],
            [
                0.007065117824822664,
                0.002626873319968581,
                0.9999715685844421,
                0.12886512279510498
            ],
            [
                0.0,
                0.0,
                0.0,
                1.0
            ]
        ]
    },
    {
        "class": "Car",
        "extent": [
            1.8779358863830566,
            3.866220712661743,
            1.9051965475082397
        ],
        "position": [
            -35.6860060453674,
            -28.72293943398141,
            -2.543804318684888
        ],
        "yaw": -1.5626461217528729,
        "num_points": 0,
        "distance": 45.87994352230528,
        "speed": 2.4301587062188377,
        "brake": 0.0,
        "id": 342,
        "ego_matrix": [
            [
                -0.9999845027923584,
                0.005562180653214455,
                -0.0001016959358821623,
                -12.716026306152344
            ],
            [
                -0.0055621895007789135,
                -0.9999845027923584,
                8.731998968869448e-05,
                133.61849975585938
            ],
            [
                -0.00010120867955265567,
                8.78842911333777e-05,
                1.0,
                0.009981231763958931
            ],
            [
                0.0,
                0.0,
                0.0,
                1.0
            ]
        ]
    },
    {
        "class": "Car",
        "extent": [
            1.4750303030014038,
            3.805800199508667,
            1.97027587890625
        ],
        "position": [
            28.184787787850805,
            -32.74548749987619,
            -2.4744011809966073
        ],
        "yaw": 1.5746662587613502,
        "num_points": 0,
        "distance": 43.27553437515532,
        "speed": 4.919264066138747,
        "brake": 0.0,
        "id": 348,
        "ego_matrix": [
            [
                0.9999991655349731,
                -0.0012820048723369837,
                -4.286067451175768e-06,
                -8.858786582946777
            ],
            [
                0.0012820048723369837,
                0.9999991655349731,
                -4.266555606591282e-06,
                69.73748016357422
            ],
            [
                4.291533969080774e-06,
                4.261057256371714e-06,
                1.0,
                0.04209102690219879
            ],
            [
                0.0,
                0.0,
                0.0,
                1.0
            ]
        ]
    },
    {
        "class": "Car",
        "extent": [
            1.8548461198806763,
            4.6045098304748535,
            1.9315931797027588
        ],
        "position": [
            -39.21445097154122,
            -30.417489893097823,
            -2.5451271138828973
        ],
        "yaw": 1.579501168423443,
        "num_points": 0,
        "distance": 49.693807747263044,
        "speed": 4.826836097934361,
        "brake": 0.0,
        "id": 357,
        "ego_matrix": [
            [
                0.999981164932251,
                -0.006116877309978008,
                -0.0005216402350924909,
                -11.012350082397461
            ],
            [
                0.006116875447332859,
                0.9999812841415405,
                -4.788795195054263e-06,
                137.14254760742188
            ],
            [
                0.0005216597928665578,
                1.5978965848262305e-06,
                0.9999998807907104,
                0.010718650184571743
            ],
            [
                0.0,
                0.0,
                0.0,
                1.0
            ]
        ]
    },
    {
        "class": "Car",
        "extent": [
            1.6493593454360962,
            4.855708599090576,
            2.0327565670013428
        ],
        "position": [
            48.26873896000008,
            0.011096000385787619,
            -2.5144764148869307
        ],
        "yaw": -0.00042823630328481244,
        "num_points": 0,
        "distance": 48.33418950960982,
        "speed": -4.820804219816027e-09,
        "brake": 1.0,
        "id": 366,
        "ego_matrix": [
            [
                -0.0030161533504724503,
                0.9999954700469971,
                -1.5630121197318658e-06,
                -41.667236328125
            ],
            [
                -0.9999954700469971,
                -0.0030161533504724503,
                1.1568066838663071e-05,
                49.73839569091797
            ],
            [
                1.156330017693108e-05,
                1.5978961300788797e-06,
                1.0,
                -0.00971096009016037
            ],
            [
                0.0,
                0.0,
                0.0,
                1.0
            ]
        ]
    },
    {
        "class": "Car",
        "extent": [
            1.3787471055984497,
            2.2072951793670654,
            1.4809197187423706
        ],
        "position": [
            -19.13924887050863,
            7.116747781216626,
            -2.5411036732224868
        ],
        "yaw": 3.2029345745581335,
        "num_points": 17,
        "distance": 20.57707836858242,
        "speed": 5.180030824714174,
        "brake": 0.0,
        "id": 381,
        "ego_matrix": [
            [
                -0.0587187297642231,
                -0.9982600808143616,
                0.005381621886044741,
                -48.59841537475586
            ],
            [
                0.9982492923736572,
                -0.05875479057431221,
                -0.006806897930800915,
                117.16455078125
            ],
            [
                0.007111250422894955,
                0.004972507245838642,
                0.9999623894691467,
                0.003020439064130187
            ],
            [
                0.0,
                0.0,
                0.0,
                1.0
            ]
        ]
    },
    {
        "class": "Car",
        "extent": [
            1.0795789957046509,
            1.4872888326644897,
            0.8592574596405029
        ],
        "position": [
            -35.708032355399986,
            -20.113501382739926,
            -2.551428093234178
        ],
        "yaw": -1.5568675948196187,
        "num_points": 1,
        "distance": 41.06246823904669,
        "speed": 1.126902054114899e-08,
        "brake": 1.0,
        "id": 382,
        "ego_matrix": [
            [
                -0.9999356865882874,
                0.011340525932610035,
                3.8275121028163994e-07,
                -21.32537841796875
            ],
            [
                -0.011340525932610035,
                -0.9999356865882874,
                -2.2131916921352968e-06,
                133.66281127929688
            ],
            [
                3.576278402306343e-07,
                -2.2173899196786806e-06,
                1.0,
                0.002370319329202175
            ],
            [
                0.0,
                0.0,
                0.0,
                1.0
            ]
        ]
    },
    {
        "class": "Car",
        "extent": [
            1.5470870733261108,
            3.705369472503662,
            1.7886788845062256
        ],
        "position": [
            23.742113254416704,
            3.5088428900060578,
            -2.527174805874163
        ],
        "yaw": 0.006374009752995402,
        "num_points": 13,
        "distance": 24.13268598212268,
        "speed": 4.89553868013327,
        "brake": 0.0,
        "id": 384,
        "ego_matrix": [
            [
                0.003786033485084772,
                0.9999922513961792,
                -0.0011026583379134536,
                -45.101497650146484
            ],
            [
                -0.9999926686286926,
                0.003786685410887003,
                0.0005897298105992377,
                74.27399444580078
            ],
            [
                0.0005939006223343313,
                0.001100417459383607,
                0.9999992251396179,
                -0.008088569156825542
            ],
            [
                0.0,
                0.0,
                0.0,
                1.0
            ]
        ]
    },
    {
        "class": "Car",
        "extent": [
            1.5470870733261108,
            3.705369472503662,
            1.7886788845062256
        ],
        "position": [
            -2.7912124533550724,
            10.501716343973163,
            -2.5420569614408555
        ],
        "yaw": 3.1428629814297606,
        "num_points": 0,
        "distance": 11.159702806268964,
        "speed": 4.8880886326211455,
        "brake": 0.0,
        "id": 390,
        "ego_matrix": [
            [
                0.0013175761559978127,
                -0.9999980926513672,
                0.001410401426255703,
                -52.02568054199219
            ],
            [
                0.9999991059303284,
                0.0013175676576793194,
                -6.984311312407954e-06,
                100.82533264160156
            ],
            [
                5.125998995936243e-06,
                0.001410409458912909,
                0.9999989867210388,
                -0.007478256244212389
            ],
            [
                0.0,
                0.0,
                0.0,
                1.0
            ]
        ]
    },
    {
        "class": "Car",
        "extent": [
            1.5542958974838257,
            4.974244117736816,
            2.0384013652801514
        ],
        "position": [
            37.45395224825476,
            7.010333463437973,
            -2.5349614500028155
        ],
        "yaw": 3.1413327290674014,
        "num_points": 0,
        "distance": 38.18860227654511,
        "speed": 4.642366021090074,
        "brake": 0.0,
        "id": 392,
        "ego_matrix": [
            [
                0.0028478370513767004,
                -0.9999959468841553,
                -4.043854460178409e-06,
                -48.63846206665039
            ],
            [
                0.999987006187439,
                0.002847828669473529,
                -0.0042253658175468445,
                60.57126998901367
            ],
            [
                0.004225360229611397,
                7.989350706338882e-06,
                0.9999910593032837,
                -0.023881377652287483
            ],
            [
                0.0,
                0.0,
                0.0,
                1.0
            ]
        ]
    },
    {
        "class": "Car",
        "extent": [
            1.6672759056091309,
            4.611005783081055,
            2.241713285446167
        ],
        "position": [
            31.6907490527046,
            -22.682836453763926,
            -2.440430527717277
        ],
        "yaw": -1.5650885067885845,
        "num_points": 0,
        "distance": 39.048307854122356,
        "speed": 8.463205200775808e-07,
        "brake": 1.0,
        "id": 393,
        "ego_matrix": [
            [
                -0.9999951124191284,
                0.0031198530923575163,
                1.1444054507592227e-05,
                -18.930477142333984
            ],
            [
                -0.0031198530923575163,
                -0.9999951124191284,
                2.956192091119192e-08,
                66.25755310058594
            ],
            [
                1.1444090887380298e-05,
                -6.141990471775216e-09,
                1.0,
                0.0740145891904831
            ],
            [
                0.0,
                0.0,
                0.0,
                1.0
            ]
        ]
    },
    {
        "class": "Car",
        "extent": [
            1.6493593454360962,
            4.855708599090576,
            2.0327565670013428
        ],
        "position": [
            17.18618996394908,
            10.471023151263102,
            -2.532640489941689
        ],
        "yaw": 3.14324434609786,
        "num_points": 29,
        "distance": 20.283533202145133,
        "speed": 4.581312391281728,
        "brake": 0.0,
        "id": 407,
        "ego_matrix": [
            [
                0.0009362259297631681,
                -0.9999995827674866,
                2.0528518689388875e-06,
                -52.046688079833984
            ],
            [
                0.9999995827674866,
                0.0009362257551401854,
                -8.297161548398435e-05,
                80.84791564941406
            ],
            [
                8.296965825138614e-05,
                2.130531129296287e-06,
                1.0,
                -0.009726333431899548
            ],
            [
                0.0,
                0.0,
                0.0,
                1.0
            ]
        ]
    }
]