[
    {
        "class": "Car",
        "extent": [
            1.5107464790344238,
            4.901683330535889,
            2.128324270248413
        ],
        "position": [
            -1.3,
            0.0,
            -2.5
        ],
        "yaw": 0,
        "num_points": -1,
        "distance": -1,
        "speed": -9.656786136871145e-06,
        "brake": 1.0,
        "id": 282,
        "ego_matrix": [
            [
                -0.0025880744215101004,
                0.9999966621398926,
                -1.0890843782362936e-07,
                -41.52785873413086
            ],
            [
                -0.9999966621398926,
                -0.0025880744215101004,
                -4.20807336922735e-05,
                99.30670928955078
            ],
            [
                -4.2080875573446974e-05,
                -0.0,
                1.0,
                0.033438339829444885
            ],
            [
                0.0,
                0.0,
                0.0,
                1.0
            ]
        ]
    },
    {
        "class": "Car",
        "extent": [
            1.5107464790344238,
            4.901683330535889,
            2.128324270248413
        ],
        "position": [
            -38.95254768672854,
            -4.395757942967249,
            -2.501620579986116
        ],
        "yaw": 1.5696016329899611,
        "num_points": 4,
        "distance": 39.27953366202596,
        "speed": 4.621092633259857,
        "brake": 0.0,
        "id": 285,
        "ego_matrix": [
            [
                0.999992847442627,
                0.003782744286581874,
                -2.7482412406243384e-05,
                -37.03466796875
            ],
            [
                -0.003782744752243161,
                0.999992847442627,
                -1.694039201538544e-05,
                136.94775390625
            ],
            [
                2.7418134777690284e-05,
                1.7044229025486857e-05,
                1.0,
                0.0334022119641304
            ],
            [
                0.0,
                0.0,
                0.0,
                1.0
            ]
        ]
    },
    {
        "class": "Car",
        "extent": [
            1.4750303030014038,
            3.805800199508667,
            1.97027587890625
        ],
        "position": [
            -5.387088442588053,
            6.998298805440166,
            -2.491518388470175
        ],
        "yaw": 3.141364154368264,
        "num_points": 187,
        "distance": 9.17630491748046,
        "speed": 4.920428233853141,
        "brake": 0.0,
        "id": 287,
        "ego_matrix": [
            [
                0.002816510386765003,
                -0.9999960064888,
                4.23552364736679e-06,
                -48.51555633544922
            ],
            [
                0.9999960064888,
                0.002816510386765003,
                -9.071870408661198e-06,
                103.41189575195312
            ],
            [
                9.059905096364673e-06,
                4.261057711119065e-06,
                1.0,
                0.042091939598321915
            ],
            [
                0.0,
                0.0,
                0.0,
                1.0
            ]
        ]
    },
    {
        "class": "Car",
        "extent": [
            1.8548461198806763,
            4.6045098304748535,
            1.9315931797027588
        ],
        "position": [
            35.50680491480645,
            10.506911265028025,
            -2.521171322623106
        ],
        "yaw": 3.141336856967091,
        "num_points": 10,
        "distance": 37.114480791563196,
        "speed": 4.828987406088843,
        "brake": 0.0,
        "id": 295,
        "ego_matrix": [
            [
                0.0028438090812414885,
                -0.9999959468841553,
                6.470364724009414e-07,
                -52.1299934387207
            ],
            [
                0.9999958276748657,
                0.002843808149918914,
                -0.0005216637509875,
                62.5272216796875
            ],
            [
                0.0005216597928665578,
                2.1305459085851908e-06,
                0.9999998807907104,
                0.010718154720962048
            ],
            [
                0.0,
                0.0,
                0.0,
                1.0
            ]
        ]
    },
    {
        "class": "Car",
        "extent": [
            1.5542958974838257,
            4.974244117736816,
            2.0384013652801514
        ],
        "position": [
            5.563104812767233,
            0.1135972626863957,
            -2.5570603233002718
        ],
        "yaw": -0.00024234765919728396,
        "num_points": 355,
        "distance": 6.12369145147927,
        "speed": -2.2978226962086605e-08,
        "brake": 1.0,
        "id": 302,
        "ego_matrix": [
            [
                -0.0028304001316428185,
                0.9999960064888,
                3.6399042073753662e-06,
                -41.659217834472656
            ],
            [
                -0.9999867677688599,
                -0.002830389654263854,
                0.004296892322599888,
                92.44392395019531
            ],
            [
                0.004296885337680578,
                8.522067219018936e-06,
                0.9999907612800598,
                -0.02391078881919384
            ],
            [
                0.0,
                0.0,
                0.0,
                1.0
            ]
        ]
    },
    {
        "class": "Car",
        "extent": [
            1.8548461198806763,
            4.6045098304748535,
            1.9315931797027588
        ],
        "position": [
            -42.44132148638128,
            -4.5170582741490595,
            -2.524451447920663
        ],
        "yaw": 1.5698802001601322,
        "num_points": 0,
        "distance": 42.755612965730435,
        "speed": 4.828984932088785,
        "brake": 0.0,
        "id": 304,
        "ego_matrix": [
            [
                0.9999937415122986,
                0.003504115389660001,
                -0.0005281618214212358,
                -36.90433883666992
            ],
            [
                -0.0035041789524257183,
                0.9999938607215881,
                -0.00011959008406847715,
                140.4362030029297
            ],
            [
                0.0005277395248413086,
                0.0001214401054312475,
                0.9999998807907104,
                0.010718154720962048
            ],
            [
                0.0,
                0.0,
                0.0,
                1.0
            ]
        ]
    },
    {
        "class": "Car",
        "extent": [
            1.6355280876159668,
            5.0267767906188965,
            2.1515462398529053
        ],
        "position": [
            -22.336969574261637,
            11.376302764230717,
            -2.405444046610455
        ],
        "yaw": 3.390030562725851,
        "num_points": 9,
        "distance": 25.182268273654525,
        "speed": 4.6844368584331155,
        "brake": 0.0,
        "id": 314,
        "ego_matrix": [
            [
                -0.243374764919281,
                -0.9699191451072693,
                0.005054017063230276,
                -52.84967803955078
            ],
            [
                0.9699069261550903,
                -0.24340279400348663,
                -0.005966758355498314,
                120.373046875
            ],
            [
                0.007017435040324926,
                0.0034497675951570272,
                0.9999694228172302,
                0.12887954711914062
            ],
            [
                0.0,
                0.0,
                0.0,
                1.0
            ]
        ]
    },
    {
        "class": "Car",
        "extent": [
            1.8779358863830566,
            3.866220712661743,
            1.9051965475082397
        ],
        "position": [
            -35.677201381977795,
            -27.59983792176544,
            -2.5252370213399162
        ],
        "yaw": -1.5627048444549088,
        "num_points": 2,
        "distance": 45.17732366765284,
        "speed": 2.3162738893233406,
        "brake": 0.0,
        "id": 342,
        "ego_matrix": [
            [
                -0.9999843239784241,
                0.005503392778337002,
                0.0010169402230530977,
                -13.839142799377441
            ],
            [
                -0.005503298249095678,
                -0.999984860420227,
                9.561282786307856e-05,
                133.61236572265625
            ],
            [
                0.0010174509370699525,
                9.001480066217482e-05,
                0.999999463558197,
                0.009647941216826439
            ],
            [
                0.0,
                0.0,
                0.0,
                1.0
            ]
        ]
    },
    {
        "class": "Car",
        "extent": [
            1.4750303030014038,
            3.805800199508667,
            1.97027587890625
        ],
        "position": [
            28.176492177039155,
            -34.83288032836063,
            -2.490044204817306
        ],
        "yaw": 1.5746644166549049,
        "num_points": 0,
        "distance": 44.871422793517326,
        "speed": 3.223327898976234,
        "brake": 0.6628358364105225,
        "id": 348,
        "ego_matrix": [
            [
                0.9999991059303284,
                -0.0012800279073417187,
                0.00037503751809708774,
                -6.771382808685303
            ],
            [
                0.0012800294207409024,
                0.9999991655349731,
                -3.781000941671664e-06,
                69.74016571044922
            ],
            [
                -0.00037503239582292736,
                4.261056801624363e-06,
                0.9999999403953552,
                0.0421537384390831
            ],
            [
                0.0,
                0.0,
                0.0,
                1.0
            ]
        ]
    },
    {
        "class": "Car",
        "extent": [
            1.6493593454360962,
            4.855708599090576,
            2.0327565670013428
        ],
        "position": [
            48.26851068188253,
            0.011090644229216906,
            -2.54106341373609
        ],
        "yaw": -0.00042810314523022974,
        "num_points": 0,
        "distance": 48.33535196646473,
        "speed": -5.056404464491869e-09,
        "brake": 1.0,
        "id": 366,
        "ego_matrix": [
            [
                -0.0030161533504724503,
                0.9999954700469971,
                -1.5630121197318658e-06,
                -41.667236328125
            ],
            [
                -0.9999954700469971,
                -0.0030161533504724503,
                1.1568066838663071e-05,
                49.73839569091797
            ],
            [
                1.156330017693108e-05,
                1.5978961300788797e-06,
                1.0,
                -0.00971096009016037
            ],
            [
                0.0,
                0.0,
                0.0,
                1.0
            ]
        ]
    },
    {
        "class": "Car",
        "extent": [
            1.3787471055984497,
            2.2072951793670654,
            1.4809197187423706
        ],
        "position": [
            -21.64571596169393,
            7.505684380126079,
            -2.5316066316123402
        ],
        "yaw": 3.3249132114381608,
        "num_points": 4,
        "distance": 23.049541202497362,
        "speed": 5.066979180714669,
        "brake": 0.0,
        "id": 381,
        "ego_matrix": [
            [
                -0.17974743247032166,
                -0.9836766719818115,
                0.008424363099038601,
                -48.98086166381836
            ],
            [
                0.9836969971656799,
                -0.17978642880916595,
                -0.004121765494346619,
                119.67178344726562
            ],
            [
                0.005569071043282747,
                0.007546144537627697,
                0.9999560117721558,
                0.0026878737844526768
            ],
            [
                0.0,
                0.0,
                0.0,
                1.0
            ]
        ]
    },
    {
        "class": "Car",
        "extent": [
            1.0795789957046509,
            1.4872888326644897,
            0.8592574596405029
        ],
        "position": [
            -35.70827152907163,
            -20.11349673432654,
            -2.532515950699349
        ],
        "yaw": -1.556867461661564,
        "num_points": 1,
        "distance": 41.06150318140117,
        "speed": 5.988713133555704e-10,
        "brake": 1.0,
        "id": 382,
        "ego_matrix": [
            [
                -0.9999356865882874,
                0.011340525932610035,
                3.8275121028163994e-07,
                -21.32537841796875
            ],
            [
                -0.011340525932610035,
                -0.9999356865882874,
                -2.2131916921352968e-06,
                133.66281127929688
            ],
            [
                3.576278402306343e-07,
                -2.2173899196786806e-06,
                1.0,
                0.002370319329202175
            ],
            [
                0.0,
                0.0,
                0.0,
                1.0
            ]
        ]
    },
    {
        "class": "Car",
        "extent": [
            1.5470870733261108,
            3.705369472503662,
            1.7886788845062256
        ],
        "position": [
            26.190184700267597,
            3.4937149556290237,
            -2.540369335303806
        ],
        "yaw": 0.006168014242677877,
        "num_points": 1,
        "distance": 26.544025602479152,
        "speed": 4.8977842491350065,
        "brake": 0.0,
        "id": 384,
        "ego_matrix": [
            [
                0.0035799220204353333,
                0.9999929666519165,
                -0.0010918820044025779,
                -45.092708587646484
            ],
            [
                -0.9999933838844299,
                0.003580567194148898,
                0.0005893991328775883,
                71.8256607055664
            ],
            [
                0.0005933045758865774,
                0.0010897647589445114,
                0.9999992251396179,
                -0.008087806403636932
            ],
            [
                0.0,
                0.0,
                0.0,
                1.0
            ]
        ]
    },
    {
        "class": "Car",
        "extent": [
            1.5470870733261108,
            3.705369472503662,
            1.7886788845062256
        ],
        "position": [
            -5.23875907436792,
            10.50478553193341,
            -2.5417110044020887
        ],
        "yaw": 3.1428470024632205,
        "num_points": 12,
        "distance": 12.010637391124936,
        "speed": 4.896639155451639,
        "brake": 0.0,
        "id": 390,
        "ego_matrix": [
            [
                0.0013336691772565246,
                -0.9999985098838806,
                0.0010958717903122306,
                -52.02241516113281
            ],
            [
                0.999998927116394,
                0.0013329972280189395,
                -0.0006136013544164598,
                103.27264404296875
            ],
            [
                0.0006121395854279399,
                0.0010966889094561338,
                0.9999992251396179,
                -0.008106918074190617
            ],
            [
                0.0,
                0.0,
                0.0,
                1.0
            ]
        ]
    },
    {
        "class": "Car",
        "extent": [
            1.5542958974838257,
            4.974244117736816,
            2.0384013652801514
        ],
        "position": [
            35.13182972905087,
            7.009891771046921,
            -2.5557865970883364
        ],
        "yaw": 3.1413328622254557,
        "num_points": 6,
        "distance": 35.91540181986929,
        "speed": 4.645000046461578,
        "brake": 0.0,
        "id": 392,
        "ego_matrix": [
            [
                0.0028478370513767004,
                -0.9999959468841553,
                -4.043854460178409e-06,
                -48.632015228271484
            ],
            [
                0.999987006187439,
                0.002847828669473529,
                -0.0042253658175468445,
                62.89314651489258
            ],
            [
                0.004225360229611397,
                7.989350706338882e-06,
                0.9999910593032837,
                -0.0238813403993845
            ],
            [
                0.0,
                0.0,
                0.0,
                1.0
            ]
        ]
    },
    {
        "class": "Car",
        "extent": [
            1.6672759056091309,
            4.611005783081055,
            2.241713285446167
        ],
        "position": [
            31.69056046272988,
            -22.682839840683478,
            -2.4580354789441476
        ],
        "yaw": -1.5650883736305299,
        "num_points": 1,
        "distance": 39.0492609929533,
        "speed": 3.3212601487368904e-08,
        "brake": 1.0,
        "id": 393,
        "ego_matrix": [
            [
                -0.9999951124191284,
                0.0031198530923575163,
                1.1444054507592227e-05,
                -18.930477142333984
            ],
            [
                -0.0031198530923575163,
                -0.9999951124191284,
                2.956192091119192e-08,
                66.25755310058594
            ],
            [
                1.1444090887380298e-05,
                -6.141990471775216e-09,
                1.0,
                0.0740145891904831
            ],
            [
                0.0,
                0.0,
                0.0,
                1.0
            ]
        ]
    },
    {
        "class": "Car",
        "extent": [
            1.6493593454360962,
            4.855708599090576,
            2.0327565670013428
        ],
        "position": [
            14.894608770081291,
            10.47505197849076,
            -2.5424831518599147
        ],
        "yaw": 3.143327836198034,
        "num_points": 30,
        "distance": 18.385872428126905,
        "speed": 4.583981039861781,
        "brake": 0.0,
        "id": 407,
        "ego_matrix": [
            [
                0.000852898636367172,
                -0.9999996423721313,
                4.6187159341570805e-07,
                -52.0447883605957
            ],
            [
                0.9999996423721313,
                0.0008528985781595111,
                -8.297008025692776e-05,
                83.13926696777344
            ],
            [
                8.296965825138614e-05,
                5.326364771462977e-07,
                1.0,
                -0.009726295247673988
            ],
            [
                0.0,
                0.0,
                0.0,
                1.0
            ]
        ]
    }
]