[
    {
        "class": "Car",
        "extent": [
            1.5107464790344238,
            4.901683330535889,
            2.128324270248413
        ],
        "position": [
            -1.3,
            0.0,
            -2.5
        ],
        "yaw": 0,
        "num_points": -1,
        "distance": -1,
        "speed": -1.2079440259018839e-06,
        "brake": 1.0,
        "id": 282,
        "ego_matrix": [
            [
                -0.0025880744215101004,
                0.9999966621398926,
                -8.330220957475376e-09,
                -41.52785873413086
            ],
            [
                -0.9999966621398926,
                -0.0025880744215101004,
                -3.2186399039346725e-06,
                99.30668640136719
            ],
            [
                -3.2186505904974183e-06,
                1.1368683094535245e-13,
                1.0,
                0.03341880813241005
            ],
            [
                0.0,
                0.0,
                0.0,
                1.0
            ]
        ]
    },
    {
        "class": "Car",
        "extent": [
            1.5107464790344238,
            4.901683330535889,
            2.128324270248413
        ],
        "position": [
            -38.95299803010698,
            -6.706994249660969,
            -2.500137747037343
        ],
        "yaw": 1.5709561167203756,
        "num_points": 8,
        "distance": 39.605182945577525,
        "speed": 4.623778319576164,
        "brake": 0.0,
        "id": 285,
        "ego_matrix": [
            [
                0.999997079372406,
                0.002428266918286681,
                -2.7474963644635864e-05,
                -34.72343826293945
            ],
            [
                -0.002428267616778612,
                0.999997079372406,
                -2.3369169866782613e-05,
                136.94219970703125
            ],
            [
                2.7418134777690284e-05,
                2.3435817638528533e-05,
                1.0,
                0.033402252942323685
            ],
            [
                0.0,
                0.0,
                0.0,
                1.0
            ]
        ]
    },
    {
        "class": "Car",
        "extent": [
            1.4750303030014038,
            3.805800199508667,
            1.97027587890625
        ],
        "position": [
            -7.847768184430737,
            6.997781698164899,
            -2.491347943511511
        ],
        "yaw": 3.141364154368264,
        "num_points": 109,
        "distance": 10.805703528571101,
        "speed": 4.922207339553078,
        "brake": 0.0,
        "id": 287,
        "ego_matrix": [
            [
                0.002816510386765003,
                -0.9999960064888,
                4.23552364736679e-06,
                -48.508670806884766
            ],
            [
                0.9999960064888,
                0.002816510386765003,
                -9.071870408661198e-06,
                105.87254333496094
            ],
            [
                9.059905096364673e-06,
                4.261057711119065e-06,
                1.0,
                0.042091939598321915
            ],
            [
                0.0,
                0.0,
                0.0,
                1.0
            ]
        ]
    },
    {
        "class": "Car",
        "extent": [
            1.8548461198806763,
            4.6045098304748535,
            1.9315931797027588
        ],
        "position": [
            33.09172469261257,
            10.506276139252872,
            -2.522589958463535
        ],
        "yaw": 3.141336856967091,
        "num_points": 2,
        "distance": 34.811026148972395,
        "speed": 4.831180374390655,
        "brake": 0.0,
        "id": 295,
        "ego_matrix": [
            [
                0.0028438090812414885,
                -0.9999959468841553,
                6.470364724009414e-07,
                -52.12310791015625
            ],
            [
                0.9999958276748657,
                0.002843808149918914,
                -0.0005216637509875,
                64.94226837158203
            ],
            [
                0.0005216597928665578,
                2.1305459085851908e-06,
                0.9999998807907104,
                0.010718154720962048
            ],
            [
                0.0,
                0.0,
                0.0,
                1.0
            ]
        ]
    },
    {
        "class": "Car",
        "extent": [
            1.5542958974838257,
            4.974244117736816,
            2.0384013652801514
        ],
        "position": [
            5.563079695882431,
            0.11359732192272473,
            -2.557307507096277
        ],
        "yaw": -0.00024234765919728396,
        "num_points": 385,
        "distance": 6.123771855657129,
        "speed": -1.1685356608558948e-08,
        "brake": 1.0,
        "id": 302,
        "ego_matrix": [
            [
                -0.0028304001316428185,
                0.9999960064888,
                3.6399042073753662e-06,
                -41.659217834472656
            ],
            [
                -0.9999867677688599,
                -0.002830389654263854,
                0.004296892322599888,
                92.44392395019531
            ],
            [
                0.004296885337680578,
                8.522067219018936e-06,
                0.9999907612800598,
                -0.02391078881919384
            ],
            [
                0.0,
                0.0,
                0.0,
                1.0
            ]
        ]
    },
    {
        "class": "Car",
        "extent": [
            1.8548461198806763,
            4.6045098304748535,
            1.9315931797027588
        ],
        "position": [
            -42.4432468377113,
            -6.932108100620533,
            -2.5228330027820993
        ],
        "yaw": 1.571613917509625,
        "num_points": 0,
        "distance": 43.07955444529929,
        "speed": 4.83117786855377,
        "brake": 0.0,
        "id": 304,
        "ego_matrix": [
            [
                0.9999983310699463,
                0.0017703938065096736,
                -0.0005279885954223573,
                -34.48929214477539
            ],
            [
                -0.0017704680794849992,
                0.9999984502792358,
                -0.00014021295646671206,
                140.43185424804688
            ],
            [
                0.0005277395248413086,
                0.00014114750956650823,
                0.9999998807907104,
                0.010718231089413166
            ],
            [
                0.0,
                0.0,
                0.0,
                1.0
            ]
        ]
    },
    {
        "class": "Car",
        "extent": [
            1.6355280876159668,
            5.0267767906188965,
            2.1515462398529053
        ],
        "position": [
            -24.462653150803725,
            12.384050629306536,
            -2.404612710813511
        ],
        "yaw": 3.57026491634498,
        "num_points": 16,
        "distance": 27.523958135681738,
        "speed": 4.689073739328241,
        "brake": 0.0,
        "id": 314,
        "ego_matrix": [
            [
                -0.4132981300354004,
                -0.9105767607688904,
                0.005888517014682293,
                -53.85192108154297
            ],
            [
                0.9105687737464905,
                -0.41332706809043884,
                -0.005029883701354265,
                122.50131225585938
            ],
            [
                0.007013978436589241,
                0.0032830580603331327,
                0.999970018863678,
                0.12888064980506897
            ],
            [
                0.0,
                0.0,
                0.0,
                1.0
            ]
        ]
    },
    {
        "class": "Car",
        "extent": [
            1.8779358863830566,
            3.866220712661743,
            1.9051965475082397
        ],
        "position": [
            -35.667825079492424,
            -26.432208998063565,
            -2.5237130654982085
        ],
        "yaw": -1.5627535803028572,
        "num_points": 5,
        "distance": 44.46599314145078,
        "speed": 2.3494771652052346,
        "brake": 0.0,
        "id": 342,
        "ego_matrix": [
            [
                -0.9999849796295166,
                0.005454704165458679,
                0.00045167174539528787,
                -15.006792068481445
            ],
            [
                -0.005454663652926683,
                -0.9999850988388062,
                9.088201477425173e-05,
                133.60598754882812
            ],
            [
                0.00045216077705845237,
                8.841694216243923e-05,
                0.9999998807907104,
                0.009816360659897327
            ],
            [
                0.0,
                0.0,
                0.0,
                1.0
            ]
        ]
    },
    {
        "class": "Car",
        "extent": [
            1.4750303030014038,
            3.805800199508667,
            1.97027587890625
        ],
        "position": [
            28.171367879142764,
            -36.14969163492833,
            -2.491182799415949
        ],
        "yaw": 1.5746638010589773,
        "num_points": 0,
        "distance": 45.89806276110692,
        "speed": 2.0826589433877207,
        "brake": 0.0,
        "id": 348,
        "ego_matrix": [
            [
                0.9999991059303284,
                -0.0012794126523658633,
                0.0002967170730698854,
                -5.454562664031982
            ],
            [
                0.0012794138165190816,
                0.9999991655349731,
                -3.881436896335799e-06,
                69.74185943603516
            ],
            [
                -0.0002967118925880641,
                4.261057256371714e-06,
                0.9999999403953552,
                0.0421411506831646
            ],
            [
                0.0,
                0.0,
                0.0,
                1.0
            ]
        ]
    },
    {
        "class": "Car",
        "extent": [
            1.6493593454360962,
            4.855708599090576,
            2.0327565670013428
        ],
        "position": [
            48.268486116834666,
            0.011090703465544324,
            -2.542970224583074
        ],
        "yaw": -0.00042810314523022974,
        "num_points": 0,
        "distance": 48.335427716922915,
        "speed": -5.2208149870061835e-09,
        "brake": 1.0,
        "id": 366,
        "ego_matrix": [
            [
                -0.0030161533504724503,
                0.9999954700469971,
                -1.5630121197318658e-06,
                -41.667236328125
            ],
            [
                -0.9999954700469971,
                -0.0030161533504724503,
                1.1568066838663071e-05,
                49.73839569091797
            ],
            [
                1.156330017693108e-05,
                1.5978961300788797e-06,
                1.0,
                -0.00971096009016037
            ],
            [
                0.0,
                0.0,
                0.0,
                1.0
            ]
        ]
    },
    {
        "class": "Car",
        "extent": [
            1.3787471055984497,
            2.2072951793670654,
            1.4809197187423706
        ],
        "position": [
            -24.107889141018354,
            8.252324065812745,
            -2.5307000510488047
        ],
        "yaw": 3.475068625283444,
        "num_points": 1,
        "distance": 25.606554123333375,
        "speed": 5.2068160919298885,
        "brake": 0.0,
        "id": 381,
        "ego_matrix": [
            [
                -0.3248758614063263,
                -0.9457007050514221,
                0.010293382219970226,
                -49.721126556396484
            ],
            [
                0.9457340240478516,
                -0.3249242305755615,
                -0.0033910174388438463,
                122.13585662841797
            ],
            [
                0.0065514566376805305,
                0.008633141405880451,
                0.9999412894248962,
                0.0027921677101403475
            ],
            [
                0.0,
                0.0,
                0.0,
                1.0
            ]
        ]
    },
    {
        "class": "Car",
        "extent": [
            1.0795789957046509,
            1.4872888326644897,
            0.8592574596405029
        ],
        "position": [
            -35.708295624614095,
            -20.11349667509021,
            -2.5311592370888096
        ],
        "yaw": -1.556867461661564,
        "num_points": 0,
        "distance": 41.0614404520494,
        "speed": -2.6143684694947507e-08,
        "brake": 1.0,
        "id": 382,
        "ego_matrix": [
            [
                -0.9999356865882874,
                0.011340525932610035,
                3.8275121028163994e-07,
                -21.32537841796875
            ],
            [
                -0.011340525932610035,
                -0.9999356865882874,
                -2.2131916921352968e-06,
                133.66281127929688
            ],
            [
                3.576278402306343e-07,
                -2.2173899196786806e-06,
                1.0,
                0.002370319329202175
            ],
            [
                0.0,
                0.0,
                0.0,
                1.0
            ]
        ]
    },
    {
        "class": "Car",
        "extent": [
            1.5470870733261108,
            3.705369472503662,
            1.7886788845062256
        ],
        "position": [
            28.639571993102333,
            3.479635686931162,
            -2.5414101349606195
        ],
        "yaw": 0.005722733708416694,
        "num_points": 0,
        "distance": 28.96190107599874,
        "speed": 4.89991634598851,
        "brake": 0.0,
        "id": 384,
        "ego_matrix": [
            [
                0.003134678117930889,
                0.9999945163726807,
                -0.0010799018200486898,
                -45.08496856689453
            ],
            [
                -0.9999949336051941,
                0.0031353163067251444,
                0.000589922012295574,
                69.376220703125
            ],
            [
                0.0005933045758865774,
                0.0010780469747260213,
                0.9999992251396179,
                -0.008087691850960255
            ],
            [
                0.0,
                0.0,
                0.0,
                1.0
            ]
        ]
    },
    {
        "class": "Car",
        "extent": [
            1.5470870733261108,
            3.705369472503662,
            1.7886788845062256
        ],
        "position": [
            -7.6879418050325405,
            10.507767271216993,
            -2.5415271750883117
        ],
        "yaw": 3.1427949376639095,
        "num_points": 36,
        "distance": 13.26563163235503,
        "speed": 4.899704681590011,
        "brake": 0.0,
        "id": 390,
        "ego_matrix": [
            [
                0.001385763636790216,
                -0.9999984502792358,
                0.0011006578570231795,
                -52.01905822753906
            ],
            [
                0.9999988675117493,
                0.0013851081021130085,
                -0.0005961413262411952,
                105.7218017578125
            ],
            [
                0.000594615878071636,
                0.0011014826595783234,
                0.9999992251396179,
                -0.008087806403636932
            ],
            [
                0.0,
                0.0,
                0.0,
                1.0
            ]
        ]
    },
    {
        "class": "Car",
        "extent": [
            1.5542958974838257,
            4.974244117736816,
            2.0384013652801514
        ],
        "position": [
            32.80860308646933,
            7.009457608758065,
            -2.5571903648541783
        ],
        "yaw": 3.1413328622254557,
        "num_points": 1,
        "distance": 33.64633939994906,
        "speed": 4.647622602792844,
        "brake": 0.0,
        "id": 392,
        "ego_matrix": [
            [
                0.0028478370513767004,
                -0.9999959468841553,
                -4.043854460178409e-06,
                -48.62556838989258
            ],
            [
                0.999987006187439,
                0.002847828669473529,
                -0.0042253658175468445,
                65.21633911132812
            ],
            [
                0.004225360229611397,
                7.989350706338882e-06,
                0.9999910593032837,
                -0.0238813403993845
            ],
            [
                0.0,
                0.0,
                0.0,
                1.0
            ]
        ]
    },
    {
        "class": "Car",
        "extent": [
            1.6672759056091309,
            4.611005783081055,
            2.241713285446167
        ],
        "position": [
            31.69053915144315,
            -22.68283978144716,
            -2.459298033923876
        ],
        "yaw": -1.5650883736305299,
        "num_points": 0,
        "distance": 39.049323157765684,
        "speed": -9.237394038440484e-09,
        "brake": 1.0,
        "id": 393,
        "ego_matrix": [
            [
                -0.9999951124191284,
                0.0031198530923575163,
                1.1444054507592227e-05,
                -18.930477142333984
            ],
            [
                -0.0031198530923575163,
                -0.9999951124191284,
                2.956192091119192e-08,
                66.25755310058594
            ],
            [
                1.1444090887380298e-05,
                -6.141990471775216e-09,
                1.0,
                0.0740145891904831
            ],
            [
                0.0,
                0.0,
                0.0,
                1.0
            ]
        ]
    },
    {
        "class": "Car",
        "extent": [
            1.6493593454360962,
            4.855708599090576,
            2.0327565670013428
        ],
        "position": [
            12.601916082370629,
            10.479219442487452,
            -2.5431004343365906
        ],
        "yaw": 3.1433787025748545,
        "num_points": 44,
        "distance": 16.585827953106275,
        "speed": 4.586620681433191,
        "brake": 0.0,
        "id": 407,
        "ego_matrix": [
            [
                0.0008019963279366493,
                -0.9999997019767761,
                -4.512392877131788e-07,
                -52.04302215576172
            ],
            [
                0.9999997019767761,
                0.0008019963861443102,
                -8.29693308332935e-05,
                85.43193817138672
            ],
            [
                8.296965825138614e-05,
                -3.8469804053420376e-07,
                1.0,
                -0.009726371616125107
            ],
            [
                0.0,
                0.0,
                0.0,
                1.0
            ]
        ]
    }
]