[
    {
        "class": "Car",
        "extent": [
            1.5107464790344238,
            4.901683330535889,
            2.128324270248413
        ],
        "position": [
            -1.3,
            0.0,
            -2.5
        ],
        "yaw": 0,
        "num_points": -1,
        "distance": -1,
        "speed": -7.628532012153196e-08,
        "brake": 1.0,
        "id": 282,
        "ego_matrix": [
            [
                -0.0025880744215101004,
                0.9999966621398926,
                -2.776702423545885e-09,
                -41.52785873413086
            ],
            [
                -0.9999966621398926,
                -0.0025880744215101004,
                -1.0728799679782242e-06,
                99.30668640136719
            ],
            [
                -1.0728834922701935e-06,
                -0.0,
                1.0,
                0.033417776226997375
            ],
            [
                0.0,
                0.0,
                0.0,
                1.0
            ]
        ]
    },
    {
        "class": "Car",
        "extent": [
            1.5107464790344238,
            4.901683330535889,
            2.128324270248413
        ],
        "position": [
            -38.9574572758848,
            -9.019566773638292,
            -2.500055813592377
        ],
        "yaw": 1.572677583853947,
        "num_points": 6,
        "distance": 40.06602477483368,
        "speed": 4.62643896769057,
        "brake": 0.0,
        "id": 285,
        "ego_matrix": [
            [
                0.9999997615814209,
                0.0007068020640872419,
                -2.7438079996500164e-05,
                -32.41086196899414
            ],
            [
                -0.0007068028207868338,
                0.9999997615814209,
                -2.8210119126015343e-05,
                136.940673828125
            ],
            [
                2.7418134777690284e-05,
                2.8229505915078335e-05,
                1.0,
                0.03340236470103264
            ],
            [
                0.0,
                0.0,
                0.0,
                1.0
            ]
        ]
    },
    {
        "class": "Car",
        "extent": [
            1.4750303030014038,
            3.805800199508667,
            1.97027587890625
        ],
        "position": [
            -10.309394285663393,
            6.9972670393242975,
            -2.4913355026595823
        ],
        "yaw": 3.141364154368264,
        "num_points": 58,
        "distance": 12.706380646891361,
        "speed": 4.924164734870406,
        "brake": 0.0,
        "id": 287,
        "ego_matrix": [
            [
                0.002816510386765003,
                -0.9999960064888,
                4.23552364736679e-06,
                -48.50178527832031
            ],
            [
                0.9999960064888,
                0.002816510386765003,
                -9.071870408661198e-06,
                108.33415985107422
            ],
            [
                9.059905096364673e-06,
                4.261057711119065e-06,
                1.0,
                0.042091939598321915
            ],
            [
                0.0,
                0.0,
                0.0,
                1.0
            ]
        ]
    },
    {
        "class": "Car",
        "extent": [
            1.8548461198806763,
            4.6045098304748535,
            1.9315931797027588
        ],
        "position": [
            30.675561944192506,
            10.505647632014847,
            -2.5226653154516785
        ],
        "yaw": 3.141336856967091,
        "num_points": 8,
        "distance": 32.522647079440404,
        "speed": 4.833392902474226,
        "brake": 0.0,
        "id": 295,
        "ego_matrix": [
            [
                0.0028438090812414885,
                -0.9999959468841553,
                6.470364724009414e-07,
                -52.11622619628906
            ],
            [
                0.9999958276748657,
                0.002843808149918914,
                -0.0005216637509875,
                67.3584213256836
            ],
            [
                0.0005216597928665578,
                2.1305459085851908e-06,
                0.9999998807907104,
                0.010718154720962048
            ],
            [
                0.0,
                0.0,
                0.0,
                1.0
            ]
        ]
    },
    {
        "class": "Car",
        "extent": [
            1.5542958974838257,
            4.974244117736816,
            2.0384013652801514
        ],
        "position": [
            5.563079572865361,
            0.11359732192271821,
            -2.5573212017610873
        ],
        "yaw": -0.00024234765919728396,
        "num_points": 380,
        "distance": 6.123777462853841,
        "speed": -6.603029097112388e-09,
        "brake": 1.0,
        "id": 302,
        "ego_matrix": [
            [
                -0.0028304001316428185,
                0.9999960064888,
                3.6399042073753662e-06,
                -41.659217834472656
            ],
            [
                -0.9999867677688599,
                -0.002830389654263854,
                0.004296892322599888,
                92.44392395019531
            ],
            [
                0.004296885337680578,
                8.522067219018936e-06,
                0.9999907612800598,
                -0.02391078881919384
            ],
            [
                0.0,
                0.0,
                0.0,
                1.0
            ]
        ]
    },
    {
        "class": "Car",
        "extent": [
            1.8548461198806763,
            4.6045098304748535,
            1.9315931797027588
        ],
        "position": [
            -42.450079892257655,
            -9.348247674603503,
            -2.5227438089340475
        ],
        "yaw": 1.573640807364517,
        "num_points": 3,
        "distance": 43.54036350066801,
        "speed": 4.833388317115761,
        "brake": 0.0,
        "id": 304,
        "ego_matrix": [
            [
                0.9999998211860657,
                -0.00025650043971836567,
                -0.0005277007003314793,
                -32.073143005371094
            ],
            [
                0.0002564205788075924,
                0.9999999403953552,
                -0.00015140285540837795,
                140.43243408203125
            ],
            [
                0.0005277395248413086,
                0.00015126753714866936,
                0.9999998807907104,
                0.010718116536736488
            ],
            [
                0.0,
                0.0,
                0.0,
                1.0
            ]
        ]
    },
    {
        "class": "Car",
        "extent": [
            1.6355280876159668,
            5.0267767906188965,
            2.1515462398529053
        ],
        "position": [
            -26.348699471701742,
            13.790025297036532,
            -2.404558234010027
        ],
        "yaw": 3.765591537019643,
        "num_points": 2,
        "distance": 29.836230690952043,
        "speed": 4.681612439754339,
        "brake": 0.0,
        "id": 314,
        "ego_matrix": [
            [
                -0.5821685194969177,
                -0.8130385279655457,
                0.006939144805073738,
                -55.25300979614258
            ],
            [
                0.8130381107330322,
                -0.5821991562843323,
                -0.003634441178292036,
                124.3909912109375
            ],
            [
                0.006994905415922403,
                0.0035259316209703684,
                0.9999693632125854,
                0.128886416554451
            ],
            [
                0.0,
                0.0,
                0.0,
                1.0
            ]
        ]
    },
    {
        "class": "Car",
        "extent": [
            1.8779358863830566,
            3.866220712661743,
            1.9051965475082397
        ],
        "position": [
            -35.65832089691202,
            -25.25382959636815,
            -2.523635074294735
        ],
        "yaw": -1.5627961908802988,
        "num_points": 7,
        "distance": 43.76803048410749,
        "speed": 2.3591386342967513,
        "brake": 0.0,
        "id": 342,
        "ego_matrix": [
            [
                -0.9999852180480957,
                0.0054120272397994995,
                0.0004413045826368034,
                -16.185192108154297
            ],
            [
                -0.005411987658590078,
                -0.9999853372573853,
                9.080661402549595e-05,
                133.5995330810547
            ],
            [
                0.00044178959797136486,
                8.841694216243923e-05,
                0.9999998807907104,
                0.009819564409554005
            ],
            [
                0.0,
                0.0,
                0.0,
                1.0
            ]
        ]
    },
    {
        "class": "Car",
        "extent": [
            1.4750303030014038,
            3.805800199508667,
            1.97027587890625
        ],
        "position": [
            28.166972889371856,
            -37.29070916083369,
            -2.49129723575806
        ],
        "yaw": 1.5746282691845193,
        "num_points": 0,
        "distance": 46.79937941239596,
        "speed": 2.3382426008732633,
        "brake": 0.0,
        "id": 348,
        "ego_matrix": [
            [
                0.9999992251396179,
                -0.0012438822304829955,
                -1.859133226389531e-05,
                -4.31353759765625
            ],
            [
                0.0012438821140676737,
                0.9999992251396179,
                -4.284186161385151e-06,
                69.74330139160156
            ],
            [
                1.859664735093247e-05,
                4.261057256371714e-06,
                1.0,
                0.04208892583847046
            ],
            [
                0.0,
                0.0,
                0.0,
                1.0
            ]
        ]
    },
    {
        "class": "Car",
        "extent": [
            1.6493593454360962,
            4.855708599090576,
            2.0327565670013428
        ],
        "position": [
            48.26848602428712,
            0.01109070346553942,
            -2.5430755551039974
        ],
        "yaw": -0.00042810314523022974,
        "num_points": 0,
        "distance": 48.33543316615122,
        "speed": -1.0505432732104642e-09,
        "brake": 1.0,
        "id": 366,
        "ego_matrix": [
            [
                -0.0030161533504724503,
                0.9999954700469971,
                -1.5630121197318658e-06,
                -41.667236328125
            ],
            [
                -0.9999954700469971,
                -0.0030161533504724503,
                1.1568066838663071e-05,
                49.73839569091797
            ],
            [
                1.156330017693108e-05,
                1.5978961300788797e-06,
                1.0,
                -0.00971096009016037
            ],
            [
                0.0,
                0.0,
                0.0,
                1.0
            ]
        ]
    },
    {
        "class": "Car",
        "extent": [
            1.3787471055984497,
            2.2072951793670654,
            1.4809197187423706
        ],
        "position": [
            -26.46924526182203,
            9.394280637805084,
            -2.5307197128134256
        ],
        "yaw": 3.6339285811516517,
        "num_points": 7,
        "distance": 28.20067367452682,
        "speed": 5.276748288408165,
        "brake": 0.0,
        "id": 381,
        "ego_matrix": [
            [
                -0.47039467096328735,
                -0.8823872208595276,
                0.01103153731673956,
                -50.85696792602539
            ],
            [
                0.8824349641799927,
                -0.47043323516845703,
                -0.0010485192760825157,
                124.50016021728516
            ],
            [
                0.006114801857620478,
                0.009241395629942417,
                0.9999386072158813,
                0.0027250670827925205
            ],
            [
                0.0,
                0.0,
                0.0,
                1.0
            ]
        ]
    },
    {
        "class": "Car",
        "extent": [
            1.0795789957046509,
            1.4872888326644897,
            0.8592574596405029
        ],
        "position": [
            -35.70829569123802,
            -20.113496675090214,
            -2.5310843729922303
        ],
        "yaw": -1.556867461661564,
        "num_points": 1,
        "distance": 41.061435895191956,
        "speed": -3.200176447843004e-08,
        "brake": 1.0,
        "id": 382,
        "ego_matrix": [
            [
                -0.9999356865882874,
                0.011340525932610035,
                3.8275121028163994e-07,
                -21.32537841796875
            ],
            [
                -0.011340525932610035,
                -0.9999356865882874,
                -2.2131916921352968e-06,
                133.66281127929688
            ],
            [
                3.576278402306343e-07,
                -2.2173899196786806e-06,
                1.0,
                0.002370319329202175
            ],
            [
                0.0,
                0.0,
                0.0,
                1.0
            ]
        ]
    },
    {
        "class": "Car",
        "extent": [
            1.5470870733261108,
            3.705369472503662,
            1.7886788845062256
        ],
        "position": [
            31.09004077729684,
            3.467186319106128,
            -2.5414706409676495
        ],
        "yaw": 0.005049353426790137,
        "num_points": 6,
        "distance": 31.385842182810347,
        "speed": 4.90201498606911,
        "brake": 0.0,
        "id": 384,
        "ego_matrix": [
            [
                0.0024612676352262497,
                0.9999963641166687,
                -0.001070982194505632,
                -45.078861236572266
            ],
            [
                -0.9999967813491821,
                0.002461901167407632,
                0.0005906700389459729,
                66.92572784423828
            ],
            [
                0.0005933045758865774,
                0.0010695249075070024,
                0.9999992251396179,
                -0.008087615482509136
            ],
            [
                0.0,
                0.0,
                0.0,
                1.0
            ]
        ]
    },
    {
        "class": "Car",
        "extent": [
            1.5470870733261108,
            3.705369472503662,
            1.7886788845062256
        ],
        "position": [
            -10.1384052081178,
            10.51057303756159,
            -2.541514417009719
        ],
        "yaw": 3.1427234317886406,
        "num_points": 38,
        "distance": 14.822911362946725,
        "speed": 4.902009336300871,
        "brake": 0.0,
        "id": 390,
        "ego_matrix": [
            [
                0.001457289094105363,
                -0.9999983310699463,
                0.0010995520278811455,
                -52.01552200317383
            ],
            [
                0.9999987483024597,
                0.0014566356549039483,
                -0.0005949072074145079,
                108.1722640991211
            ],
            [
                0.0005933045758865774,
                0.0011004175757989287,
                0.9999992251396179,
                -0.008087158203125
            ],
            [
                0.0,
                0.0,
                0.0,
                1.0
            ]
        ]
    },
    {
        "class": "Car",
        "extent": [
            1.5542958974838257,
            4.974244117736816,
            2.0384013652801514
        ],
        "position": [
            30.484093009752353,
            7.00903058826051,
            -2.557265071875289
        ],
        "yaw": 3.1413328622254557,
        "num_points": 11,
        "distance": 31.383850003819433,
        "speed": 4.650234732276737,
        "brake": 0.0,
        "id": 392,
        "ego_matrix": [
            [
                0.0028478370513767004,
                -0.9999959468841553,
                -4.043854460178409e-06,
                -48.61912536621094
            ],
            [
                0.999987006187439,
                0.002847828669473529,
                -0.0042253658175468445,
                67.54084014892578
            ],
            [
                0.004225360229611397,
                7.989350706338882e-06,
                0.9999910593032837,
                -0.023881396278738976
            ],
            [
                0.0,
                0.0,
                0.0,
                1.0
            ]
        ]
    },
    {
        "class": "Car",
        "extent": [
            1.6672759056091309,
            4.611005783081055,
            2.241713285446167
        ],
        "position": [
            31.690539238551136,
            -22.682839781447157,
            -2.4593677920296413
        ],
        "yaw": -1.5650883736305299,
        "num_points": 0,
        "distance": 39.049327621835225,
        "speed": -1.15402651865666e-08,
        "brake": 1.0,
        "id": 393,
        "ego_matrix": [
            [
                -0.9999951124191284,
                0.0031198530923575163,
                1.1444054507592227e-05,
                -18.930477142333984
            ],
            [
                -0.0031198530923575163,
                -0.9999951124191284,
                2.956192091119192e-08,
                66.25755310058594
            ],
            [
                1.1444090887380298e-05,
                -6.141990471775216e-09,
                1.0,
                0.0740145891904831
            ],
            [
                0.0,
                0.0,
                0.0,
                1.0
            ]
        ]
    },
    {
        "class": "Car",
        "extent": [
            1.6493593454360962,
            4.855708599090576,
            2.0327565670013428
        ],
        "position": [
            10.307927977001937,
            10.483386448524543,
            -2.5431317320724323
        ],
        "yaw": 3.143400274179684,
        "num_points": 62,
        "distance": 14.920532484292945,
        "speed": 4.5892532529784695,
        "brake": 0.0,
        "id": 407,
        "ego_matrix": [
            [
                0.0007804194465279579,
                -0.9999997019767761,
                -1.0362620059822802e-06,
                -52.04125213623047
            ],
            [
                0.9999997019767761,
                0.0007804195047356188,
                -8.296887972392142e-05,
                87.7259292602539
            ],
            [
                8.296965825138614e-05,
                -9.71511212810583e-07,
                1.0,
                -0.009726409800350666
            ],
            [
                0.0,
                0.0,
                0.0,
                1.0
            ]
        ]
    }
]