[
    {
        "class": "Car",
        "extent": [
            1.5107464790344238,
            4.901683330535889,
            2.128324270248413
        ],
        "position": [
            -1.3,
            0.0,
            -2.5
        ],
        "yaw": 0,
        "num_points": -1,
        "distance": -1,
        "speed": -1.782627505910698e-08,
        "brake": 1.0,
        "id": 282,
        "ego_matrix": [
            [
                -0.0025880744215101004,
                0.9999966621398926,
                -2.776702423545885e-09,
                -41.52785873413086
            ],
            [
                -0.9999966621398926,
                -0.0025880744215101004,
                -1.0728799679782242e-06,
                99.30668640136719
            ],
            [
                -1.0728834922701935e-06,
                -0.0,
                1.0,
                0.033417776226997375
            ],
            [
                0.0,
                0.0,
                0.0,
                1.0
            ]
        ]
    },
    {
        "class": "Car",
        "extent": [
            1.5107464790344238,
            4.901683330535889,
            2.128324270248413
        ],
        "position": [
            -38.96637550886665,
            -11.333455276495545,
            -2.5000559349193114
        ],
        "yaw": 1.5745713220099011,
        "num_points": 4,
        "distance": 40.65803621032443,
        "speed": 4.629103478592256,
        "brake": 0.0,
        "id": 285,
        "ego_matrix": [
            [
                0.9999992847442627,
                -0.0011869356967508793,
                -2.7385873181628995e-05,
                -30.09695816040039
            ],
            [
                0.0011869349982589483,
                0.9999992847442627,
                -2.7196763767278753e-05,
                136.943603515625
            ],
            [
                2.7418134777690284e-05,
                2.7164240236743353e-05,
                1.0,
                0.033402252942323685
            ],
            [
                0.0,
                0.0,
                0.0,
                1.0
            ]
        ]
    },
    {
        "class": "Car",
        "extent": [
            1.4750303030014038,
            3.805800199508667,
            1.97027587890625
        ],
        "position": [
            -12.771981706007661,
            6.996754868409241,
            -2.491338181982017
        ],
        "yaw": 3.141364154368264,
        "num_points": 38,
        "distance": 14.774466532643547,
        "speed": 4.9261693626385465,
        "brake": 0.0,
        "id": 287,
        "ego_matrix": [
            [
                0.002816510386765003,
                -0.9999960064888,
                4.23552364736679e-06,
                -48.49489974975586
            ],
            [
                0.9999960064888,
                0.002816510386765003,
                -9.071870408661198e-06,
                110.79673767089844
            ],
            [
                9.059905096364673e-06,
                4.261057711119065e-06,
                1.0,
                0.04209190234541893
            ],
            [
                0.0,
                0.0,
                0.0,
                1.0
            ]
        ]
    },
    {
        "class": "Car",
        "extent": [
            1.8548461198806763,
            4.6045098304748535,
            1.9315931797027588
        ],
        "position": [
            28.258308234834836,
            10.505018133690331,
            -2.5226679470676427
        ],
        "yaw": 3.141336856967091,
        "num_points": 7,
        "distance": 30.253119572289723,
        "speed": 4.83560258399345,
        "brake": 0.0,
        "id": 295,
        "ego_matrix": [
            [
                0.0028438090812414885,
                -0.9999959468841553,
                6.470364724009414e-07,
                -52.10934066772461
            ],
            [
                0.9999958276748657,
                0.002843808149918914,
                -0.0005216637509875,
                69.77566528320312
            ],
            [
                0.0005216597928665578,
                2.1305459085851908e-06,
                0.9999998807907104,
                0.010718116536736488
            ],
            [
                0.0,
                0.0,
                0.0,
                1.0
            ]
        ]
    },
    {
        "class": "Car",
        "extent": [
            1.5542958974838257,
            4.974244117736816,
            2.0384013652801514
        ],
        "position": [
            5.563079572865361,
            0.11359732192271821,
            -2.5573212017610873
        ],
        "yaw": -0.00024234765919728396,
        "num_points": 366,
        "distance": 6.123777462853841,
        "speed": 1.627526545046193e-08,
        "brake": 1.0,
        "id": 302,
        "ego_matrix": [
            [
                -0.0028304001316428185,
                0.9999960064888,
                3.6399042073753662e-06,
                -41.659217834472656
            ],
            [
                -0.9999867677688599,
                -0.002830389654263854,
                0.004296892322599888,
                92.44392395019531
            ],
            [
                0.004296885337680578,
                8.522067219018936e-06,
                0.9999907612800598,
                -0.02391078881919384
            ],
            [
                0.0,
                0.0,
                0.0,
                1.0
            ]
        ]
    },
    {
        "class": "Car",
        "extent": [
            1.8548461198806763,
            4.6045098304748535,
            1.9315931797027588
        ],
        "position": [
            -42.46199690617034,
            -11.765474634610555,
            -2.5227437453511645
        ],
        "yaw": 1.5757242564606615,
        "num_points": 3,
        "distance": 44.13402101148265,
        "speed": 4.835597427182565,
        "brake": 0.0,
        "id": 304,
        "ego_matrix": [
            [
                0.9999971389770508,
                -0.0023399421479552984,
                -0.0005274077993817627,
                -29.655893325805664
            ],
            [
                0.0023398674093186855,
                0.9999972581863403,
                -0.00014238199219107628,
                140.43809509277344
            ],
            [
                0.0005277395248413086,
                0.00014114752411842346,
                0.9999998807907104,
                0.010718192905187607
            ],
            [
                0.0,
                0.0,
                0.0,
                1.0
            ]
        ]
    },
    {
        "class": "Car",
        "extent": [
            1.6355280876159668,
            5.0267767906188965,
            2.1515462398529053
        ],
        "position": [
            -27.9439234557149,
            15.524880204951659,
            -2.404563417470155
        ],
        "yaw": 3.951997366990867,
        "num_points": 4,
        "distance": 32.05724081554102,
        "speed": 4.693141975910114,
        "brake": 0.0,
        "id": 314,
        "ego_matrix": [
            [
                -0.7227622866630554,
                -0.6910578012466431,
                0.007330914959311485,
                -56.98373031616211
            ],
            [
                0.6910611391067505,
                -0.7227920293807983,
                -0.0024706809781491756,
                125.9906997680664
            ],
            [
                0.0070061106234788895,
                0.0032803951762616634,
                0.9999700784683228,
                0.12888294458389282
            ],
            [
                0.0,
                0.0,
                0.0,
                1.0
            ]
        ]
    },
    {
        "class": "Car",
        "extent": [
            1.8779358863830566,
            3.866220712661743,
            1.9051965475082397
        ],
        "position": [
            -35.65245639203917,
            -24.52077384469085,
            -2.521036724585753
        ],
        "yaw": -1.5628305456583607,
        "num_points": 8,
        "distance": 43.34422248576435,
        "speed": -0.0005220510435151323,
        "brake": 1.0,
        "id": 342,
        "ego_matrix": [
            [
                -0.9999514222145081,
                0.005377128254622221,
                -0.008259665220975876,
                -16.91826057434082
            ],
            [
                -0.005377472843974829,
                -0.9999855160713196,
                1.949850411619991e-05,
                133.59556579589844
            ],
            [
                -0.008259440772235394,
                6.391368515323848e-05,
                0.9999659061431885,
                0.012417907826602459
            ],
            [
                0.0,
                0.0,
                0.0,
                1.0
            ]
        ]
    },
    {
        "class": "Car",
        "extent": [
            1.4750303030014038,
            3.805800199508667,
            1.97027587890625
        ],
        "position": [
            28.16239256515392,
            -38.47385109690811,
            -2.4912954450822906
        ],
        "yaw": 1.5746278563165281,
        "num_points": 2,
        "distance": 47.74478114114235,
        "speed": 2.377233120852037,
        "brake": 0.0,
        "id": 348,
        "ego_matrix": [
            [
                0.9999992251396179,
                -0.0012434691889211535,
                -7.9817164078122e-06,
                -3.130387783050537
            ],
            [
                0.0012434691889211535,
                0.9999992251396179,
                -4.270985755283618e-06,
                69.74481964111328
            ],
            [
                7.987021490407642e-06,
                4.261057256371714e-06,
                1.0,
                0.04209072142839432
            ],
            [
                0.0,
                0.0,
                0.0,
                1.0
            ]
        ]
    },
    {
        "class": "Car",
        "extent": [
            1.6493593454360962,
            4.855708599090576,
            2.0327565670013428
        ],
        "position": [
            48.26848602428712,
            0.01109070346553942,
            -2.5430755551039974
        ],
        "yaw": -0.00042810314523022974,
        "num_points": 0,
        "distance": 48.33543316615122,
        "speed": 1.1093938798868786e-08,
        "brake": 1.0,
        "id": 366,
        "ego_matrix": [
            [
                -0.0030161533504724503,
                0.9999954700469971,
                -1.5630121197318658e-06,
                -41.667236328125
            ],
            [
                -0.9999954700469971,
                -0.0030161533504724503,
                1.1568066838663071e-05,
                49.73839569091797
            ],
            [
                1.156330017693108e-05,
                1.5978961300788797e-06,
                1.0,
                -0.00971096009016037
            ],
            [
                0.0,
                0.0,
                0.0,
                1.0
            ]
        ]
    },
    {
        "class": "Car",
        "extent": [
            1.3787471055984497,
            2.2072951793670654,
            1.4809197187423706
        ],
        "position": [
            -28.647323220973462,
            10.9033864816685,
            -2.530734943332821
        ],
        "yaw": 3.7854621808610514,
        "num_points": 5,
        "distance": 30.756423456718153,
        "speed": 5.3174390728679874,
        "brake": 0.0,
        "id": 381,
        "ego_matrix": [
            [
                -0.5982120037078857,
                -0.8012732863426208,
                0.010179768316447735,
                -52.36043167114258
            ],
            [
                0.8013152480125427,
                -0.5982424020767212,
                7.359450682997704e-05,
                126.68213653564453
            ],
            [
                0.006030999589711428,
                0.008201228454709053,
                0.9999482035636902,
                0.0027121733874082565
            ],
            [
                0.0,
                0.0,
                0.0,
                1.0
            ]
        ]
    },
    {
        "class": "Car",
        "extent": [
            1.0795789957046509,
            1.4872888326644897,
            0.8592574596405029
        ],
        "position": [
            -35.70829569123802,
            -20.113496675090214,
            -2.5310843729922303
        ],
        "yaw": -1.556867461661564,
        "num_points": 0,
        "distance": 41.061435895191956,
        "speed": -6.501687060124832e-08,
        "brake": 1.0,
        "id": 382,
        "ego_matrix": [
            [
                -0.9999356865882874,
                0.011340525932610035,
                3.8275121028163994e-07,
                -21.32537841796875
            ],
            [
                -0.011340525932610035,
                -0.9999356865882874,
                -2.2131916921352968e-06,
                133.66281127929688
            ],
            [
                3.576278402306343e-07,
                -2.2173899196786806e-06,
                1.0,
                0.002370319329202175
            ],
            [
                0.0,
                0.0,
                0.0,
                1.0
            ]
        ]
    },
    {
        "class": "Car",
        "extent": [
            1.5470870733261108,
            3.705369472503662,
            1.7886788845062256
        ],
        "position": [
            33.541560402841206,
            3.4568704694940156,
            -2.5414680107725727
        ],
        "yaw": 0.0041722413217726295,
        "num_points": 0,
        "distance": 33.814867844634335,
        "speed": 4.904100741701552,
        "brake": 0.0,
        "id": 384,
        "ego_matrix": [
            [
                0.001584246871061623,
                0.9999982118606567,
                -0.0010630066972225904,
                -45.07489013671875
            ],
            [
                -0.9999985694885254,
                0.0015848764451220632,
                0.0005916209775023162,
                64.47418975830078
            ],
            [
                0.0005933045758865774,
                0.0010620678076520562,
                0.9999992847442627,
                -0.008087615482509136
            ],
            [
                0.0,
                0.0,
                0.0,
                1.0
            ]
        ]
    },
    {
        "class": "Car",
        "extent": [
            1.5470870733261108,
            3.705369472503662,
            1.7886788845062256
        ],
        "position": [
            -12.589960074786507,
            10.513168005170401,
            -2.541516970874154
        ],
        "yaw": 3.1426286232538336,
        "num_points": 33,
        "distance": 16.5979849591117,
        "speed": 4.904143546450212,
        "brake": 0.0,
        "id": 390,
        "ego_matrix": [
            [
                0.0015520603628829122,
                -0.9999982118606567,
                0.0010984301334246993,
                -52.01177215576172
            ],
            [
                0.9999986290931702,
                0.0015514073893427849,
                -0.0005950097693130374,
                110.62381744384766
            ],
            [
                0.0005933045758865774,
                0.0010993520263582468,
                0.9999992251396179,
                -0.008087081834673882
            ],
            [
                0.0,
                0.0,
                0.0,
                1.0
            ]
        ]
    },
    {
        "class": "Car",
        "extent": [
            1.5542958974838257,
            4.974244117736816,
            2.0384013652801514
        ],
        "position": [
            28.158278424006287,
            7.008603129548812,
            -2.557267567203496
        ],
        "yaw": 3.1413328622254557,
        "num_points": 2,
        "distance": 29.129860608002407,
        "speed": 4.652848232254292,
        "brake": 0.0,
        "id": 392,
        "ego_matrix": [
            [
                0.0028478370513767004,
                -0.9999959468841553,
                -4.043854460178409e-06,
                -48.61267852783203
            ],
            [
                0.999987006187439,
                0.002847828669473529,
                -0.0042253658175468445,
                69.86664581298828
            ],
            [
                0.004225360229611397,
                7.989350706338882e-06,
                0.9999910593032837,
                -0.023881396278738976
            ],
            [
                0.0,
                0.0,
                0.0,
                1.0
            ]
        ]
    },
    {
        "class": "Car",
        "extent": [
            1.6672759056091309,
            4.611005783081055,
            2.241713285446167
        ],
        "position": [
            31.690539238551136,
            -22.682839781447157,
            -2.4593677920296413
        ],
        "yaw": -1.5650883736305299,
        "num_points": 0,
        "distance": 39.049327621835225,
        "speed": -3.233946244876836e-08,
        "brake": 1.0,
        "id": 393,
        "ego_matrix": [
            [
                -0.9999951124191284,
                0.0031198530923575163,
                1.1444054507592227e-05,
                -18.930477142333984
            ],
            [
                -0.0031198530923575163,
                -0.9999951124191284,
                2.956192091119192e-08,
                66.25755310058594
            ],
            [
                1.1444090887380298e-05,
                -6.141990471775216e-09,
                1.0,
                0.0740145891904831
            ],
            [
                0.0,
                0.0,
                0.0,
                1.0
            ]
        ]
    },
    {
        "class": "Car",
        "extent": [
            1.6493593454360962,
            4.855708599090576,
            2.0327565670013428
        ],
        "position": [
            8.012620122856303,
            10.487572129261036,
            -2.543134118302018
        ],
        "yaw": 3.143400274179684,
        "num_points": 91,
        "distance": 13.440936780720547,
        "speed": 4.591877278002253,
        "brake": 0.0,
        "id": 407,
        "ego_matrix": [
            [
                0.0007804194465279579,
                -0.9999997019767761,
                -1.0362620059822802e-06,
                -52.03949737548828
            ],
            [
                0.9999997019767761,
                0.0007804195047356188,
                -8.296887972392142e-05,
                90.021240234375
            ],
            [
                8.296965825138614e-05,
                -9.71511212810583e-07,
                1.0,
                -0.009726333431899548
            ],
            [
                0.0,
                0.0,
                0.0,
                1.0
            ]
        ]
    }
]