[
    {
        "class": "Car",
        "extent": [
            1.5107464790344238,
            4.901683330535889,
            2.128324270248413
        ],
        "position": [
            -1.3,
            0.0,
            -2.5
        ],
        "yaw": 0,
        "num_points": -1,
        "distance": -1,
        "speed": -8.45797125190207e-09,
        "brake": 1.0,
        "id": 282,
        "ego_matrix": [
            [
                -0.0025880744215101004,
                0.9999966621398926,
                -2.776702423545885e-09,
                -41.52785873413086
            ],
            [
                -0.9999966621398926,
                -0.0025880744215101004,
                -1.0728799679782242e-06,
                99.30668640136719
            ],
            [
                -1.0728834922701935e-06,
                -0.0,
                1.0,
                0.033417776226997375
            ],
            [
                0.0,
                0.0,
                0.0,
                1.0
            ]
        ]
    },
    {
        "class": "Car",
        "extent": [
            1.5107464790344238,
            4.901683330535889,
            2.128324270248413
        ],
        "position": [
            -38.97973745554251,
            -13.648654075696811,
            -2.5000557592653188
        ],
        "yaw": 1.5764673288592128,
        "num_points": 5,
        "distance": 41.37578964781814,
        "speed": 4.631758388868993,
        "brake": 0.0,
        "id": 285,
        "ego_matrix": [
            [
                0.999995231628418,
                -0.0030829377938061953,
                -2.733754263317678e-05,
                -27.7817325592041
            ],
            [
                0.0030829370953142643,
                0.999995231628418,
                -2.618338112370111e-05,
                136.9509735107422
            ],
            [
                2.7418134777690284e-05,
                2.6098976377397776e-05,
                1.0,
                0.033402442932128906
            ],
            [
                0.0,
                0.0,
                0.0,
                1.0
            ]
        ]
    },
    {
        "class": "Car",
        "extent": [
            1.4750303030014038,
            3.805800199508667,
            1.97027587890625
        ],
        "position": [
            -15.235591293970527,
            6.996310193020312,
            -2.491340787895312
        ],
        "yaw": 3.141425939705554,
        "num_points": 31,
        "distance": 16.949288401443326,
        "speed": 4.928181799322905,
        "brake": 0.0,
        "id": 287,
        "ego_matrix": [
            [
                0.002754760207608342,
                -0.9999961853027344,
                5.833973318658536e-06,
                -48.48807907104492
            ],
            [
                0.9999961853027344,
                0.002754760207608342,
                -9.076010428543668e-06,
                113.26033782958984
            ],
            [
                9.059905096364673e-06,
                5.8589535001374315e-06,
                1.0,
                0.042091939598321915
            ],
            [
                0.0,
                0.0,
                0.0,
                1.0
            ]
        ]
    },
    {
        "class": "Car",
        "extent": [
            1.8548461198806763,
            4.6045098304748535,
            1.9315931797027588
        ],
        "position": [
            25.839940637593575,
            10.504391518200178,
            -2.5226705416944535
        ],
        "yaw": 3.141336856967091,
        "num_points": 13,
        "distance": 28.007296191955565,
        "speed": 4.837817030431232,
        "brake": 0.0,
        "id": 295,
        "ego_matrix": [
            [
                0.0028438090812414885,
                -0.9999959468841553,
                6.470364724009414e-07,
                -52.102455139160156
            ],
            [
                0.9999958276748657,
                0.002843808149918914,
                -0.0005216637509875,
                72.19402313232422
            ],
            [
                0.0005216597928665578,
                2.1305459085851908e-06,
                0.9999998807907104,
                0.010718116536736488
            ],
            [
                0.0,
                0.0,
                0.0,
                1.0
            ]
        ]
    },
    {
        "class": "Car",
        "extent": [
            1.5542958974838257,
            4.974244117736816,
            2.0384013652801514
        ],
        "position": [
            5.563079572865361,
            0.11359732192271821,
            -2.5573212017610873
        ],
        "yaw": -0.00024234765919728396,
        "num_points": 368,
        "distance": 6.123777462853841,
        "speed": 9.602452819642518e-10,
        "brake": 1.0,
        "id": 302,
        "ego_matrix": [
            [
                -0.0028304001316428185,
                0.9999960064888,
                3.6399042073753662e-06,
                -41.659217834472656
            ],
            [
                -0.9999867677688599,
                -0.002830389654263854,
                0.004296892322599888,
                92.44392395019531
            ],
            [
                0.004296885337680578,
                8.522067219018936e-06,
                0.9999907612800598,
                -0.02391078881919384
            ],
            [
                0.0,
                0.0,
                0.0,
                1.0
            ]
        ]
    },
    {
        "class": "Car",
        "extent": [
            1.8548461198806763,
            4.6045098304748535,
            1.9315931797027588
        ],
        "position": [
            -42.47867748972304,
            -14.183787902607943,
            -2.522743954168616
        ],
        "yaw": 1.5776791922509492,
        "num_points": 3,
        "distance": 44.85512364937103,
        "speed": 4.837811060456157,
        "brake": 0.0,
        "id": 304,
        "ego_matrix": [
            [
                0.9999906420707703,
                -0.004294859245419502,
                -0.0005271924892440438,
                -27.237545013427734
            ],
            [
                0.00429479219019413,
                0.9999907612800598,
                -0.00012849917402490973,
                140.44851684570312
            ],
            [
                0.0005277395248413086,
                0.0001262337900698185,
                0.9999998807907104,
                0.01071800198405981
            ],
            [
                0.0,
                0.0,
                0.0,
                1.0
            ]
        ]
    },
    {
        "class": "Car",
        "extent": [
            1.6355280876159668,
            5.0267767906188965,
            2.1515462398529053
        ],
        "position": [
            -29.228916971424642,
            17.505564661715624,
            -2.404573274879278
        ],
        "yaw": 4.121773087535091,
        "num_points": 3,
        "distance": 34.154887704136954,
        "speed": 4.714246740901671,
        "brake": 0.0,
        "id": 314,
        "ego_matrix": [
            [
                -0.8291333913803101,
                -0.559002161026001,
                0.007380269933491945,
                -58.961082458496094
            ],
            [
                0.5590066313743591,
                -0.8291616439819336,
                -0.001632236409932375,
                127.28081512451172
            ],
            [
                0.007031859364360571,
                0.002772277919575572,
                0.9999714493751526,
                0.12887446582317352
            ],
            [
                0.0,
                0.0,
                0.0,
                1.0
            ]
        ]
    },
    {
        "class": "Car",
        "extent": [
            1.8779358863830566,
            3.866220712661743,
            1.9051965475082397
        ],
        "position": [
            -35.652430872491436,
            -24.516810426952258,
            -2.5238824123500816
        ],
        "yaw": -1.5628305456583607,
        "num_points": 10,
        "distance": 43.3421250408914,
        "speed": 6.10873832969201e-05,
        "brake": 1.0,
        "id": 342,
        "ego_matrix": [
            [
                -0.9999846816062927,
                0.005377775989472866,
                0.001281456439755857,
                -16.922224044799805
            ],
            [
                -0.005377651657909155,
                -0.9999855160713196,
                0.00010010330879595131,
                133.59555053710938
            ],
            [
                0.0012819762341678143,
                9.321055404143408e-05,
                0.9999991655349731,
                0.009572220034897327
            ],
            [
                0.0,
                0.0,
                0.0,
                1.0
            ]
        ]
    },
    {
        "class": "Car",
        "extent": [
            1.4750303030014038,
            3.805800199508667,
            1.97027587890625
        ],
        "position": [
            28.15777741539278,
            -39.664553340608784,
            -2.491294801833297
        ],
        "yaw": 1.5746281459092892,
        "num_points": 0,
        "distance": 48.70671176002794,
        "speed": 2.3835140255549763,
        "brake": 0.0,
        "id": 348,
        "ego_matrix": [
            [
                0.9999992251396179,
                -0.001243758830241859,
                -4.286231160222087e-06,
                -1.9396775960922241
            ],
            [
                0.001243758830241859,
                0.9999992251396179,
                -4.266391897544963e-06,
                69.74635314941406
            ],
            [
                4.291533969080774e-06,
                4.261057256371714e-06,
                1.0,
                0.04209136962890625
            ],
            [
                0.0,
                0.0,
                0.0,
                1.0
            ]
        ]
    },
    {
        "class": "Car",
        "extent": [
            1.6493593454360962,
            4.855708599090576,
            2.0327565670013428
        ],
        "position": [
            48.26848602428712,
            0.01109070346553942,
            -2.5430755551039974
        ],
        "yaw": -0.00042810314523022974,
        "num_points": 0,
        "distance": 48.33543316615122,
        "speed": 1.1309870627852186e-09,
        "brake": 1.0,
        "id": 366,
        "ego_matrix": [
            [
                -0.0030161533504724503,
                0.9999954700469971,
                -1.5630121197318658e-06,
                -41.667236328125
            ],
            [
                -0.9999954700469971,
                -0.0030161533504724503,
                1.1568066838663071e-05,
                49.73839569091797
            ],
            [
                1.156330017693108e-05,
                1.5978961300788797e-06,
                1.0,
                -0.00971096009016037
            ],
            [
                0.0,
                0.0,
                0.0,
                1.0
            ]
        ]
    },
    {
        "class": "Car",
        "extent": [
            1.3787471055984497,
            2.2072951793670654,
            1.4809197187423706
        ],
        "position": [
            -30.593196162897826,
            12.720470887784963,
            -2.530753968293062
        ],
        "yaw": 3.9316324404511405,
        "num_points": 1,
        "distance": 33.22888422316588,
        "speed": 5.331397902650178,
        "brake": 0.0,
        "id": 381,
        "ego_matrix": [
            [
                -0.708544909954071,
                -0.7055926322937012,
                0.010155662894248962,
                -54.1724739074707
            ],
            [
                0.7056409120559692,
                -0.7085673213005066,
                0.0018147625960409641,
                128.63270568847656
            ],
            [
                0.00591548765078187,
                0.008452092297375202,
                0.9999467730522156,
                0.002695236122235656
            ],
            [
                0.0,
                0.0,
                0.0,
                1.0
            ]
        ]
    },
    {
        "class": "Car",
        "extent": [
            1.0795789957046509,
            1.4872888326644897,
            0.8592574596405029
        ],
        "position": [
            -35.70829569123802,
            -20.113496675090214,
            -2.5310843729922303
        ],
        "yaw": -1.556867461661564,
        "num_points": 0,
        "distance": 41.061435895191956,
        "speed": 1.3562249632318209e-08,
        "brake": 1.0,
        "id": 382,
        "ego_matrix": [
            [
                -0.9999356865882874,
                0.011340525932610035,
                3.8275121028163994e-07,
                -21.32537841796875
            ],
            [
                -0.011340525932610035,
                -0.9999356865882874,
                -2.2131916921352968e-06,
                133.66281127929688
            ],
            [
                3.576278402306343e-07,
                -2.2173899196786806e-06,
                1.0,
                0.002370319329202175
            ],
            [
                0.0,
                0.0,
                0.0,
                1.0
            ]
        ]
    },
    {
        "class": "Car",
        "extent": [
            1.5470870733261108,
            3.705369472503662,
            1.7886788845062256
        ],
        "position": [
            35.99414309352412,
            3.449023800715536,
            -2.5414655321738535
        ],
        "yaw": 0.0031676969585947568,
        "num_points": 7,
        "distance": 36.24821580803972,
        "speed": 4.90618366260736,
        "brake": 0.0,
        "id": 384,
        "ego_matrix": [
            [
                0.0005796708865091205,
                0.9999992847442627,
                -0.0010602812981233,
                -45.07339096069336
            ],
            [
                -0.9999996423721313,
                0.0005802995874546468,
                0.0005926897283643484,
                62.0215950012207
            ],
            [
                0.0005933045758865774,
                0.0010599374072626233,
                0.9999992847442627,
                -0.008087768219411373
            ],
            [
                0.0,
                0.0,
                0.0,
                1.0
            ]
        ]
    },
    {
        "class": "Car",
        "extent": [
            1.5470870733261108,
            3.705369472503662,
            1.7886788845062256
        ],
        "position": [
            -15.041543604497697,
            10.516480212453123,
            -2.5399931117495926
        ],
        "yaw": 3.1433500735931363,
        "num_points": 35,
        "distance": 18.52824749059282,
        "speed": 4.855884331149304,
        "brake": 0.0,
        "id": 390,
        "ego_matrix": [
            [
                0.0008306050440296531,
                -0.9999861121177673,
                0.00520063703879714,
                -52.00873947143555
            ],
            [
                0.9999979138374329,
                0.0008208514773286879,
                -0.0018773101037368178,
                113.07540130615234
            ],
            [
                0.0018730151932686567,
                0.005202185828238726,
                0.9999847412109375,
                -0.006560592446476221
            ],
            [
                0.0,
                0.0,
                0.0,
                1.0
            ]
        ]
    },
    {
        "class": "Car",
        "extent": [
            1.5542958974838257,
            4.974244117736816,
            2.0384013652801514
        ],
        "position": [
            25.83115920627726,
            7.008175232622964,
            -2.5572700080520674
        ],
        "yaw": 3.1413328622254557,
        "num_points": 5,
        "distance": 26.886854333024438,
        "speed": 4.655451296827634,
        "brake": 0.0,
        "id": 392,
        "ego_matrix": [
            [
                0.0028478370513767004,
                -0.9999959468841553,
                -4.043854460178409e-06,
                -48.60622787475586
            ],
            [
                0.999987006187439,
                0.002847828669473529,
                -0.0042253658175468445,
                72.19375610351562
            ],
            [
                0.004225360229611397,
                7.989350706338882e-06,
                0.9999910593032837,
                -0.0238813403993845
            ],
            [
                0.0,
                0.0,
                0.0,
                1.0
            ]
        ]
    },
    {
        "class": "Car",
        "extent": [
            1.6672759056091309,
            4.611005783081055,
            2.241713285446167
        ],
        "position": [
            31.690539238551136,
            -22.682839781447157,
            -2.4593677920296413
        ],
        "yaw": -1.5650883736305299,
        "num_points": 1,
        "distance": 39.049327621835225,
        "speed": -2.0589658642751293e-08,
        "brake": 1.0,
        "id": 393,
        "ego_matrix": [
            [
                -0.9999951124191284,
                0.0031198530923575163,
                1.1444054507592227e-05,
                -18.930477142333984
            ],
            [
                -0.0031198530923575163,
                -0.9999951124191284,
                2.956192091119192e-08,
                66.25755310058594
            ],
            [
                1.1444090887380298e-05,
                -6.141990471775216e-09,
                1.0,
                0.0740145891904831
            ],
            [
                0.0,
                0.0,
                0.0,
                1.0
            ]
        ]
    },
    {
        "class": "Car",
        "extent": [
            1.6493593454360962,
            4.855708599090576,
            2.0327565670013428
        ],
        "position": [
            5.716015266096915,
            10.491757352037938,
            -2.543136582291588
        ],
        "yaw": 3.143400274179684,
        "num_points": 120,
        "distance": 12.215455232306525,
        "speed": 4.594494149548206,
        "brake": 0.0,
        "id": 407,
        "ego_matrix": [
            [
                0.0007804194465279579,
                -0.9999997019767761,
                -1.0362620059822802e-06,
                -52.03773880004883
            ],
            [
                0.9999997019767761,
                0.0007804195047356188,
                -8.296887972392142e-05,
                92.3178482055664
            ],
            [
                8.296965825138614e-05,
                -9.71511212810583e-07,
                1.0,
                -0.009726333431899548
            ],
            [
                0.0,
                0.0,
                0.0,
                1.0
            ]
        ]
    }
]