[
    {
        "class": "Car",
        "extent": [
            1.5107464790344238,
            4.901683330535889,
            2.128324270248413
        ],
        "position": [
            -1.3,
            0.0,
            -2.5
        ],
        "yaw": 0,
        "num_points": -1,
        "distance": -1,
        "speed": 2.1502256492886972e-09,
        "brake": 1.0,
        "id": 282,
        "ego_matrix": [
            [
                -0.0025880744215101004,
                0.9999966621398926,
                -2.776702423545885e-09,
                -41.52785873413086
            ],
            [
                -0.9999966621398926,
                -0.0025880744215101004,
                -1.0728799679782242e-06,
                99.30668640136719
            ],
            [
                -1.0728834922701935e-06,
                -0.0,
                1.0,
                0.033417776226997375
            ],
            [
                0.0,
                0.0,
                0.0,
                1.0
            ]
        ]
    },
    {
        "class": "Car",
        "extent": [
            1.5107464790344238,
            4.901683330535889,
            2.128324270248413
        ],
        "position": [
            -38.99711584162587,
            -15.965152832933178,
            -2.5000559306472057
        ],
        "yaw": 1.57820756757241,
        "num_points": 5,
        "distance": 42.212692742828736,
        "speed": 4.634408917767541,
        "brake": 0.0,
        "id": 285,
        "ego_matrix": [
            [
                0.9999883770942688,
                -0.0048231626860797405,
                -2.7307351047056727e-05,
                -25.46519660949707
            ],
            [
                0.004823162220418453,
                0.9999883770942688,
                -2.303515975654591e-05,
                136.9623565673828
            ],
            [
                2.7418134777690284e-05,
                2.290318298037164e-05,
                1.0,
                0.03340229019522667
            ],
            [
                0.0,
                0.0,
                0.0,
                1.0
            ]
        ]
    },
    {
        "class": "Car",
        "extent": [
            1.4750303030014038,
            3.805800199508667,
            1.97027587890625
        ],
        "position": [
            -17.699886196370855,
            7.017016043988429,
            -2.491343279059871
        ],
        "yaw": 3.152883125031184,
        "num_points": 19,
        "distance": 19.202376854446623,
        "speed": 4.928430372489059,
        "brake": 0.0,
        "id": 287,
        "ego_matrix": [
            [
                -0.008702331222593784,
                -0.9999621510505676,
                9.434702951693907e-05,
                -48.50240707397461
            ],
            [
                0.9999621510505676,
                -0.008702332153916359,
                -7.762323548377026e-06,
                115.72467803955078
            ],
            [
                8.583067938161548e-06,
                9.427589975530282e-05,
                1.0,
                0.04209209233522415
            ],
            [
                0.0,
                0.0,
                0.0,
                1.0
            ]
        ]
    },
    {
        "class": "Car",
        "extent": [
            1.8548461198806763,
            4.6045098304748535,
            1.9315931797027588
        ],
        "position": [
            23.420443893730635,
            10.503767825035268,
            -2.522673137532707
        ],
        "yaw": 3.141336856967091,
        "num_points": 8,
        "distance": 25.79166940041803,
        "speed": 4.840022419647999,
        "brake": 0.0,
        "id": 295,
        "ego_matrix": [
            [
                0.0028438090812414885,
                -0.9999959468841553,
                6.470364724009414e-07,
                -52.0955696105957
            ],
            [
                0.9999958276748657,
                0.002843808149918914,
                -0.0005216637509875,
                74.61351013183594
            ],
            [
                0.0005216597928665578,
                2.1305459085851908e-06,
                0.9999998807907104,
                0.010718116536736488
            ],
            [
                0.0,
                0.0,
                0.0,
                1.0
            ]
        ]
    },
    {
        "class": "Car",
        "extent": [
            1.5542958974838257,
            4.974244117736816,
            2.0384013652801514
        ],
        "position": [
            5.563079572865361,
            0.11359732192271821,
            -2.5573212017610873
        ],
        "yaw": -0.00024234765919728396,
        "num_points": 371,
        "distance": 6.123777462853841,
        "speed": 5.106766584160147e-09,
        "brake": 1.0,
        "id": 302,
        "ego_matrix": [
            [
                -0.0028304001316428185,
                0.9999960064888,
                3.6399042073753662e-06,
                -41.659217834472656
            ],
            [
                -0.9999867677688599,
                -0.002830389654263854,
                0.004296892322599888,
                92.44392395019531
            ],
            [
                0.004296885337680578,
                8.522067219018936e-06,
                0.9999907612800598,
                -0.02391078881919384
            ],
            [
                0.0,
                0.0,
                0.0,
                1.0
            ]
        ]
    },
    {
        "class": "Car",
        "extent": [
            1.8548461198806763,
            4.6045098304748535,
            1.9315931797027588
        ],
        "position": [
            -42.49948075123323,
            -16.603179600501363,
            -2.522743709198514
        ],
        "yaw": 1.5793616697568906,
        "num_points": 1,
        "distance": 45.697217341904405,
        "speed": 4.840019624715815,
        "brake": 0.0,
        "id": 304,
        "ego_matrix": [
            [
                0.9999819993972778,
                -0.005977299530059099,
                -0.0005271410918794572,
                -24.81810760498047
            ],
            [
                0.005977246444672346,
                0.9999821186065674,
                -0.0001016896276269108,
                140.4630584716797
            ],
            [
                0.0005277395248413086,
                9.853694791672751e-05,
                0.9999998807907104,
                0.010718269273638725
            ],
            [
                0.0,
                0.0,
                0.0,
                1.0
            ]
        ]
    },
    {
        "class": "Car",
        "extent": [
            1.6355280876159668,
            5.0267767906188965,
            2.1515462398529053
        ],
        "position": [
            -30.189447496148894,
            19.66568876517435,
            -2.404574335218999
        ],
        "yaw": 4.279903603580727,
        "num_points": 5,
        "distance": 36.10988829205969,
        "speed": 4.713495425357716,
        "brake": 0.0,
        "id": 314,
        "ego_matrix": [
            [
                -0.9068166613578796,
                -0.4214577078819275,
                0.007550674490630627,
                -61.11871337890625
            ],
            [
                0.4214666485786438,
                -0.9068437814712524,
                -0.0004410594701766968,
                128.24693298339844
            ],
            [
                0.007033170200884342,
                0.0027823974378407,
                0.9999713897705078,
                0.12887443602085114
            ],
            [
                0.0,
                0.0,
                0.0,
                1.0
            ]
        ]
    },
    {
        "class": "Car",
        "extent": [
            1.8779358863830566,
            3.866220712661743,
            1.9051965475082397
        ],
        "position": [
            -35.65243190449649,
            -24.517209061485925,
            -2.523597416467485
        ],
        "yaw": -1.5628305456583607,
        "num_points": 5,
        "distance": 43.34233478701589,
        "speed": -6.877343707524819e-06,
        "brake": 1.0,
        "id": 342,
        "ego_matrix": [
            [
                -0.9999854564666748,
                0.005377683788537979,
                0.000313877739245072,
                -16.921825408935547
            ],
            [
                -0.005377655848860741,
                -0.9999855160713196,
                8.957353566074744e-05,
                133.59555053710938
            ],
            [
                0.00031435489654541016,
                8.788430568529293e-05,
                0.9999999403953552,
                0.00985721591860056
            ],
            [
                0.0,
                0.0,
                0.0,
                1.0
            ]
        ]
    },
    {
        "class": "Car",
        "extent": [
            1.6493593454360962,
            4.855708599090576,
            2.0327565670013428
        ],
        "position": [
            48.26848602428712,
            0.01109070346553942,
            -2.5430755551039974
        ],
        "yaw": -0.00042810314523022974,
        "num_points": 0,
        "distance": 48.33543316615122,
        "speed": -4.741583324746091e-09,
        "brake": 1.0,
        "id": 366,
        "ego_matrix": [
            [
                -0.0030161533504724503,
                0.9999954700469971,
                -1.5630121197318658e-06,
                -41.667236328125
            ],
            [
                -0.9999954700469971,
                -0.0030161533504724503,
                1.1568066838663071e-05,
                49.73839569091797
            ],
            [
                1.156330017693108e-05,
                1.5978961300788797e-06,
                1.0,
                -0.00971096009016037
            ],
            [
                0.0,
                0.0,
                0.0,
                1.0
            ]
        ]
    },
    {
        "class": "Car",
        "extent": [
            1.3787471055984497,
            2.2072951793670654,
            1.4809197187423706
        ],
        "position": [
            -32.23118856926524,
            14.82462794058069,
            -2.5307635457509967
        ],
        "yaw": 4.09467968450128,
        "num_points": 4,
        "distance": 35.56717411165361,
        "speed": 5.336223282336798,
        "brake": 0.0,
        "id": 381,
        "ego_matrix": [
            [
                -0.8136916756629944,
                -0.5812034010887146,
                0.010416591539978981,
                -56.27238464355469
            ],
            [
                0.5812671184539795,
                -0.8137004375457764,
                0.004486321471631527,
                130.27613830566406
            ],
            [
                0.005868520122021437,
                0.00970530416816473,
                0.9999356865882874,
                0.0026874160394072533
            ],
            [
                0.0,
                0.0,
                0.0,
                1.0
            ]
        ]
    },
    {
        "class": "Car",
        "extent": [
            1.0795789957046509,
            1.4872888326644897,
            0.8592574596405029
        ],
        "position": [
            -35.70829569123802,
            -20.113496675090214,
            -2.5310843729922303
        ],
        "yaw": -1.556867461661564,
        "num_points": 1,
        "distance": 41.061435895191956,
        "speed": -2.8599784108564847e-08,
        "brake": 1.0,
        "id": 382,
        "ego_matrix": [
            [
                -0.9999356865882874,
                0.011340525932610035,
                3.8275121028163994e-07,
                -21.32537841796875
            ],
            [
                -0.011340525932610035,
                -0.9999356865882874,
                -2.2131916921352968e-06,
                133.66281127929688
            ],
            [
                3.576278402306343e-07,
                -2.2173899196786806e-06,
                1.0,
                0.002370319329202175
            ],
            [
                0.0,
                0.0,
                0.0,
                1.0
            ]
        ]
    },
    {
        "class": "Car",
        "extent": [
            1.5470870733261108,
            3.705369472503662,
            1.7886788845062256
        ],
        "position": [
            38.44777014121322,
            3.4437875054620015,
            -2.5414628615335326
        ],
        "yaw": 0.002106427264197963,
        "num_points": 1,
        "distance": 38.68526508492474,
        "speed": 4.908259850981178,
        "brake": 0.0,
        "id": 384,
        "ego_matrix": [
            [
                -0.00048164912732318044,
                0.9999993443489075,
                -0.0010591193567961454,
                -45.07450485229492
            ],
            [
                -0.9999997019767761,
                -0.0004810203972738236,
                0.0005938144749961793,
                59.567962646484375
            ],
            [
                0.0005933045758865774,
                0.0010594050399959087,
                0.9999992847442627,
                -0.008087730035185814
            ],
            [
                0.0,
                0.0,
                0.0,
                1.0
            ]
        ]
    },
    {
        "class": "Car",
        "extent": [
            1.5470870733261108,
            3.705369472503662,
            1.7886788845062256
        ],
        "position": [
            -17.486166630019888,
            10.54727846508353,
            -2.5399686884721926
        ],
        "yaw": 3.15905020716748,
        "num_points": 21,
        "distance": 20.578205640221768,
        "speed": 4.878150819845024,
        "brake": 0.0,
        "id": 390,
        "ego_matrix": [
            [
                -0.01486893929541111,
                -0.9998742341995239,
                0.005507894326001406,
                -52.03321075439453
            ],
            [
                0.9998888969421387,
                -0.014863001182675362,
                0.001117456005886197,
                115.52009582519531
            ],
            [
                -0.0010354516562074423,
                0.005523898173123598,
                0.9999842047691345,
                -0.0065335463732481
            ],
            [
                0.0,
                0.0,
                0.0,
                1.0
            ]
        ]
    },
    {
        "class": "Car",
        "extent": [
            1.5542958974838257,
            4.974244117736816,
            2.0384013652801514
        ],
        "position": [
            23.502743015552653,
            7.007758321791124,
            -2.557272543424397
        ],
        "yaw": 3.1413328622254557,
        "num_points": 11,
        "distance": 24.65820854833323,
        "speed": 4.65804905287412,
        "brake": 0.0,
        "id": 392,
        "ego_matrix": [
            [
                0.0028478370513767004,
                -0.9999959468841553,
                -4.043854460178409e-06,
                -48.59978485107422
            ],
            [
                0.999987006187439,
                0.002847828669473529,
                -0.0042253658175468445,
                74.52216339111328
            ],
            [
                0.004225360229611397,
                7.989350706338882e-06,
                0.9999910593032837,
                -0.023881377652287483
            ],
            [
                0.0,
                0.0,
                0.0,
                1.0
            ]
        ]
    },
    {
        "class": "Car",
        "extent": [
            1.6672759056091309,
            4.611005783081055,
            2.241713285446167
        ],
        "position": [
            31.690539238551136,
            -22.682839781447157,
            -2.4593677920296413
        ],
        "yaw": -1.5650883736305299,
        "num_points": 0,
        "distance": 39.049327621835225,
        "speed": 7.184157650634881e-09,
        "brake": 1.0,
        "id": 393,
        "ego_matrix": [
            [
                -0.9999951124191284,
                0.0031198530923575163,
                1.1444054507592227e-05,
                -18.930477142333984
            ],
            [
                -0.0031198530923575163,
                -0.9999951124191284,
                2.956192091119192e-08,
                66.25755310058594
            ],
            [
                1.1444090887380298e-05,
                -6.141990471775216e-09,
                1.0,
                0.0740145891904831
            ],
            [
                0.0,
                0.0,
                0.0,
                1.0
            ]
        ]
    },
    {
        "class": "Car",
        "extent": [
            1.6493593454360962,
            4.855708599090576,
            2.0327565670013428
        ],
        "position": [
            3.4180981479855967,
            10.495942156346132,
            -2.5431390858732867
        ],
        "yaw": 3.143400274179684,
        "num_points": 166,
        "distance": 11.327654351573536,
        "speed": 4.597105785487107,
        "brake": 0.0,
        "id": 407,
        "ego_matrix": [
            [
                0.0007804194465279579,
                -0.9999997019767761,
                -1.0362620059822802e-06,
                -52.03597640991211
            ],
            [
                0.9999997019767761,
                0.0007804195047356188,
                -8.296887972392142e-05,
                94.61576843261719
            ],
            [
                8.296965825138614e-05,
                -9.71511212810583e-07,
                1.0,
                -0.009726371616125107
            ],
            [
                0.0,
                0.0,
                0.0,
                1.0
            ]
        ]
    }
]