[
    {
        "class": "Car",
        "extent": [
            1.5107464790344238,
            4.901683330535889,
            2.128324270248413
        ],
        "position": [
            -1.3,
            0.0,
            -2.5
        ],
        "yaw": 0,
        "num_points": -1,
        "distance": -1,
        "speed": -1.4884009046314664e-09,
        "brake": 1.0,
        "id": 282,
        "ego_matrix": [
            [
                -0.0025880744215101004,
                0.9999966621398926,
                -2.776702423545885e-09,
                -41.52785873413086
            ],
            [
                -0.9999966621398926,
                -0.0025880744215101004,
                -1.0728799679782242e-06,
                99.30668640136719
            ],
            [
                -1.0728834922701935e-06,
                -0.0,
                1.0,
                0.033417776226997375
            ],
            [
                0.0,
                0.0,
                0.0,
                1.0
            ]
        ]
    },
    {
        "class": "Car",
        "extent": [
            1.5107464790344238,
            4.901683330535889,
            2.128324270248413
        ],
        "position": [
            -39.018007123822656,
            -18.282950944061476,
            -2.500055878555312
        ],
        "yaw": 1.5797160189443853,
        "num_points": 8,
        "distance": 43.161573819006335,
        "speed": 4.637054544148069,
        "brake": 0.0,
        "id": 285,
        "ego_matrix": [
            [
                0.9999799728393555,
                -0.006331590469926596,
                -2.7292806407785974e-05,
                -23.14735221862793
            ],
            [
                0.006331590004265308,
                0.9999799728393555,
                -1.9880597392329946e-05,
                136.9772491455078
            ],
            [
                2.7418134777690284e-05,
                1.9707391402334906e-05,
                1.0,
                0.03340236470103264
            ],
            [
                0.0,
                0.0,
                0.0,
                1.0
            ]
        ]
    },
    {
        "class": "Car",
        "extent": [
            1.4750303030014038,
            3.805800199508667,
            1.97027587890625
        ],
        "position": [
            -20.156037532848064,
            7.1921622447476175,
            -2.4913450723086266
        ],
        "yaw": 3.218593562293636,
        "num_points": 9,
        "distance": 21.545297562337577,
        "speed": 4.918454102463012,
        "brake": 0.0,
        "id": 287,
        "ego_matrix": [
            [
                -0.0743442103266716,
                -0.9972325563430786,
                0.0002530883066356182,
                -48.67119598388672
            ],
            [
                0.9972326159477234,
                -0.074344202876091,
                1.5401203199871816e-05,
                118.1812744140625
            ],
            [
                3.457069169598981e-06,
                0.00025353292585350573,
                0.9999999403953552,
                0.042092934250831604
            ],
            [
                0.0,
                0.0,
                0.0,
                1.0
            ]
        ]
    },
    {
        "class": "Car",
        "extent": [
            1.8548461198806763,
            4.6045098304748535,
            1.9315931797027588
        ],
        "position": [
            20.999856150091386,
            10.503146955468399,
            -2.522675772725702
        ],
        "yaw": 3.141336856967091,
        "num_points": 14,
        "distance": 23.615121158846367,
        "speed": 4.842223043820371,
        "brake": 0.0,
        "id": 295,
        "ego_matrix": [
            [
                0.0028438090812414885,
                -0.9999959468841553,
                6.470364724009414e-07,
                -52.08868408203125
            ],
            [
                0.9999958276748657,
                0.002843808149918914,
                -0.0005216637509875,
                77.03408813476562
            ],
            [
                0.0005216597928665578,
                2.1305459085851908e-06,
                0.9999998807907104,
                0.010718078352510929
            ],
            [
                0.0,
                0.0,
                0.0,
                1.0
            ]
        ]
    },
    {
        "class": "Car",
        "extent": [
            1.5542958974838257,
            4.974244117736816,
            2.0384013652801514
        ],
        "position": [
            5.563079572865361,
            0.11359732192271821,
            -2.5573212017610873
        ],
        "yaw": -0.00024234765919728396,
        "num_points": 356,
        "distance": 6.123777462853841,
        "speed": 2.8796707347098464e-08,
        "brake": 1.0,
        "id": 302,
        "ego_matrix": [
            [
                -0.0028304001316428185,
                0.9999960064888,
                3.6399042073753662e-06,
                -41.659217834472656
            ],
            [
                -0.9999867677688599,
                -0.002830389654263854,
                0.004296892322599888,
                92.44392395019531
            ],
            [
                0.004296885337680578,
                8.522067219018936e-06,
                0.9999907612800598,
                -0.02391078881919384
            ],
            [
                0.0,
                0.0,
                0.0,
                1.0
            ]
        ]
    },
    {
        "class": "Car",
        "extent": [
            1.8548461198806763,
            4.6045098304748535,
            1.9315931797027588
        ],
        "position": [
            -42.5235979380881,
            -19.023636562569415,
            -2.5227439259945745
        ],
        "yaw": 1.5807423408912584,
        "num_points": 0,
        "distance": 46.653181741238626,
        "speed": 4.842221892626601,
        "brake": 0.0,
        "id": 304,
        "ego_matrix": [
            [
                0.9999728202819824,
                -0.007357928901910782,
                -0.0005271452246233821,
                -22.39759635925293
            ],
            [
                0.007357886526733637,
                0.999972939491272,
                -8.271046681329608e-05,
                140.4809112548828
            ],
            [
                0.0005277395248413086,
                7.882954378146678e-05,
                0.9999998807907104,
                0.010718078352510929
            ],
            [
                0.0,
                0.0,
                0.0,
                1.0
            ]
        ]
    },
    {
        "class": "Car",
        "extent": [
            1.6355280876159668,
            5.0267767906188965,
            2.1515462398529053
        ],
        "position": [
            -30.8203271630237,
            21.946240782536535,
            -2.4045779476081703
        ],
        "yaw": 4.429209735354384,
        "num_points": 13,
        "distance": 37.91189847563704,
        "speed": 4.720809276254795,
        "brake": 0.0,
        "id": 314,
        "ego_matrix": [
            [
                -0.9594218730926514,
                -0.2818751931190491,
                0.007487229537218809,
                -63.39762496948242
            ],
            [
                0.28188663721084595,
                -0.9594475626945496,
                0.0004998561926186085,
                128.8837127685547
            ],
            [
                0.007042706944048405,
                0.0025901230983436108,
                0.999971866607666,
                0.12887150049209595
            ],
            [
                0.0,
                0.0,
                0.0,
                1.0
            ]
        ]
    },
    {
        "class": "Car",
        "extent": [
            1.6171096563339233,
            3.987684965133667,
            1.8508483171463013
        ],
        "position": [
            -32.347932909006396,
            -38.29028512347236,
            -2.4951823122955936
        ],
        "yaw": -1.5563731789632453,
        "num_points": 0,
        "distance": 50.1872556840278,
        "speed": 4.947153512818675,
        "brake": 0.0,
        "id": 322,
        "ego_matrix": [
            [
                -0.9999299645423889,
                0.011834734119474888,
                1.7378122720401734e-05,
                -3.1573479175567627
            ],
            [
                -0.011834734119474888,
                -0.9999299645423889,
                2.336357738386141e-06,
                130.2554168701172
            ],
            [
                1.7404556274414062e-05,
                2.130528628185857e-06,
                1.0,
                0.03826877474784851
            ],
            [
                0.0,
                0.0,
                0.0,
                1.0
            ]
        ]
    },
    {
        "class": "Car",
        "extent": [
            1.8779358863830566,
            3.866220712661743,
            1.9051965475082397
        ],
        "position": [
            -35.65243178599273,
            -24.517163285271533,
            -2.523626408539106
        ],
        "yaw": -1.5628305456583607,
        "num_points": 4,
        "distance": 43.34231048365336,
        "speed": 7.631869263984544e-07,
        "brake": 1.0,
        "id": 342,
        "ego_matrix": [
            [
                -0.9999854564666748,
                0.005377692636102438,
                0.00041067422716878355,
                -16.921871185302734
            ],
            [
                -0.005377655848860741,
                -0.9999855160713196,
                9.009407222038135e-05,
                133.59555053710938
            ],
            [
                0.0004111528105568141,
                8.788429840933532e-05,
                0.9999999403953552,
                0.00982822384685278
            ],
            [
                0.0,
                0.0,
                0.0,
                1.0
            ]
        ]
    },
    {
        "class": "Car",
        "extent": [
            1.6493593454360962,
            4.855708599090576,
            2.0327565670013428
        ],
        "position": [
            48.26848602428712,
            0.01109070346553942,
            -2.5430755551039974
        ],
        "yaw": -0.00042810314523022974,
        "num_points": 0,
        "distance": 48.33543316615122,
        "speed": -2.743525666404546e-09,
        "brake": 1.0,
        "id": 366,
        "ego_matrix": [
            [
                -0.0030161533504724503,
                0.9999954700469971,
                -1.5630121197318658e-06,
                -41.667236328125
            ],
            [
                -0.9999954700469971,
                -0.0030161533504724503,
                1.1568066838663071e-05,
                49.73839569091797
            ],
            [
                1.156330017693108e-05,
                1.5978961300788797e-06,
                1.0,
                -0.00971096009016037
            ],
            [
                0.0,
                0.0,
                0.0,
                1.0
            ]
        ]
    },
    {
        "class": "Car",
        "extent": [
            1.3787471055984497,
            2.2072951793670654,
            1.4809197187423706
        ],
        "position": [
            -33.48672544778287,
            17.17948210863355,
            -2.530766380583672
        ],
        "yaw": 4.268979050473113,
        "num_points": 0,
        "distance": 37.72134893146242,
        "speed": 5.3410889571560025,
        "brake": 0.0,
        "id": 381,
        "ego_matrix": [
            [
                -0.9021650552749634,
                -0.4312826097011566,
                0.009667560458183289,
                -58.62398147583008
            ],
            [
                0.4313511848449707,
                -0.9021596908569336,
                0.006639022380113602,
                131.5377655029297
            ],
            [
                0.005858387798070908,
                0.010159607976675034,
                0.9999312162399292,
                0.002685928251594305
            ],
            [
                0.0,
                0.0,
                0.0,
                1.0
            ]
        ]
    },
    {
        "class": "Car",
        "extent": [
            1.0795789957046509,
            1.4872888326644897,
            0.8592574596405029
        ],
        "position": [
            -35.70829569123802,
            -20.113496675090214,
            -2.5310843729922303
        ],
        "yaw": -1.556867461661564,
        "num_points": 0,
        "distance": 41.061435895191956,
        "speed": -2.1915904192406116e-08,
        "brake": 1.0,
        "id": 382,
        "ego_matrix": [
            [
                -0.9999356865882874,
                0.011340525932610035,
                3.8275121028163994e-07,
                -21.32537841796875
            ],
            [
                -0.011340525932610035,
                -0.9999356865882874,
                -2.2131916921352968e-06,
                133.66281127929688
            ],
            [
                3.576278402306343e-07,
                -2.2173899196786806e-06,
                1.0,
                0.002370319329202175
            ],
            [
                0.0,
                0.0,
                0.0,
                1.0
            ]
        ]
    },
    {
        "class": "Car",
        "extent": [
            1.5470870733261108,
            3.705369472503662,
            1.7886788845062256
        ],
        "position": [
            40.90243377832162,
            3.441108197895395,
            -2.5414602661495236
        ],
        "yaw": 0.0010737865515200173,
        "num_points": 0,
        "distance": 41.12553142397099,
        "speed": 4.910330339886628,
        "brake": 0.0,
        "id": 384,
        "ego_matrix": [
            [
                -0.0015142393531277776,
                0.9999983310699463,
                -0.0010627666488289833,
                -45.07817840576172
            ],
            [
                -0.9999986886978149,
                -0.0015136076835915446,
                0.0005949142505414784,
                57.11330032348633
            ],
            [
                0.0005933045758865774,
                0.0010636659571900964,
                0.9999992847442627,
                -0.008087768219411373
            ],
            [
                0.0,
                0.0,
                0.0,
                1.0
            ]
        ]
    },
    {
        "class": "Car",
        "extent": [
            1.5470870733261108,
            3.705369472503662,
            1.7886788845062256
        ],
        "position": [
            -19.918353763389423,
            10.784405089307123,
            -2.5415537872747063
        ],
        "yaw": 3.250887586304154,
        "num_points": 11,
        "distance": 22.7926239258979,
        "speed": 4.885280442560782,
        "brake": 0.0,
        "id": 390,
        "ego_matrix": [
            [
                -0.10650449991226196,
                -0.9942836761474609,
                0.007534896023571491,
                -52.264041900634766
            ],
            [
                0.9943121075630188,
                -0.10650534927845001,
                0.00028905580984428525,
                117.95288848876953
            ],
            [
                0.0005151032819412649,
                0.007522824220359325,
                0.9999715685844421,
                -0.008116035722196102
            ],
            [
                0.0,
                0.0,
                0.0,
                1.0
            ]
        ]
    },
    {
        "class": "Car",
        "extent": [
            1.5542958974838257,
            4.974244117736816,
            2.0384013652801514
        ],
        "position": [
            21.17302982221411,
            7.007340952999694,
            -2.5572749851933567
        ],
        "yaw": 3.1413328622254557,
        "num_points": 17,
        "distance": 22.448600723293435,
        "speed": 4.660636382504345,
        "brake": 0.0,
        "id": 392,
        "ego_matrix": [
            [
                0.0028478370513767004,
                -0.9999959468841553,
                -4.043854460178409e-06,
                -48.59333801269531
            ],
            [
                0.999987006187439,
                0.002847828669473529,
                -0.0042253658175468445,
                76.85186767578125
            ],
            [
                0.004225360229611397,
                7.989350706338882e-06,
                0.9999910593032837,
                -0.023881319910287857
            ],
            [
                0.0,
                0.0,
                0.0,
                1.0
            ]
        ]
    },
    {
        "class": "Car",
        "extent": [
            1.6672759056091309,
            4.611005783081055,
            2.241713285446167
        ],
        "position": [
            31.690539238551136,
            -22.682839781447157,
            -2.4593677920296413
        ],
        "yaw": -1.5650883736305299,
        "num_points": 0,
        "distance": 39.049327621835225,
        "speed": -1.5088678678847916e-09,
        "brake": 1.0,
        "id": 393,
        "ego_matrix": [
            [
                -0.9999951124191284,
                0.0031198530923575163,
                1.1444054507592227e-05,
                -18.930477142333984
            ],
            [
                -0.0031198530923575163,
                -0.9999951124191284,
                2.956192091119192e-08,
                66.25755310058594
            ],
            [
                1.1444090887380298e-05,
                -6.141990471775216e-09,
                1.0,
                0.0740145891904831
            ],
            [
                0.0,
                0.0,
                0.0,
                1.0
            ]
        ]
    },
    {
        "class": "Car",
        "extent": [
            1.6493593454360962,
            4.855708599090576,
            2.0327565670013428
        ],
        "position": [
            1.1188687981404708,
            10.500137986239215,
            -2.543141590862857
        ],
        "yaw": 3.143400274179684,
        "num_points": 216,
        "distance": 10.861506998050155,
        "speed": 4.5997098527931515,
        "brake": 0.0,
        "id": 407,
        "ego_matrix": [
            [
                0.0007804194465279579,
                -0.9999997019767761,
                -1.0362620059822802e-06,
                -52.03422164916992
            ],
            [
                0.9999997019767761,
                0.0007804195047356188,
                -8.296887972392142e-05,
                96.91500091552734
            ],
            [
                8.296965825138614e-05,
                -9.71511212810583e-07,
                1.0,
                -0.009726409800350666
            ],
            [
                0.0,
                0.0,
                0.0,
                1.0
            ]
        ]
    }
]