[
    {
        "class": "Car",
        "extent": [
            1.5107464790344238,
            4.901683330535889,
            2.128324270248413
        ],
        "position": [
            -1.3,
            0.0,
            -2.5
        ],
        "yaw": 0,
        "num_points": -1,
        "distance": -1,
        "speed": 6.04919491984055e-10,
        "brake": 1.0,
        "id": 282,
        "ego_matrix": [
            [
                -0.0025880744215101004,
                0.9999966621398926,
                -2.776702423545885e-09,
                -41.52785873413086
            ],
            [
                -0.9999966621398926,
                -0.0025880744215101004,
                -1.0728799679782242e-06,
                99.30668640136719
            ],
            [
                -1.0728834922701935e-06,
                -0.0,
                1.0,
                0.033417776226997375
            ],
            [
                0.0,
                0.0,
                0.0,
                1.0
            ]
        ]
    },
    {
        "class": "Car",
        "extent": [
            1.5107464790344238,
            4.901683330535889,
            2.128324270248413
        ],
        "position": [
            -39.04169410688588,
            -20.602036913757278,
            -2.5000559039686867
        ],
        "yaw": 1.5809393300276942,
        "num_points": 5,
        "distance": 44.214794845780226,
        "speed": 4.639691625343162,
        "brake": 0.0,
        "id": 285,
        "ego_matrix": [
            [
                0.9999714493751526,
                -0.007554871961474419,
                -2.730065716605168e-05,
                -20.82821273803711
            ],
            [
                0.007554871495813131,
                0.9999714493751526,
                -1.5653033187845722e-05,
                136.99493408203125
            ],
            [
                2.7418134777690284e-05,
                1.544633232697379e-05,
                1.0,
                0.03340236470103264
            ],
            [
                0.0,
                0.0,
                0.0,
                1.0
            ]
        ]
    },
    {
        "class": "Car",
        "extent": [
            1.4750303030014038,
            3.805800199508667,
            1.97027587890625
        ],
        "position": [
            -22.570878249714248,
            7.658111321206951,
            -2.4913470149509935
        ],
        "yaw": 3.335615523752807,
        "num_points": 8,
        "distance": 23.964515933361287,
        "speed": 4.9148130211926375,
        "brake": 0.0,
        "id": 287,
        "ego_matrix": [
            [
                -0.1902676671743393,
                -0.981732189655304,
                0.0002968950429931283,
                -49.13089370727539
            ],
            [
                0.9817322492599487,
                -0.1902676522731781,
                5.814780524815433e-05,
                120.5973129272461
            ],
            [
                -5.960463909104874e-07,
                0.0003025351034011692,
                0.9999999403953552,
                0.042093582451343536
            ],
            [
                0.0,
                0.0,
                0.0,
                1.0
            ]
        ]
    },
    {
        "class": "Car",
        "extent": [
            1.8548461198806763,
            4.6045098304748535,
            1.9315931797027588
        ],
        "position": [
            18.578162157810375,
            10.502532763674983,
            -2.522678409105573
        ],
        "yaw": 3.141336856967091,
        "num_points": 22,
        "distance": 21.489886225146268,
        "speed": 4.84442363858596,
        "brake": 0.0,
        "id": 295,
        "ego_matrix": [
            [
                0.0028438090812414885,
                -0.9999959468841553,
                6.470364724009414e-07,
                -52.08180236816406
            ],
            [
                0.9999958276748657,
                0.002843808149918914,
                -0.0005216637509875,
                79.45577239990234
            ],
            [
                0.0005216597928665578,
                2.1305459085851908e-06,
                0.9999998807907104,
                0.01071804016828537
            ],
            [
                0.0,
                0.0,
                0.0,
                1.0
            ]
        ]
    },
    {
        "class": "Car",
        "extent": [
            1.5542958974838257,
            4.974244117736816,
            2.0384013652801514
        ],
        "position": [
            5.563079572865361,
            0.11359732192271821,
            -2.5573212017610873
        ],
        "yaw": -0.00024234765919728396,
        "num_points": 374,
        "distance": 6.123777462853841,
        "speed": -1.5208265976020496e-08,
        "brake": 1.0,
        "id": 302,
        "ego_matrix": [
            [
                -0.0028304001316428185,
                0.9999960064888,
                3.6399042073753662e-06,
                -41.659217834472656
            ],
            [
                -0.9999867677688599,
                -0.002830389654263854,
                0.004296892322599888,
                92.44392395019531
            ],
            [
                0.004296885337680578,
                8.522067219018936e-06,
                0.9999907612800598,
                -0.02391078881919384
            ],
            [
                0.0,
                0.0,
                0.0,
                1.0
            ]
        ]
    },
    {
        "class": "Car",
        "extent": [
            1.8548461198806763,
            4.6045098304748535,
            1.9315931797027588
        ],
        "position": [
            -42.550311929086966,
            -21.445175903621667,
            -2.522744069208253
        ],
        "yaw": 1.5818000777360213,
        "num_points": 0,
        "distance": 47.715708654892694,
        "speed": 4.844419785709913,
        "brake": 0.0,
        "id": 304,
        "ego_matrix": [
            [
                0.9999644756317139,
                -0.008415620774030685,
                -0.0005272412090562284,
                -19.975996017456055
            ],
            [
                0.008415590040385723,
                0.9999645948410034,
                -6.143085920484737e-05,
                140.50135803222656
            ],
            [
                0.0005277395248413086,
                5.699163011740893e-05,
                0.9999998807907104,
                0.010717963799834251
            ],
            [
                0.0,
                0.0,
                0.0,
                1.0
            ]
        ]
    },
    {
        "class": "Car",
        "extent": [
            1.6355280876159668,
            5.0267767906188965,
            2.1515462398529053
        ],
        "position": [
            -31.11657098377115,
            24.295308681543997,
            -2.4045806794314055
        ],
        "yaw": 4.574056670198813,
        "num_points": 5,
        "distance": 39.55104324747289,
        "speed": 4.728894446563917,
        "brake": 0.0,
        "id": 314,
        "ego_matrix": [
            [
                -0.9900625348091125,
                -0.14043687283992767,
                0.007323944475501776,
                -65.74591827392578
            ],
            [
                0.1404508799314499,
                -0.9900866150856018,
                0.0014329667901620269,
                129.18603515625
            ],
            [
                0.007050097920000553,
                0.0024473813828080893,
                0.9999721646308899,
                0.12886908650398254
            ],
            [
                0.0,
                0.0,
                0.0,
                1.0
            ]
        ]
    },
    {
        "class": "Car",
        "extent": [
            1.6171096563339233,
            3.987684965133667,
            1.8508483171463013
        ],
        "position": [
            -32.312004584821445,
            -35.81645874891558,
            -2.4951823482544917
        ],
        "yaw": -1.5562536030303011,
        "num_points": 1,
        "distance": 48.302280407381744,
        "speed": 4.949128678317097,
        "brake": 0.0,
        "id": 322,
        "ego_matrix": [
            [
                -0.9999285340309143,
                0.0119544118642807,
                1.7403786841896363e-05,
                -5.631258964538574
            ],
            [
                -0.0119544118642807,
                -0.9999285340309143,
                1.6831121740779054e-07,
                130.22589111328125
            ],
            [
                1.7404556274414062e-05,
                -3.975286588797644e-08,
                1.0,
                0.03826870024204254
            ],
            [
                0.0,
                0.0,
                0.0,
                1.0
            ]
        ]
    },
    {
        "class": "Car",
        "extent": [
            1.8779358863830566,
            3.866220712661743,
            1.9051965475082397
        ],
        "position": [
            -35.652431795866846,
            -24.517167099956065,
            -2.52362511120677
        ],
        "yaw": -1.5628305456583607,
        "num_points": 6,
        "distance": 43.34231257406576,
        "speed": -8.523398531781017e-08,
        "brake": 1.0,
        "id": 342,
        "ego_matrix": [
            [
                -0.9999854564666748,
                0.005377692636102438,
                0.00041067422716878355,
                -16.92186737060547
            ],
            [
                -0.005377655848860741,
                -0.9999855160713196,
                9.009407222038135e-05,
                133.59555053710938
            ],
            [
                0.0004111528105568141,
                8.788429840933532e-05,
                0.9999999403953552,
                0.009829521179199219
            ],
            [
                0.0,
                0.0,
                0.0,
                1.0
            ]
        ]
    },
    {
        "class": "Car",
        "extent": [
            1.6493593454360962,
            4.855708599090576,
            2.0327565670013428
        ],
        "position": [
            48.26848602428712,
            0.01109070346553942,
            -2.5430755551039974
        ],
        "yaw": -0.00042810314523022974,
        "num_points": 0,
        "distance": 48.33543316615122,
        "speed": 1.7266652271749928e-09,
        "brake": 1.0,
        "id": 366,
        "ego_matrix": [
            [
                -0.0030161533504724503,
                0.9999954700469971,
                -1.5630121197318658e-06,
                -41.667236328125
            ],
            [
                -0.9999954700469971,
                -0.0030161533504724503,
                1.1568066838663071e-05,
                49.73839569091797
            ],
            [
                1.156330017693108e-05,
                1.5978961300788797e-06,
                1.0,
                -0.00971096009016037
            ],
            [
                0.0,
                0.0,
                0.0,
                1.0
            ]
        ]
    },
    {
        "class": "Car",
        "extent": [
            1.3787471055984497,
            2.2072951793670654,
            1.4809197187423706
        ],
        "position": [
            -34.30756070136835,
            19.720112953346156,
            -2.5307753865681146
        ],
        "yaw": 4.448924584272023,
        "num_points": 7,
        "distance": 39.65219288044564,
        "speed": 5.344628472027404,
        "brake": 0.0,
        "id": 381,
        "ego_matrix": [
            [
                -0.9648000597953796,
                -0.26285165548324585,
                0.008358849212527275,
                -61.162479400634766
            ],
            [
                0.2629203498363495,
                -0.9647793769836426,
                0.008579184301197529,
                132.36517333984375
            ],
            [
                0.005809393245726824,
                0.010474909096956253,
                0.9999282956123352,
                0.0026778029277920723
            ],
            [
                0.0,
                0.0,
                0.0,
                1.0
            ]
        ]
    },
    {
        "class": "Car",
        "extent": [
            1.0795789957046509,
            1.4872888326644897,
            0.8592574596405029
        ],
        "position": [
            -35.70829569123802,
            -20.113496675090214,
            -2.5310843729922303
        ],
        "yaw": -1.556867461661564,
        "num_points": 0,
        "distance": 41.061435895191956,
        "speed": -2.6539782939652008e-08,
        "brake": 1.0,
        "id": 382,
        "ego_matrix": [
            [
                -0.9999356865882874,
                0.011340525932610035,
                3.8275121028163994e-07,
                -21.32537841796875
            ],
            [
                -0.011340525932610035,
                -0.9999356865882874,
                -2.2131916921352968e-06,
                133.66281127929688
            ],
            [
                3.576278402306343e-07,
                -2.2173899196786806e-06,
                1.0,
                0.002370319329202175
            ],
            [
                0.0,
                0.0,
                0.0,
                1.0
            ]
        ]
    },
    {
        "class": "Car",
        "extent": [
            1.5470870733261108,
            3.705369472503662,
            1.7886788845062256
        ],
        "position": [
            43.358141219564025,
            3.4408256415199023,
            -2.5414576314614084
        ],
        "yaw": 9.640643146080485e-05,
        "num_points": 7,
        "distance": 43.56864351805678,
        "speed": 4.912398577698983,
        "brake": 0.0,
        "id": 384,
        "ego_matrix": [
            [
                -0.0024916341062635183,
                0.9999963045120239,
                -0.001063782605342567,
                -45.084251403808594
            ],
            [
                -0.9999967217445374,
                -0.0024910010397434235,
                0.0005959566333331168,
                54.65760040283203
            ],
            [
                0.0005933045758865774,
                0.0010652638738974929,
                0.9999992251396179,
                -0.008087768219411373
            ],
            [
                0.0,
                0.0,
                0.0,
                1.0
            ]
        ]
    },
    {
        "class": "Car",
        "extent": [
            1.5470870733261108,
            3.705369472503662,
            1.7886788845062256
        ],
        "position": [
            -22.275382219056187,
            11.40819457567586,
            -2.5413342999658433
        ],
        "yaw": 3.4114178768080596,
        "num_points": 11,
        "distance": 25.15547527886737,
        "speed": 4.864048781722364,
        "brake": 0.0,
        "id": 390,
        "ego_matrix": [
            [
                -0.2640676200389862,
                -0.9644575119018555,
                0.009487803094089031,
                -52.88172912597656
            ],
            [
                0.9645041823387146,
                -0.2640570104122162,
                0.002373927738517523,
                120.3115234375
            ],
            [
                0.00021576879953499883,
                0.00977790355682373,
                0.9999521970748901,
                -0.007894019596278667
            ],
            [
                0.0,
                0.0,
                0.0,
                1.0
            ]
        ]
    },
    {
        "class": "Car",
        "extent": [
            1.5542958974838257,
            4.974244117736816,
            2.0384013652801514
        ],
        "position": [
            18.842019646007273,
            7.00693075561774,
            -2.5572775252113757
        ],
        "yaw": 3.1413328622254557,
        "num_points": 23,
        "distance": 20.26470950434516,
        "speed": 4.66322511226514,
        "brake": 0.0,
        "id": 392,
        "ego_matrix": [
            [
                0.0028478370513767004,
                -0.9999959468841553,
                -4.043854460178409e-06,
                -48.58689498901367
            ],
            [
                0.999987006187439,
                0.002847828669473529,
                -0.0042253658175468445,
                79.18286895751953
            ],
            [
                0.004225360229611397,
                7.989350706338882e-06,
                0.9999910593032837,
                -0.02388135902583599
            ],
            [
                0.0,
                0.0,
                0.0,
                1.0
            ]
        ]
    },
    {
        "class": "Car",
        "extent": [
            1.6672759056091309,
            4.611005783081055,
            2.241713285446167
        ],
        "position": [
            31.690539238551136,
            -22.682839781447157,
            -2.4593677920296413
        ],
        "yaw": -1.5650883736305299,
        "num_points": 1,
        "distance": 39.049327621835225,
        "speed": 3.3373757549554576e-08,
        "brake": 1.0,
        "id": 393,
        "ego_matrix": [
            [
                -0.9999951124191284,
                0.0031198530923575163,
                1.1444054507592227e-05,
                -18.930477142333984
            ],
            [
                -0.0031198530923575163,
                -0.9999951124191284,
                2.956192091119192e-08,
                66.25755310058594
            ],
            [
                1.1444090887380298e-05,
                -6.141990471775216e-09,
                1.0,
                0.0740145891904831
            ],
            [
                0.0,
                0.0,
                0.0,
                1.0
            ]
        ]
    },
    {
        "class": "Car",
        "extent": [
            1.6493593454360962,
            4.855708599090576,
            2.0327565670013428
        ],
        "position": [
            -1.1816499052041096,
            10.504340967796333,
            -2.5431439826830773
        ],
        "yaw": 3.1433785694168,
        "num_points": 199,
        "distance": 10.872214906947454,
        "speed": 4.602314468496036,
        "brake": 0.0,
        "id": 407,
        "ego_matrix": [
            [
                0.0008021155372262001,
                -0.9999997019767761,
                -1.796736910364416e-06,
                -52.032470703125
            ],
            [
                0.9999997019767761,
                0.0008021156536415219,
                -8.296824671560898e-05,
                99.21552276611328
            ],
            [
                8.296965825138614e-05,
                -1.73018622717791e-06,
                1.0,
                -0.009726333431899548
            ],
            [
                0.0,
                0.0,
                0.0,
                1.0
            ]
        ]
    }
]