[
    {
        "class": "Car",
        "extent": [
            1.5107464790344238,
            4.901683330535889,
            2.128324270248413
        ],
        "position": [
            -1.3,
            0.0,
            -2.5
        ],
        "yaw": 0,
        "num_points": -1,
        "distance": -1,
        "speed": -1.310586072278085e-09,
        "brake": 1.0,
        "id": 282,
        "ego_matrix": [
            [
                -0.0025880744215101004,
                0.9999966621398926,
                -2.776702423545885e-09,
                -41.52785873413086
            ],
            [
                -0.9999966621398926,
                -0.0025880744215101004,
                -1.0728799679782242e-06,
                99.30668640136719
            ],
            [
                -1.0728834922701935e-06,
                -0.0,
                1.0,
                0.033417776226997375
            ],
            [
                0.0,
                0.0,
                0.0,
                1.0
            ]
        ]
    },
    {
        "class": "Car",
        "extent": [
            1.5107464790344238,
            4.901683330535889,
            2.128324270248413
        ],
        "position": [
            -39.0675512072339,
            -22.922421897858065,
            -2.5000560844472464
        ],
        "yaw": 1.5818794560611138,
        "num_points": 3,
        "distance": 45.364757945112274,
        "speed": 4.642330020283416,
        "brake": 0.0,
        "id": 285,
        "ego_matrix": [
            [
                0.9999639391899109,
                -0.0084949666634202,
                -2.733569999691099e-05,
                -18.507768630981445
            ],
            [
                0.0084949666634202,
                0.9999639391899109,
                -9.819950719247572e-06,
                137.01478576660156
            ],
            [
                2.7418134777690284e-05,
                9.58738019107841e-06,
                1.0,
                0.0334022119641304
            ],
            [
                0.0,
                0.0,
                0.0,
                1.0
            ]
        ]
    },
    {
        "class": "Car",
        "extent": [
            1.4750303030014038,
            3.805800199508667,
            1.97027587890625
        ],
        "position": [
            -24.894857247224007,
            8.461263049900571,
            -2.4913488228564136
        ],
        "yaw": 3.4760308253852896,
        "num_points": 0,
        "distance": 26.411242089618245,
        "speed": 4.909255918150663,
        "brake": 0.0,
        "id": 287,
        "ego_matrix": [
            [
                -0.32579272985458374,
                -0.9454411268234253,
                0.000323407439282164,
                -49.92802810668945
            ],
            [
                0.9454411864280701,
                -0.32579270005226135,
                0.00011434407497290522,
                122.9233627319336
            ],
            [
                -2.7418134322942933e-06,
                0.00034301518462598324,
                0.9999999403953552,
                0.04209426790475845
            ],
            [
                0.0,
                0.0,
                0.0,
                1.0
            ]
        ]
    },
    {
        "class": "Car",
        "extent": [
            1.8548461198806763,
            4.6045098304748535,
            1.9315931797027588
        ],
        "position": [
            16.15537715588025,
            10.501917580795075,
            -2.5226810084717446
        ],
        "yaw": 3.141336856967091,
        "num_points": 15,
        "distance": 19.433229360892494,
        "speed": 4.8466137565418865,
        "brake": 0.0,
        "id": 295,
        "ego_matrix": [
            [
                0.0028438090812414885,
                -0.9999959468841553,
                6.470364724009414e-07,
                -52.07491683959961
            ],
            [
                0.9999958276748657,
                0.002843808149918914,
                -0.0005216637509875,
                81.87854766845703
            ],
            [
                0.0005216597928665578,
                2.1305459085851908e-06,
                0.9999998807907104,
                0.01071804016828537
            ],
            [
                0.0,
                0.0,
                0.0,
                1.0
            ]
        ]
    },
    {
        "class": "Car",
        "extent": [
            1.5542958974838257,
            4.974244117736816,
            2.0384013652801514
        ],
        "position": [
            5.563079572865361,
            0.11359732192271821,
            -2.5573212017610873
        ],
        "yaw": -0.00024234765919728396,
        "num_points": 368,
        "distance": 6.123777462853841,
        "speed": 2.6656546135224144e-08,
        "brake": 1.0,
        "id": 302,
        "ego_matrix": [
            [
                -0.0028304001316428185,
                0.9999960064888,
                3.6399042073753662e-06,
                -41.659217834472656
            ],
            [
                -0.9999867677688599,
                -0.002830389654263854,
                0.004296892322599888,
                92.44392395019531
            ],
            [
                0.004296885337680578,
                8.522067219018936e-06,
                0.9999907612800598,
                -0.02391078881919384
            ],
            [
                0.0,
                0.0,
                0.0,
                1.0
            ]
        ]
    },
    {
        "class": "Car",
        "extent": [
            1.8548461198806763,
            4.6045098304748535,
            1.9315931797027588
        ],
        "position": [
            -42.57889028999051,
            -23.86779379719364,
            -2.522744099869506
        ],
        "yaw": 1.5825639181097373,
        "num_points": 0,
        "distance": 48.877374283668615,
        "speed": 4.8466131786757245,
        "brake": 0.0,
        "id": 304,
        "ego_matrix": [
            [
                0.9999577403068542,
                -0.009179424494504929,
                -0.0005273456918075681,
                -17.553312301635742
            ],
            [
                0.009179402142763138,
                0.9999578595161438,
                -4.532266757450998e-05,
                140.52366638183594
            ],
            [
                0.0005277395248413086,
                4.048003756906837e-05,
                0.9999998807907104,
                0.010717963799834251
            ],
            [
                0.0,
                0.0,
                0.0,
                1.0
            ]
        ]
    },
    {
        "class": "Car",
        "extent": [
            1.6355280876159668,
            5.0267767906188965,
            2.1515462398529053
        ],
        "position": [
            -31.090096236621836,
            26.665678120710794,
            -2.4045703394235387
        ],
        "yaw": 4.711001207140649,
        "num_points": 3,
        "distance": 41.029677456165764,
        "speed": 4.734094483195167,
        "brake": 0.0,
        "id": 314,
        "ego_matrix": [
            [
                -0.9999672174453735,
                -0.003959572874009609,
                0.0070620086044073105,
                -68.11634826660156
            ],
            [
                0.003975671716034412,
                -0.9999895095825195,
                0.0022670512553304434,
                129.1656951904297
            ],
            [
                0.007052958477288485,
                0.002295053331181407,
                0.9999725222587585,
                0.1288793981075287
            ],
            [
                0.0,
                0.0,
                0.0,
                1.0
            ]
        ]
    },
    {
        "class": "Car",
        "extent": [
            1.6171096563339233,
            3.987684965133667,
            1.8508483171463013
        ],
        "position": [
            -32.27601267296877,
            -33.34164619795285,
            -2.4951823096393615
        ],
        "yaw": -1.5562394882765238,
        "num_points": 0,
        "distance": 46.47184416411125,
        "speed": 4.951099633771034,
        "brake": 0.0,
        "id": 322,
        "ego_matrix": [
            [
                -0.99992835521698,
                0.011968477629125118,
                1.7407830455340445e-05,
                -8.106156349182129
            ],
            [
                -0.011968477629125118,
                -0.99992835521698,
                -1.6945305958415702e-07,
                130.19630432128906
            ],
            [
                1.7404556274414062e-05,
                -3.777861650178238e-07,
                1.0,
                0.03826870024204254
            ],
            [
                0.0,
                0.0,
                0.0,
                1.0
            ]
        ]
    },
    {
        "class": "Car",
        "extent": [
            1.8779358863830566,
            3.866220712661743,
            1.9051965475082397
        ],
        "position": [
            -35.652431795866846,
            -24.517167099956065,
            -2.52362511120677
        ],
        "yaw": -1.5628305456583607,
        "num_points": 9,
        "distance": 43.34231257406576,
        "speed": 3.0424071693905736e-10,
        "brake": 1.0,
        "id": 342,
        "ego_matrix": [
            [
                -0.9999854564666748,
                0.005377692636102438,
                0.00041067422716878355,
                -16.92186737060547
            ],
            [
                -0.005377655848860741,
                -0.9999855160713196,
                9.009407222038135e-05,
                133.59555053710938
            ],
            [
                0.0004111528105568141,
                8.788429840933532e-05,
                0.9999999403953552,
                0.009829521179199219
            ],
            [
                0.0,
                0.0,
                0.0,
                1.0
            ]
        ]
    },
    {
        "class": "Car",
        "extent": [
            1.6493593454360962,
            4.855708599090576,
            2.0327565670013428
        ],
        "position": [
            48.26848602428712,
            0.01109070346553942,
            -2.5430755551039974
        ],
        "yaw": -0.00042810314523022974,
        "num_points": 0,
        "distance": 48.33543316615122,
        "speed": -5.8103923073269e-10,
        "brake": 1.0,
        "id": 366,
        "ego_matrix": [
            [
                -0.0030161533504724503,
                0.9999954700469971,
                -1.5630121197318658e-06,
                -41.667236328125
            ],
            [
                -0.9999954700469971,
                -0.0030161533504724503,
                1.1568066838663071e-05,
                49.73839569091797
            ],
            [
                1.156330017693108e-05,
                1.5978961300788797e-06,
                1.0,
                -0.00971096009016037
            ],
            [
                0.0,
                0.0,
                0.0,
                1.0
            ]
        ]
    },
    {
        "class": "Car",
        "extent": [
            1.3787471055984497,
            2.2072951793670654,
            1.4809197187423706
        ],
        "position": [
            -34.69321585314292,
            22.36608607425687,
            -2.5307653480979275
        ],
        "yaw": 4.609617860234641,
        "num_points": 3,
        "distance": 41.3553600608309,
        "speed": 5.352462001824247,
        "brake": 0.0,
        "id": 381,
        "ego_matrix": [
            [
                -0.9944377541542053,
                -0.10510863363742828,
                0.006770465988665819,
                -63.80744552612305
            ],
            [
                0.1051625981926918,
                -0.9944214820861816,
                0.008178647607564926,
                132.75767517089844
            ],
            [
                0.005873049609363079,
                0.008845154196023941,
                0.9999436736106873,
                0.002688255161046982
            ],
            [
                0.0,
                0.0,
                0.0,
                1.0
            ]
        ]
    },
    {
        "class": "Car",
        "extent": [
            1.0795789957046509,
            1.4872888326644897,
            0.8592574596405029
        ],
        "position": [
            -35.70829569123802,
            -20.113496675090214,
            -2.5310843729922303
        ],
        "yaw": -1.556867461661564,
        "num_points": 1,
        "distance": 41.061435895191956,
        "speed": -3.168496073395855e-08,
        "brake": 1.0,
        "id": 382,
        "ego_matrix": [
            [
                -0.9999356865882874,
                0.011340525932610035,
                3.8275121028163994e-07,
                -21.32537841796875
            ],
            [
                -0.011340525932610035,
                -0.9999356865882874,
                -2.2131916921352968e-06,
                133.66281127929688
            ],
            [
                3.576278402306343e-07,
                -2.2173899196786806e-06,
                1.0,
                0.002370319329202175
            ],
            [
                0.0,
                0.0,
                0.0,
                1.0
            ]
        ]
    },
    {
        "class": "Car",
        "extent": [
            1.5470870733261108,
            3.705369472503662,
            1.7886788845062256
        ],
        "position": [
            45.814872631318366,
            3.4426461549901077,
            -2.5414550338589175
        ],
        "yaw": -0.0007483482663122043,
        "num_points": 0,
        "distance": 46.014273442721226,
        "speed": 4.914462060263853,
        "brake": 0.0,
        "id": 384,
        "ego_matrix": [
            [
                -0.003336347173899412,
                0.9999938607215881,
                -0.001071800827048719,
                -45.092430114746094
            ],
            [
                -0.9999942779541016,
                -0.0033357087522745132,
                0.000596883415710181,
                52.20088195800781
            ],
            [
                0.0005933045758865774,
                0.0010737860575318336,
                0.9999992251396179,
                -0.008087806403636932
            ],
            [
                0.0,
                0.0,
                0.0,
                1.0
            ]
        ]
    },
    {
        "class": "Car",
        "extent": [
            1.5470870733261108,
            3.705369472503662,
            1.7886788845062256
        ],
        "position": [
            -24.46835720413679,
            12.467519805290497,
            -2.5413142991681927
        ],
        "yaw": 3.6018207121013295,
        "num_points": 9,
        "distance": 27.578938208924946,
        "speed": 4.86234242818777,
        "brake": 0.0,
        "id": 390,
        "ego_matrix": [
            [
                -0.4418322741985321,
                -0.8970516920089722,
                0.009083260782063007,
                -53.93537521362305
            ],
            [
                0.897097647190094,
                -0.4418114721775055,
                0.0042891912162303925,
                122.50723266601562
            ],
            [
                0.00016546247934456915,
                0.01004367507994175,
                0.99994957447052,
                -0.007871665991842747
            ],
            [
                0.0,
                0.0,
                0.0,
                1.0
            ]
        ]
    },
    {
        "class": "Car",
        "extent": [
            1.5542958974838257,
            4.974244117736816,
            2.0384013652801514
        ],
        "position": [
            16.509712467186475,
            7.0065201002761945,
            -2.557279951136928
        ],
        "yaw": 3.1413328622254557,
        "num_points": 32,
        "distance": 18.116335457625908,
        "speed": 4.665811467540425,
        "brake": 0.0,
        "id": 392,
        "ego_matrix": [
            [
                0.0028478370513767004,
                -0.9999959468841553,
                -4.043854460178409e-06,
                -48.580448150634766
            ],
            [
                0.999987006187439,
                0.002847828669473529,
                -0.0042253658175468445,
                81.51516723632812
            ],
            [
                0.004225360229611397,
                7.989350706338882e-06,
                0.9999910593032837,
                -0.023881282657384872
            ],
            [
                0.0,
                0.0,
                0.0,
                1.0
            ]
        ]
    },
    {
        "class": "Car",
        "extent": [
            1.6672759056091309,
            4.611005783081055,
            2.241713285446167
        ],
        "position": [
            31.690539238551136,
            -22.682839781447157,
            -2.4593677920296413
        ],
        "yaw": -1.5650883736305299,
        "num_points": 1,
        "distance": 39.049327621835225,
        "speed": 3.377312077707606e-08,
        "brake": 1.0,
        "id": 393,
        "ego_matrix": [
            [
                -0.9999951124191284,
                0.0031198530923575163,
                1.1444054507592227e-05,
                -18.930477142333984
            ],
            [
                -0.0031198530923575163,
                -0.9999951124191284,
                2.956192091119192e-08,
                66.25755310058594
            ],
            [
                1.1444090887380298e-05,
                -6.141990471775216e-09,
                1.0,
                0.0740145891904831
            ],
            [
                0.0,
                0.0,
                0.0,
                1.0
            ]
        ]
    },
    {
        "class": "Car",
        "extent": [
            1.6493593454360962,
            4.855708599090576,
            2.0327565670013428
        ],
        "position": [
            -3.483488825069334,
            10.508417666040604,
            -2.543146528656638
        ],
        "yaw": 3.143330765675233,
        "num_points": 163,
        "distance": 11.359099018168452,
        "speed": 4.604913472066765,
        "brake": 0.0,
        "id": 407,
        "ego_matrix": [
            [
                0.0008499184041284025,
                -0.9999996423721313,
                -2.8257977646717336e-06,
                -52.03059005737305
            ],
            [
                0.9999996423721313,
                0.0008499186369590461,
                -8.296728628920391e-05,
                101.51736450195312
            ],
            [
                8.296965825138614e-05,
                -2.755281229838147e-06,
                1.0,
                -0.009726409800350666
            ],
            [
                0.0,
                0.0,
                0.0,
                1.0
            ]
        ]
    }
]