[
    {
        "class": "Car",
        "extent": [
            1.5107464790344238,
            4.901683330535889,
            2.128324270248413
        ],
        "position": [
            -1.3,
            0.0,
            -2.5
        ],
        "yaw": 0,
        "num_points": -1,
        "distance": -1,
        "speed": 1.195600612493889e-09,
        "brake": 1.0,
        "id": 282,
        "ego_matrix": [
            [
                -0.0025880744215101004,
                0.9999966621398926,
                -2.776702423545885e-09,
                -41.52785873413086
            ],
            [
                -0.9999966621398926,
                -0.0025880744215101004,
                -1.0728799679782242e-06,
                99.30668640136719
            ],
            [
                -1.0728834922701935e-06,
                -0.0,
                1.0,
                0.033417776226997375
            ],
            [
                0.0,
                0.0,
                0.0,
                1.0
            ]
        ]
    },
    {
        "class": "Car",
        "extent": [
            1.5107464790344238,
            4.901683330535889,
            2.128324270248413
        ],
        "position": [
            -39.09493754305662,
            -25.24410183295407,
            -2.500055961092693
        ],
        "yaw": 1.5825559192637912,
        "num_points": 0,
        "distance": 46.603960117748024,
        "speed": 4.644953614937278,
        "brake": 0.0,
        "id": 285,
        "ego_matrix": [
            [
                0.9999579191207886,
                -0.00917140394449234,
                -2.734859117481392e-05,
                -16.186025619506836
            ],
            [
                0.00917140394449234,
                0.9999579191207886,
                -7.70800033933483e-06,
                137.03616333007812
            ],
            [
                2.7418134777690284e-05,
                7.456851108145202e-06,
                1.0,
                0.03340236470103264
            ],
            [
                0.0,
                0.0,
                0.0,
                1.0
            ]
        ]
    },
    {
        "class": "Car",
        "extent": [
            1.4750303030014038,
            3.805800199508667,
            1.97027587890625
        ],
        "position": [
            -27.0715821442277,
            9.605854584548759,
            -2.491350968238941
        ],
        "yaw": 3.6269214048494898,
        "num_points": 3,
        "distance": 28.83313773660629,
        "speed": 4.908273719676903,
        "brake": 0.0,
        "id": 287,
        "ego_matrix": [
            [
                -0.46420830488204956,
                -0.8857259750366211,
                0.0003233051102142781,
                -51.06698226928711
            ],
            [
                0.8857260346412659,
                -0.4642082750797272,
                0.00017482752446085215,
                125.10304260253906
            ],
            [
                -4.768371127283899e-06,
                0.00036751615698449314,
                0.9999999403953552,
                0.042094457894563675
            ],
            [
                0.0,
                0.0,
                0.0,
                1.0
            ]
        ]
    },
    {
        "class": "Car",
        "extent": [
            1.8548461198806763,
            4.6045098304748535,
            1.9315931797027588
        ],
        "position": [
            13.73148589543564,
            10.501305261004088,
            -2.522683609024803
        ],
        "yaw": 3.141336856967091,
        "num_points": 38,
        "distance": 17.469832559946944,
        "speed": 4.848801007199758,
        "brake": 0.0,
        "id": 295,
        "ego_matrix": [
            [
                0.0028438090812414885,
                -0.9999959468841553,
                6.470364724009414e-07,
                -52.068031311035156
            ],
            [
                0.9999958276748657,
                0.002843808149918914,
                -0.0005216637509875,
                84.30242919921875
            ],
            [
                0.0005216597928665578,
                2.1305459085851908e-06,
                0.9999998807907104,
                0.01071804016828537
            ],
            [
                0.0,
                0.0,
                0.0,
                1.0
            ]
        ]
    },
    {
        "class": "Car",
        "extent": [
            1.5542958974838257,
            4.974244117736816,
            2.0384013652801514
        ],
        "position": [
            5.563079572865361,
            0.11359732192271821,
            -2.5573212017610873
        ],
        "yaw": -0.00024234765919728396,
        "num_points": 380,
        "distance": 6.123777462853841,
        "speed": 1.7101047568343028e-08,
        "brake": 1.0,
        "id": 302,
        "ego_matrix": [
            [
                -0.0028304001316428185,
                0.9999960064888,
                3.6399042073753662e-06,
                -41.659217834472656
            ],
            [
                -0.9999867677688599,
                -0.002830389654263854,
                0.004296892322599888,
                92.44392395019531
            ],
            [
                0.004296885337680578,
                8.522067219018936e-06,
                0.9999907612800598,
                -0.02391078881919384
            ],
            [
                0.0,
                0.0,
                0.0,
                1.0
            ]
        ]
    },
    {
        "class": "Car",
        "extent": [
            1.8548461198806763,
            4.6045098304748535,
            1.9315931797027588
        ],
        "position": [
            -42.608676850631795,
            -26.291474775312853,
            -2.522744093642791
        ],
        "yaw": 1.5830663276105699,
        "num_points": 0,
        "distance": 50.13088096756816,
        "speed": 4.8488000570724665,
        "brake": 0.0,
        "id": 304,
        "ego_matrix": [
            [
                0.999953031539917,
                -0.009681803174316883,
                -0.0005274672876112163,
                -15.129562377929688
            ],
            [
                0.009681789204478264,
                0.9999531507492065,
                -3.0674611480208114e-05,
                140.54718017578125
            ],
            [
                0.0005277395248413086,
                2.5566339900251478e-05,
                0.9999998807907104,
                0.01071800198405981
            ],
            [
                0.0,
                0.0,
                0.0,
                1.0
            ]
        ]
    },
    {
        "class": "Car",
        "extent": [
            1.6355280876159668,
            5.0267767906188965,
            2.1515462398529053
        ],
        "position": [
            -30.793990161813145,
            29.021303969076335,
            -2.404588037240086
        ],
        "yaw": -1.4569264828019426,
        "num_points": 6,
        "distance": 42.38263745663086,
        "speed": 4.744139568837832,
        "brake": 0.0,
        "id": 314,
        "ego_matrix": [
            [
                -0.993789792060852,
                0.11106520146131516,
                0.006819119676947594,
                -70.47273254394531
            ],
            [
                -0.11104947328567505,
                -0.9938113689422607,
                0.002645309315994382,
                128.8756866455078
            ],
            [
                0.007070720195770264,
                0.0018716215854510665,
                0.9999732971191406,
                0.12886138260364532
            ],
            [
                0.0,
                0.0,
                0.0,
                1.0
            ]
        ]
    },
    {
        "class": "Car",
        "extent": [
            1.6171096563339233,
            3.987684965133667,
            1.8508483171463013
        ],
        "position": [
            -32.24000295521618,
            -30.865849497871558,
            -2.495182196499322
        ],
        "yaw": -1.5562474777597939,
        "num_points": 2,
        "distance": 44.70284543484154,
        "speed": 4.953065576305766,
        "brake": 0.0,
        "id": 322,
        "ego_matrix": [
            [
                -0.9999284744262695,
                0.011960610747337341,
                1.7408752682968043e-05,
                -10.582037925720215
            ],
            [
                -0.011960610747337341,
                -0.9999284744262695,
                -2.466913144871796e-07,
                130.1667022705078
            ],
            [
                1.7404556274414062e-05,
                -4.548929837255855e-07,
                1.0,
                0.03826877474784851
            ],
            [
                0.0,
                0.0,
                0.0,
                1.0
            ]
        ]
    },
    {
        "class": "Car",
        "extent": [
            1.1256572008132935,
            1.8354405164718628,
            0.3289288878440857
        ],
        "position": [
            31.66350316821961,
            -36.590084112576676,
            -2.5468498170808127
        ],
        "yaw": -1.5657416470459262,
        "num_points": 0,
        "distance": 48.455114613836734,
        "speed": 4.0818756868865,
        "brake": 0.0,
        "id": 326,
        "ego_matrix": [
            [
                -0.9999896883964539,
                0.002466574776917696,
                0.003813493065536022,
                -5.023209571838379
            ],
            [
                -0.002466570818796754,
                -0.9999969601631165,
                5.762801265518647e-06,
                66.24859619140625
            ],
            [
                0.0038134956266731024,
                -3.643508307504817e-06,
                0.9999927282333374,
                -0.01346740685403347
            ],
            [
                0.0,
                0.0,
                0.0,
                1.0
            ]
        ]
    },
    {
        "class": "Car",
        "extent": [
            1.8779358863830566,
            3.866220712661743,
            1.9051965475082397
        ],
        "position": [
            -35.652431795866846,
            -24.517167099956065,
            -2.52362511120677
        ],
        "yaw": -1.5628305456583607,
        "num_points": 5,
        "distance": 43.34231257406576,
        "speed": 4.788452370808037e-10,
        "brake": 1.0,
        "id": 342,
        "ego_matrix": [
            [
                -0.9999854564666748,
                0.005377692636102438,
                0.00041067422716878355,
                -16.92186737060547
            ],
            [
                -0.005377655848860741,
                -0.9999855160713196,
                9.009407222038135e-05,
                133.59555053710938
            ],
            [
                0.0004111528105568141,
                8.788429840933532e-05,
                0.9999999403953552,
                0.009829521179199219
            ],
            [
                0.0,
                0.0,
                0.0,
                1.0
            ]
        ]
    },
    {
        "class": "Car",
        "extent": [
            1.6493593454360962,
            4.855708599090576,
            2.0327565670013428
        ],
        "position": [
            48.26848602428712,
            0.01109070346553942,
            -2.5430755551039974
        ],
        "yaw": -0.00042810314523022974,
        "num_points": 0,
        "distance": 48.33543316615122,
        "speed": -4.594021539105846e-09,
        "brake": 1.0,
        "id": 366,
        "ego_matrix": [
            [
                -0.0030161533504724503,
                0.9999954700469971,
                -1.5630121197318658e-06,
                -41.667236328125
            ],
            [
                -0.9999954700469971,
                -0.0030161533504724503,
                1.1568066838663071e-05,
                49.73839569091797
            ],
            [
                1.156330017693108e-05,
                1.5978961300788797e-06,
                1.0,
                -0.00971096009016037
            ],
            [
                0.0,
                0.0,
                0.0,
                1.0
            ]
        ]
    },
    {
        "class": "Car",
        "extent": [
            1.3787471055984497,
            2.2072951793670654,
            1.4809197187423706
        ],
        "position": [
            -34.72632283894238,
            25.044597963958992,
            -2.530760958438655
        ],
        "yaw": -1.5508950566009525,
        "num_points": 7,
        "distance": 42.89002373652348,
        "speed": 5.360165035738711,
        "brake": 0.0,
        "id": 381,
        "ego_matrix": [
            [
                -0.9998327493667603,
                0.017350316047668457,
                0.00578642962500453,
                -66.4858627319336
            ],
            [
                -0.01731198839843273,
                -0.9998283386230469,
                0.006609353236854076,
                132.79771423339844
            ],
            [
                0.005900110118091106,
                0.006508072838187218,
                0.9999614357948303,
                0.0026926803402602673
            ],
            [
                0.0,
                0.0,
                0.0,
                1.0
            ]
        ]
    },
    {
        "class": "Car",
        "extent": [
            1.0795789957046509,
            1.4872888326644897,
            0.8592574596405029
        ],
        "position": [
            -35.70829569123802,
            -20.113496675090214,
            -2.5310843729922303
        ],
        "yaw": -1.556867461661564,
        "num_points": 1,
        "distance": 41.061435895191956,
        "speed": -2.6484238727203207e-08,
        "brake": 1.0,
        "id": 382,
        "ego_matrix": [
            [
                -0.9999356865882874,
                0.011340525932610035,
                3.8275121028163994e-07,
                -21.32537841796875
            ],
            [
                -0.011340525932610035,
                -0.9999356865882874,
                -2.2131916921352968e-06,
                133.66281127929688
            ],
            [
                3.576278402306343e-07,
                -2.2173899196786806e-06,
                1.0,
                0.002370319329202175
            ],
            [
                0.0,
                0.0,
                0.0,
                1.0
            ]
        ]
    },
    {
        "class": "Car",
        "extent": [
            1.5470870733261108,
            3.705369472503662,
            1.7886788845062256
        ],
        "position": [
            48.250577822722164,
            3.446119449587184,
            -2.540341771894528
        ],
        "yaw": -0.0014263890798462686,
        "num_points": 0,
        "distance": 48.44014178143395,
        "speed": 4.426581789521348,
        "brake": 1.0,
        "id": 384,
        "ego_matrix": [
            [
                -0.004014400765299797,
                0.9999913573265076,
                -0.0010913981823250651,
                -45.10220718383789
            ],
            [
                -0.9999906420707703,
                -0.004016142804175615,
                -0.001598756411112845,
                49.765193939208984
            ],
            [
                -0.0016031258273869753,
                0.0010849699610844254,
                0.9999980926513672,
                -0.0069771576672792435
            ],
            [
                0.0,
                0.0,
                0.0,
                1.0
            ]
        ]
    },
    {
        "class": "Car",
        "extent": [
            1.5470870733261108,
            3.705369472503662,
            1.7886788845062256
        ],
        "position": [
            -26.404726431598533,
            13.944612652307828,
            -2.5413410958306573
        ],
        "yaw": 3.80241866067964,
        "num_points": 1,
        "distance": 29.968653865594625,
        "speed": 4.877195487490063,
        "brake": 0.0,
        "id": 390,
        "ego_matrix": [
            [
                -0.6117238402366638,
                -0.7910380959510803,
                0.007263814099133015,
                -55.40745162963867
            ],
            [
                0.7910714149475098,
                -0.6117004156112671,
                0.0053552561439573765,
                124.44741821289062
            ],
            [
                0.0002070665213977918,
                0.00902213342487812,
                0.9999592900276184,
                -0.00789638515561819
            ],
            [
                0.0,
                0.0,
                0.0,
                1.0
            ]
        ]
    },
    {
        "class": "Car",
        "extent": [
            1.5542958974838257,
            4.974244117736816,
            2.0384013652801514
        ],
        "position": [
            14.176131183731831,
            7.006112742423269,
            -2.5572824547978974
        ],
        "yaw": 3.1413328622254557,
        "num_points": 38,
        "distance": 16.018364606024452,
        "speed": 4.668387311688925,
        "brake": 0.0,
        "id": 392,
        "ego_matrix": [
            [
                0.0028478370513767004,
                -0.9999959468841553,
                -4.043854460178409e-06,
                -48.57400131225586
            ],
            [
                0.999987006187439,
                0.002847828669473529,
                -0.0042253658175468445,
                83.84873962402344
            ],
            [
                0.004225360229611397,
                7.989350706338882e-06,
                0.9999910593032837,
                -0.023881282657384872
            ],
            [
                0.0,
                0.0,
                0.0,
                1.0
            ]
        ]
    },
    {
        "class": "Car",
        "extent": [
            1.6672759056091309,
            4.611005783081055,
            2.241713285446167
        ],
        "position": [
            31.690539238551136,
            -22.682839781447157,
            -2.4593677920296413
        ],
        "yaw": -1.5650883736305299,
        "num_points": 1,
        "distance": 39.049327621835225,
        "speed": -4.4805853299382595e-09,
        "brake": 1.0,
        "id": 393,
        "ego_matrix": [
            [
                -0.9999951124191284,
                0.0031198530923575163,
                1.1444054507592227e-05,
                -18.930477142333984
            ],
            [
                -0.0031198530923575163,
                -0.9999951124191284,
                2.956192091119192e-08,
                66.25755310058594
            ],
            [
                1.1444090887380298e-05,
                -6.141990471775216e-09,
                1.0,
                0.0740145891904831
            ],
            [
                0.0,
                0.0,
                0.0,
                1.0
            ]
        ]
    },
    {
        "class": "Car",
        "extent": [
            1.6493593454360962,
            4.855708599090576,
            2.0327565670013428
        ],
        "position": [
            -5.786594703962838,
            10.512310722485951,
            -2.543148961436822
        ],
        "yaw": 3.1432531345294574,
        "num_points": 132,
        "distance": 12.266252958180875,
        "speed": 4.607503092515843,
        "brake": 0.0,
        "id": 407,
        "ego_matrix": [
            [
                0.0009276428609155118,
                -0.9999995827674866,
                -3.9204155655170325e-06,
                -52.02852249145508
            ],
            [
                0.9999995827674866,
                0.0009276431519538164,
                -8.296605665236712e-05,
                103.82047271728516
            ],
            [
                8.296965825138614e-05,
                -3.843451395368902e-06,
                1.0,
                -0.009726371616125107
            ],
            [
                0.0,
                0.0,
                0.0,
                1.0
            ]
        ]
    }
]