[
    {
        "class": "Car",
        "extent": [
            1.5107464790344238,
            4.901683330535889,
            2.128324270248413
        ],
        "position": [
            -1.3,
            0.0,
            -2.5
        ],
        "yaw": 0,
        "num_points": -1,
        "distance": -1,
        "speed": 2.2874535435754833e-10,
        "brake": 1.0,
        "id": 282,
        "ego_matrix": [
            [
                -0.0025880744215101004,
                0.9999966621398926,
                -2.776702423545885e-09,
                -41.52785873413086
            ],
            [
                -0.9999966621398926,
                -0.0025880744215101004,
                -1.0728799679782242e-06,
                99.30668640136719
            ],
            [
                -1.0728834922701935e-06,
                -0.0,
                1.0,
                0.033417776226997375
            ],
            [
                0.0,
                0.0,
                0.0,
                1.0
            ]
        ]
    },
    {
        "class": "Car",
        "extent": [
            1.5107464790344238,
            4.901683330535889,
            2.128324270248413
        ],
        "position": [
            -39.12338010334407,
            -27.567081757947154,
            -2.5000561443451503
        ],
        "yaw": 1.5830098498701088,
        "num_points": 0,
        "distance": 47.92528714660935,
        "speed": 4.64757410978857,
        "brake": 0.0,
        "id": 285,
        "ego_matrix": [
            [
                0.9999536871910095,
                -0.009625313803553581,
                -2.736559690674767e-05,
                -13.862979888916016
            ],
            [
                0.009625313803553581,
                0.9999536871910095,
                -5.589983175013913e-06,
                137.05859375
            ],
            [
                2.7418134777690284e-05,
                5.326321570464643e-06,
                1.0,
                0.0334022119641304
            ],
            [
                0.0,
                0.0,
                0.0,
                1.0
            ]
        ]
    },
    {
        "class": "Car",
        "extent": [
            1.4750303030014038,
            3.805800199508667,
            1.97027587890625
        ],
        "position": [
            -29.064312416400828,
            11.052495509046372,
            -2.4913540971336876
        ],
        "yaw": 3.76795189669378,
        "num_points": 8,
        "distance": 31.19453090612113,
        "speed": 4.923979922088943,
        "brake": 0.0,
        "id": 287,
        "ego_matrix": [
            [
                -0.5841002464294434,
                -0.8116814494132996,
                0.0002284779620822519,
                -52.508460998535156
            ],
            [
                0.8116815090179443,
                -0.5841001868247986,
                0.00016397614672314376,
                127.0995101928711
            ],
            [
                3.576278402306343e-07,
                0.00028122984804213047,
                0.9999999403953552,
                0.042093466967344284
            ],
            [
                0.0,
                0.0,
                0.0,
                1.0
            ]
        ]
    },
    {
        "class": "Car",
        "extent": [
            1.8548461198806763,
            4.6045098304748535,
            1.9315931797027588
        ],
        "position": [
            11.31071504689155,
            10.500684865327798,
            -2.5226421844745652
        ],
        "yaw": 3.1413369901251453,
        "num_points": 47,
        "distance": 15.638426426715503,
        "speed": 4.8274070749114815,
        "brake": 0.0,
        "id": 295,
        "ego_matrix": [
            [
                0.0028436898719519377,
                -0.9999959468841553,
                1.1938672059841338e-06,
                -52.0611457824707
            ],
            [
                0.9999958872795105,
                0.0028436894062906504,
                -0.0003293799818493426,
                86.72319030761719
            ],
            [
                0.0003293752670288086,
                2.130516804754734e-06,
                0.9999999403953552,
                0.010762061923742294
            ],
            [
                0.0,
                0.0,
                0.0,
                1.0
            ]
        ]
    },
    {
        "class": "Car",
        "extent": [
            1.5542958974838257,
            4.974244117736816,
            2.0384013652801514
        ],
        "position": [
            5.563079572865361,
            0.11359732192271821,
            -2.5573212017610873
        ],
        "yaw": -0.00024234765919728396,
        "num_points": 381,
        "distance": 6.123777462853841,
        "speed": -2.8124869589895268e-08,
        "brake": 1.0,
        "id": 302,
        "ego_matrix": [
            [
                -0.0028304001316428185,
                0.9999960064888,
                3.6399042073753662e-06,
                -41.659217834472656
            ],
            [
                -0.9999867677688599,
                -0.002830389654263854,
                0.004296892322599888,
                92.44392395019531
            ],
            [
                0.004296885337680578,
                8.522067219018936e-06,
                0.9999907612800598,
                -0.02391078881919384
            ],
            [
                0.0,
                0.0,
                0.0,
                1.0
            ]
        ]
    },
    {
        "class": "Car",
        "extent": [
            1.6355280876159668,
            5.0267767906188965,
            2.1515462398529053
        ],
        "position": [
            -30.273643416231298,
            31.34030045366547,
            -2.4045888498754526
        ],
        "yaw": -1.3595197680356406,
        "num_points": 0,
        "distance": 43.64046248329747,
        "speed": 4.750302478589169,
        "brake": 0.0,
        "id": 314,
        "ego_matrix": [
            [
                -0.9782789945602417,
                0.2071879506111145,
                0.0065883733332157135,
                -72.7930679321289
            ],
            [
                -0.2071717530488968,
                -0.9782997965812683,
                0.0030606859363615513,
                128.36134338378906
            ],
            [
                0.0070795416831970215,
                0.0016292799264192581,
                0.9999736547470093,
                0.1288600116968155
            ],
            [
                0.0,
                0.0,
                0.0,
                1.0
            ]
        ]
    },
    {
        "class": "Car",
        "extent": [
            1.6171096563339233,
            3.987684965133667,
            1.8508483171463013
        ],
        "position": [
            -32.20418905389726,
            -28.38906809579937,
            -2.4951822325809827
        ],
        "yaw": -1.5563089967809747,
        "num_points": 0,
        "distance": 43.00319655956842,
        "speed": 4.955027760163633,
        "brake": 0.0,
        "id": 322,
        "ego_matrix": [
            [
                -0.9999291896820068,
                0.011899103410542011,
                1.7424064935767092e-05,
                -13.058903694152832
            ],
            [
                -0.011899103410542011,
                -0.9999291896820068,
                -1.5359601093223318e-06,
                130.13729858398438
            ],
            [
                1.7404556274414062e-05,
                -1.7431822243452189e-06,
                1.0,
                0.03826870024204254
            ],
            [
                0.0,
                0.0,
                0.0,
                1.0
            ]
        ]
    },
    {
        "class": "Car",
        "extent": [
            1.1256572008132935,
            1.8354405164718628,
            0.3289288878440857
        ],
        "position": [
            31.67335251976434,
            -34.632764216324176,
            -2.5455751257948247
        ],
        "yaw": -1.5657419133620354,
        "num_points": 0,
        "distance": 47.00116562199103,
        "speed": 2.172569204161745,
        "brake": 0.889452338218689,
        "id": 326,
        "ego_matrix": [
            [
                -0.9998119473457336,
                0.0024662818759679794,
                0.01923413574695587,
                -6.98054838180542
            ],
            [
                -0.002465893980115652,
                -0.9999969601631165,
                4.3873551476281136e-05,
                66.24381256103516
            ],
            [
                0.01923418417572975,
                -3.5640366604638984e-06,
                0.9998149871826172,
                -0.012192726135253906
            ],
            [
                0.0,
                0.0,
                0.0,
                1.0
            ]
        ]
    },
    {
        "class": "Car",
        "extent": [
            1.8779358863830566,
            3.866220712661743,
            1.9051965475082397
        ],
        "position": [
            -35.652431795866846,
            -24.517167099956065,
            -2.52362511120677
        ],
        "yaw": -1.5628305456583607,
        "num_points": 6,
        "distance": 43.34231257406576,
        "speed": 1.2914395327683638e-08,
        "brake": 1.0,
        "id": 342,
        "ego_matrix": [
            [
                -0.9999854564666748,
                0.005377692636102438,
                0.00041067422716878355,
                -16.92186737060547
            ],
            [
                -0.005377655848860741,
                -0.9999855160713196,
                9.009407222038135e-05,
                133.59555053710938
            ],
            [
                0.0004111528105568141,
                8.788429840933532e-05,
                0.9999999403953552,
                0.009829521179199219
            ],
            [
                0.0,
                0.0,
                0.0,
                1.0
            ]
        ]
    },
    {
        "class": "Car",
        "extent": [
            1.6493593454360962,
            4.855708599090576,
            2.0327565670013428
        ],
        "position": [
            48.26848602428712,
            0.01109070346553942,
            -2.5430755551039974
        ],
        "yaw": -0.00042810314523022974,
        "num_points": 0,
        "distance": 48.33543316615122,
        "speed": -1.2100080872399756e-09,
        "brake": 1.0,
        "id": 366,
        "ego_matrix": [
            [
                -0.0030161533504724503,
                0.9999954700469971,
                -1.5630121197318658e-06,
                -41.667236328125
            ],
            [
                -0.9999954700469971,
                -0.0030161533504724503,
                1.1568066838663071e-05,
                49.73839569091797
            ],
            [
                1.156330017693108e-05,
                1.5978961300788797e-06,
                1.0,
                -0.00971096009016037
            ],
            [
                0.0,
                0.0,
                0.0,
                1.0
            ]
        ]
    },
    {
        "class": "Car",
        "extent": [
            1.3787471055984497,
            2.2072951793670654,
            1.4809197187423706
        ],
        "position": [
            -34.4730562908075,
            27.715521290566745,
            -2.5302814462770344
        ],
        "yaw": -1.4506313026172135,
        "num_points": 3,
        "distance": 44.30512447374925,
        "speed": 5.3720841189863595,
        "brake": 0.0,
        "id": 381,
        "ego_matrix": [
            [
                -0.99308842420578,
                0.11733182519674301,
                0.0029361352790147066,
                -69.15743255615234
            ],
            [
                -0.11730540543794632,
                -0.9930639266967773,
                0.00796002522110939,
                132.55136108398438
            ],
            [
                0.0038497347850352526,
                0.00756058469414711,
                0.9999639987945557,
                0.0031719207763671875
            ],
            [
                0.0,
                0.0,
                0.0,
                1.0
            ]
        ]
    },
    {
        "class": "Car",
        "extent": [
            1.0795789957046509,
            1.4872888326644897,
            0.8592574596405029
        ],
        "position": [
            -35.70829569123802,
            -20.113496675090214,
            -2.5310843729922303
        ],
        "yaw": -1.556867461661564,
        "num_points": 0,
        "distance": 41.061435895191956,
        "speed": 8.693318613978941e-08,
        "brake": 1.0,
        "id": 382,
        "ego_matrix": [
            [
                -0.9999356865882874,
                0.011340525932610035,
                3.8275121028163994e-07,
                -21.32537841796875
            ],
            [
                -0.011340525932610035,
                -0.9999356865882874,
                -2.2131916921352968e-06,
                133.66281127929688
            ],
            [
                3.576278402306343e-07,
                -2.2173899196786806e-06,
                1.0,
                0.002370319329202175
            ],
            [
                0.0,
                0.0,
                0.0,
                1.0
            ]
        ]
    },
    {
        "class": "Car",
        "extent": [
            1.5470870733261108,
            3.705369472503662,
            1.7886788845062256
        ],
        "position": [
            -28.030619604562833,
            15.765374096814107,
            -2.5414003279732587
        ],
        "yaw": 3.988927421826996,
        "num_points": 11,
        "distance": 32.260213444043146,
        "speed": 4.891959253429434,
        "brake": 0.0,
        "id": 390,
        "ego_matrix": [
            [
                -0.7478029131889343,
                -0.6639007329940796,
                0.005155687220394611,
                -57.2239990234375
            ],
            [
                0.6639206409454346,
                -0.7477840781211853,
                0.005320859141647816,
                126.07801818847656
            ],
            [
                0.0003228187561035156,
                0.007401921320706606,
                0.9999725222587585,
                -0.00795387290418148
            ],
            [
                0.0,
                0.0,
                0.0,
                1.0
            ]
        ]
    },
    {
        "class": "Car",
        "extent": [
            1.5542958974838257,
            4.974244117736816,
            2.0384013652801514
        ],
        "position": [
            11.841252917408813,
            7.0057125559798195,
            -2.5572849784768303
        ],
        "yaw": 3.1413328622254557,
        "num_points": 56,
        "distance": 13.994105385204131,
        "speed": 4.670959357516849,
        "brake": 0.0,
        "id": 392,
        "ego_matrix": [
            [
                0.0028478370513767004,
                -0.9999959468841553,
                -4.043854460178409e-06,
                -48.56755828857422
            ],
            [
                0.999987006187439,
                0.002847828669473529,
                -0.0042253658175468445,
                86.18360900878906
            ],
            [
                0.004225360229611397,
                7.989350706338882e-06,
                0.9999910593032837,
                -0.023881301283836365
            ],
            [
                0.0,
                0.0,
                0.0,
                1.0
            ]
        ]
    },
    {
        "class": "Car",
        "extent": [
            1.6672759056091309,
            4.611005783081055,
            2.241713285446167
        ],
        "position": [
            31.690539238551136,
            -22.682839781447157,
            -2.4593677920296413
        ],
        "yaw": -1.5650883736305299,
        "num_points": 1,
        "distance": 39.049327621835225,
        "speed": -9.7727483851829e-09,
        "brake": 1.0,
        "id": 393,
        "ego_matrix": [
            [
                -0.9999951124191284,
                0.0031198530923575163,
                1.1444054507592227e-05,
                -18.930477142333984
            ],
            [
                -0.0031198530923575163,
                -0.9999951124191284,
                2.956192091119192e-08,
                66.25755310058594
            ],
            [
                1.1444090887380298e-05,
                -6.141990471775216e-09,
                1.0,
                0.0740145891904831
            ],
            [
                0.0,
                0.0,
                0.0,
                1.0
            ]
        ]
    },
    {
        "class": "Car",
        "extent": [
            1.6493593454360962,
            4.855708599090576,
            2.0327565670013428
        ],
        "position": [
            -8.085573716258272,
            10.515952771522246,
            -2.543072234821097
        ],
        "yaw": 3.1431760360159,
        "num_points": 82,
        "distance": 13.50662731422804,
        "speed": 4.481098170226976,
        "brake": 1.0,
        "id": 407,
        "ego_matrix": [
            [
                0.0010046518873423338,
                -0.9999995231628418,
                -3.8687671803927515e-06,
                -52.026214599609375
            ],
            [
                0.999999463558197,
                0.0010046508396044374,
                0.0002876560320146382,
                106.11945343017578
            ],
            [
                -0.0002876519865822047,
                -4.1577586671337485e-06,
                0.9999999403953552,
                -0.009647178463637829
            ],
            [
                0.0,
                0.0,
                0.0,
                1.0
            ]
        ]
    }
]