[
    {
        "class": "Car",
        "extent": [
            1.5107464790344238,
            4.901683330535889,
            2.128324270248413
        ],
        "position": [
            -1.3,
            0.0,
            -2.5
        ],
        "yaw": 0,
        "num_points": -1,
        "distance": -1,
        "speed": -1.070947172116315e-09,
        "brake": 1.0,
        "id": 282,
        "ego_matrix": [
            [
                -0.0025880744215101004,
                0.9999966621398926,
                -2.776702423545885e-09,
                -41.52785873413086
            ],
            [
                -0.9999966621398926,
                -0.0025880744215101004,
                -1.0728799679782242e-06,
                99.30668640136719
            ],
            [
                -1.0728834922701935e-06,
                -0.0,
                1.0,
                0.033417776226997375
            ],
            [
                0.0,
                0.0,
                0.0,
                1.0
            ]
        ]
    },
    {
        "class": "Car",
        "extent": [
            1.5107464790344238,
            4.901683330535889,
            2.128324270248413
        ],
        "position": [
            -39.15246690463554,
            -29.89136369276226,
            -2.5000560228149986
        ],
        "yaw": 1.5832804530442934,
        "num_points": 0,
        "distance": 49.32199882657616,
        "speed": 4.65019253036957,
        "brake": 0.0,
        "id": 285,
        "ego_matrix": [
            [
                0.9999510049819946,
                -0.009895904920995235,
                -2.7395706638344564e-05,
                -11.538630485534668
            ],
            [
                0.009895904920995235,
                0.9999510049819946,
                -2.401751544311992e-06,
                137.0816650390625
            ],
            [
                2.7418134777690284e-05,
                2.130528628185857e-06,
                1.0,
                0.03340236470103264
            ],
            [
                0.0,
                0.0,
                0.0,
                1.0
            ]
        ]
    },
    {
        "class": "Car",
        "extent": [
            1.4750303030014038,
            3.805800199508667,
            1.97027587890625
        ],
        "position": [
            -30.84657663742544,
            12.752990930722117,
            -2.4913551711053334
        ],
        "yaw": 3.905351567865911,
        "num_points": 3,
        "distance": 33.471733126867434,
        "speed": 4.912188902189616,
        "brake": 0.0,
        "id": 287,
        "ego_matrix": [
            [
                -0.6897696256637573,
                -0.7240288853645325,
                0.0002550904464442283,
                -54.20433807373047
            ],
            [
                0.7240289449691772,
                -0.6897695660591125,
                0.0002496060624253005,
                128.88616943359375
            ],
            [
                -4.768371127283899e-06,
                0.00035686351475305855,
                0.9999999403953552,
                0.04209430515766144
            ],
            [
                0.0,
                0.0,
                0.0,
                1.0
            ]
        ]
    },
    {
        "class": "Car",
        "extent": [
            1.8548461198806763,
            4.6045098304748535,
            1.9315931797027588
        ],
        "position": [
            8.861944207003464,
            10.500056827044197,
            -2.5230231531345497
        ],
        "yaw": 3.1413340606479463,
        "num_points": 56,
        "distance": 13.969641882684492,
        "speed": 4.992971352432365,
        "brake": 0.0,
        "id": 295,
        "ego_matrix": [
            [
                0.002846664749085903,
                -0.9999959468841553,
                -3.5116249819111545e-06,
                -52.05418014526367
            ],
            [
                0.9999939799308777,
                0.002846666146069765,
                -0.0019819699227809906,
                89.17195129394531
            ],
            [
                0.0019819720182567835,
                2.130400389432907e-06,
                0.9999980330467224,
                0.010383720509707928
            ],
            [
                0.0,
                0.0,
                0.0,
                1.0
            ]
        ]
    },
    {
        "class": "Car",
        "extent": [
            1.5542958974838257,
            4.974244117736816,
            2.0384013652801514
        ],
        "position": [
            5.563079572865361,
            0.11359732192271821,
            -2.5573212017610873
        ],
        "yaw": -0.00024234765919728396,
        "num_points": 370,
        "distance": 6.123777462853841,
        "speed": 1.3505739917679331e-11,
        "brake": 1.0,
        "id": 302,
        "ego_matrix": [
            [
                -0.0028304001316428185,
                0.9999960064888,
                3.6399042073753662e-06,
                -41.659217834472656
            ],
            [
                -0.9999867677688599,
                -0.002830389654263854,
                0.004296892322599888,
                92.44392395019531
            ],
            [
                0.004296885337680578,
                8.522067219018936e-06,
                0.9999907612800598,
                -0.02391078881919384
            ],
            [
                0.0,
                0.0,
                0.0,
                1.0
            ]
        ]
    },
    {
        "class": "Car",
        "extent": [
            1.6355280876159668,
            5.0267767906188965,
            2.1515462398529053
        ],
        "position": [
            -29.56215511441876,
            33.60983662939107,
            -2.4045898746707017
        ],
        "yaw": -1.274882111747941,
        "num_points": 0,
        "distance": 44.825485895065114,
        "speed": 4.755057038941016,
        "brake": 0.0,
        "id": 314,
        "ego_matrix": [
            [
                -0.9572634100914001,
                0.2891477942466736,
                0.006354500539600849,
                -75.06443786621094
            ],
            [
                -0.2891308069229126,
                -0.9572833776473999,
                0.003464421257376671,
                127.65573120117188
            ],
            [
                0.007084786891937256,
                0.0014790815766900778,
                0.9999738335609436,
                0.12885822355747223
            ],
            [
                0.0,
                0.0,
                0.0,
                1.0
            ]
        ]
    },
    {
        "class": "Car",
        "extent": [
            1.6171096563339233,
            3.987684965133667,
            1.8508483171463013
        ],
        "position": [
            -32.16878459134616,
            -25.91130143886394,
            -2.4951821200903113
        ],
        "yaw": -1.5564807706712847,
        "num_points": 0,
        "distance": 41.381785584391125,
        "speed": 4.95698553694602,
        "brake": 0.0,
        "id": 322,
        "ego_matrix": [
            [
                -0.9999312162399292,
                0.01172721479088068,
                1.744648216117639e-05,
                -15.53675365447998
            ],
            [
                -0.01172721479088068,
                -0.9999312162399292,
                -3.4727402180578792e-06,
                130.10830688476562
            ],
            [
                1.7404556274414062e-05,
                -3.677100039567449e-06,
                1.0,
                0.03826877474784851
            ],
            [
                0.0,
                0.0,
                0.0,
                1.0
            ]
        ]
    },
    {
        "class": "Car",
        "extent": [
            1.1256572008132935,
            1.8354405164718628,
            0.3289288878440857
        ],
        "position": [
            31.676287725456053,
            -34.052847188081394,
            -2.546752319036619
        ],
        "yaw": -1.565739250200945,
        "num_points": 0,
        "distance": 46.57756491118035,
        "speed": 1.2285314605614361,
        "brake": 0.0,
        "id": 326,
        "ego_matrix": [
            [
                -0.9999852776527405,
                0.0024689598940312862,
                0.0048386771231889725,
                -7.560471057891846
            ],
            [
                -0.0024689440615475178,
                -0.9999969601631165,
                9.243075510312337e-06,
                66.24237823486328
            ],
            [
                0.004838685505092144,
                -2.703485279198503e-06,
                0.999988317489624,
                -0.013369922526180744
            ],
            [
                0.0,
                0.0,
                0.0,
                1.0
            ]
        ]
    },
    {
        "class": "Car",
        "extent": [
            1.8779358863830566,
            3.866220712661743,
            1.9051965475082397
        ],
        "position": [
            -35.652431795866846,
            -24.517167099956065,
            -2.52362511120677
        ],
        "yaw": -1.5628305456583607,
        "num_points": 2,
        "distance": 43.34231257406576,
        "speed": 1.6329646650534026e-08,
        "brake": 1.0,
        "id": 342,
        "ego_matrix": [
            [
                -0.9999854564666748,
                0.005377692636102438,
                0.00041067422716878355,
                -16.92186737060547
            ],
            [
                -0.005377655848860741,
                -0.9999855160713196,
                9.009407222038135e-05,
                133.59555053710938
            ],
            [
                0.0004111528105568141,
                8.788429840933532e-05,
                0.9999999403953552,
                0.009829521179199219
            ],
            [
                0.0,
                0.0,
                0.0,
                1.0
            ]
        ]
    },
    {
        "class": "Car",
        "extent": [
            1.6493593454360962,
            4.855708599090576,
            2.0327565670013428
        ],
        "position": [
            48.26848602428712,
            0.01109070346553942,
            -2.5430755551039974
        ],
        "yaw": -0.00042810314523022974,
        "num_points": 0,
        "distance": 48.33543316615122,
        "speed": -5.514091742285261e-09,
        "brake": 1.0,
        "id": 366,
        "ego_matrix": [
            [
                -0.0030161533504724503,
                0.9999954700469971,
                -1.5630121197318658e-06,
                -41.667236328125
            ],
            [
                -0.9999954700469971,
                -0.0030161533504724503,
                1.1568066838663071e-05,
                49.73839569091797
            ],
            [
                1.156330017693108e-05,
                1.5978961300788797e-06,
                1.0,
                -0.00971096009016037
            ],
            [
                0.0,
                0.0,
                0.0,
                1.0
            ]
        ]
    },
    {
        "class": "Car",
        "extent": [
            1.3787471055984497,
            2.2072951793670654,
            1.4809197187423706
        ],
        "position": [
            -33.9857993645614,
            30.355443420693042,
            -2.5307534118545356
        ],
        "yaw": -1.3654631446403704,
        "num_points": 0,
        "distance": 45.63871401065911,
        "speed": 5.366866553776731,
        "brake": 0.0,
        "id": 381,
        "ego_matrix": [
            [
                -0.979499101638794,
                0.20138171315193176,
                0.005186709575355053,
                -71.7986068725586
            ],
            [
                -0.2013551890850067,
                -0.979504406452179,
                0.005214637611061335,
                132.07093811035156
            ],
            [
                0.006130537949502468,
                0.004063362255692482,
                0.999972939491272,
                0.0026994324289262295
            ],
            [
                0.0,
                0.0,
                0.0,
                1.0
            ]
        ]
    },
    {
        "class": "Car",
        "extent": [
            1.0795789957046509,
            1.4872888326644897,
            0.8592574596405029
        ],
        "position": [
            -35.70829569123802,
            -20.113496675090214,
            -2.5310843729922303
        ],
        "yaw": -1.556867461661564,
        "num_points": 1,
        "distance": 41.061435895191956,
        "speed": -2.5411321333101846e-08,
        "brake": 1.0,
        "id": 382,
        "ego_matrix": [
            [
                -0.9999356865882874,
                0.011340525932610035,
                3.8275121028163994e-07,
                -21.32537841796875
            ],
            [
                -0.011340525932610035,
                -0.9999356865882874,
                -2.2131916921352968e-06,
                133.66281127929688
            ],
            [
                3.576278402306343e-07,
                -2.2173899196786806e-06,
                1.0,
                0.002370319329202175
            ],
            [
                0.0,
                0.0,
                0.0,
                1.0
            ]
        ]
    },
    {
        "class": "Car",
        "extent": [
            1.5470870733261108,
            3.705369472503662,
            1.7886788845062256
        ],
        "position": [
            -29.316940418275106,
            17.843424834212406,
            -2.5413642856420053
        ],
        "yaw": 4.164352505991605,
        "num_points": 0,
        "distance": 34.414086327189004,
        "speed": 4.880895055051175,
        "brake": 0.0,
        "id": 390,
        "ego_matrix": [
            [
                -0.8521978855133057,
                -0.5231984853744507,
                0.004693055525422096,
                -59.29871368408203
            ],
            [
                0.5232194662094116,
                -0.8521679639816284,
                0.00714991707354784,
                127.36971282958984
            ],
            [
                0.0002584457106422633,
                0.008548641577363014,
                0.9999634027481079,
                -0.007916450500488281
            ],
            [
                0.0,
                0.0,
                0.0,
                1.0
            ]
        ]
    },
    {
        "class": "Car",
        "extent": [
            1.5542958974838257,
            4.974244117736816,
            2.0384013652801514
        ],
        "position": [
            9.50509290721005,
            7.005311872085898,
            -2.5572874662780216
        ],
        "yaw": 3.1413328622254557,
        "num_points": 98,
        "distance": 12.081428093775385,
        "speed": 4.673521877691529,
        "brake": 0.0,
        "id": 392,
        "ego_matrix": [
            [
                0.0028478370513767004,
                -0.9999959468841553,
                -4.043854460178409e-06,
                -48.56111145019531
            ],
            [
                0.999987006187439,
                0.002847828669473529,
                -0.0042253658175468445,
                88.51976013183594
            ],
            [
                0.004225360229611397,
                7.989350706338882e-06,
                0.9999910593032837,
                -0.023881282657384872
            ],
            [
                0.0,
                0.0,
                0.0,
                1.0
            ]
        ]
    },
    {
        "class": "Car",
        "extent": [
            1.6672759056091309,
            4.611005783081055,
            2.241713285446167
        ],
        "position": [
            31.690539238551136,
            -22.682839781447157,
            -2.4593677920296413
        ],
        "yaw": -1.5650883736305299,
        "num_points": 1,
        "distance": 39.049327621835225,
        "speed": 2.2057375917684515e-08,
        "brake": 1.0,
        "id": 393,
        "ego_matrix": [
            [
                -0.9999951124191284,
                0.0031198530923575163,
                1.1444054507592227e-05,
                -18.930477142333984
            ],
            [
                -0.0031198530923575163,
                -0.9999951124191284,
                2.956192091119192e-08,
                66.25755310058594
            ],
            [
                1.1444090887380298e-05,
                -6.141990471775216e-09,
                1.0,
                0.0740145891904831
            ],
            [
                0.0,
                0.0,
                0.0,
                1.0
            ]
        ]
    },
    {
        "class": "Car",
        "extent": [
            1.6493593454360962,
            4.855708599090576,
            2.0327565670013428
        ],
        "position": [
            -9.684739525469649,
            10.518439775991864,
            -2.541208372655765
        ],
        "yaw": 3.1437131956077686,
        "num_points": 75,
        "distance": 14.522034808890165,
        "speed": 1.8239305890656505,
        "brake": 1.0,
        "id": 407,
        "ego_matrix": [
            [
                0.00046747614396736026,
                -0.9999998807907104,
                2.8181424568174407e-05,
                -52.02456283569336
            ],
            [
                0.9999592900276184,
                0.0004677111282944679,
                0.009012565016746521,
                107.71862030029297
            ],
            [
                -0.009012577123939991,
                2.396711897745263e-05,
                0.999959409236908,
                -0.007781600579619408
            ],
            [
                0.0,
                0.0,
                0.0,
                1.0
            ]
        ]
    }
]