[
    {
        "class": "Car",
        "extent": [
            1.5107464790344238,
            4.901683330535889,
            2.128324270248413
        ],
        "position": [
            -1.3,
            0.0,
            -2.5
        ],
        "yaw": 0,
        "num_points": -1,
        "distance": -1,
        "speed": 1.8560209444533285e-09,
        "brake": 1.0,
        "id": 282,
        "ego_matrix": [
            [
                -0.0025880744215101004,
                0.9999966621398926,
                -2.776702423545885e-09,
                -41.52785873413086
            ],
            [
                -0.9999966621398926,
                -0.0025880744215101004,
                -1.0728799679782242e-06,
                99.30668640136719
            ],
            [
                -1.0728834922701935e-06,
                -0.0,
                1.0,
                0.033417776226997375
            ],
            [
                0.0,
                0.0,
                0.0,
                1.0
            ]
        ]
    },
    {
        "class": "Car",
        "extent": [
            1.5107464790344238,
            4.901683330535889,
            2.128324270248413
        ],
        "position": [
            -39.181862259627906,
            -32.21695041354104,
            -2.5000561661115004
        ],
        "yaw": 1.583402820094896,
        "num_points": 0,
        "distance": 50.78779877997006,
        "speed": 4.652804596615045,
        "brake": 0.0,
        "id": 285,
        "ego_matrix": [
            [
                0.9999498128890991,
                -0.010018265806138515,
                -2.7416923330747522e-05,
                -9.21297550201416
            ],
            [
                0.010018265806138515,
                0.9999498128890991,
                -2.5833941208475153e-07,
                137.10504150390625
            ],
            [
                2.7418134777690284e-05,
                -1.6343546960229105e-08,
                1.0,
                0.033402252942323685
            ],
            [
                0.0,
                0.0,
                0.0,
                1.0
            ]
        ]
    },
    {
        "class": "Car",
        "extent": [
            1.4750303030014038,
            3.805800199508667,
            1.97027587890625
        ],
        "position": [
            -32.35832006378074,
            14.6969314822055,
            -2.4913571730095967
        ],
        "yaw": 4.05252610550307,
        "num_points": 7,
        "distance": 35.62678111907143,
        "speed": 4.9216732963676355,
        "brake": 0.0,
        "id": 287,
        "ego_matrix": [
            [
                -0.7884871363639832,
                -0.6150511503219604,
                0.00019911894924007356,
                -56.14435958862305
            ],
            [
                0.6150512099266052,
                -0.7884870767593384,
                0.00026146997697651386,
                130.40293884277344
            ],
            [
                -3.8146970382513246e-06,
                0.00032863407977856696,
                0.9999999403953552,
                0.042093925178050995
            ],
            [
                0.0,
                0.0,
                0.0,
                1.0
            ]
        ]
    },
    {
        "class": "Car",
        "extent": [
            1.8548461198806763,
            4.6045098304748535,
            1.9315931797027588
        ],
        "position": [
            6.356913855224197,
            10.499364583992037,
            -2.522096199203035
        ],
        "yaw": 3.1413347264382185,
        "num_points": 62,
        "distance": 12.530282505528836,
        "speed": 5.005256563047809,
        "brake": 0.0,
        "id": 295,
        "ego_matrix": [
            [
                0.0028459548484534025,
                -0.9999959468841553,
                9.702536090117064e-07,
                -52.04700469970703
            ],
            [
                0.9999958872795105,
                0.0028459541499614716,
                -0.00040770016494207084,
                91.67697143554688
            ],
            [
                0.0004076957702636719,
                2.1305459085851908e-06,
                0.9999999403953552,
                0.011313362047076225
            ],
            [
                0.0,
                0.0,
                0.0,
                1.0
            ]
        ]
    },
    {
        "class": "Car",
        "extent": [
            1.5542958974838257,
            4.974244117736816,
            2.0384013652801514
        ],
        "position": [
            5.563079572865361,
            0.11359732192271821,
            -2.5573212017610873
        ],
        "yaw": -0.00024234765919728396,
        "num_points": 374,
        "distance": 6.123777462853841,
        "speed": 2.1200792471938858e-08,
        "brake": 1.0,
        "id": 302,
        "ego_matrix": [
            [
                -0.0028304001316428185,
                0.9999960064888,
                3.6399042073753662e-06,
                -41.659217834472656
            ],
            [
                -0.9999867677688599,
                -0.002830389654263854,
                0.004296892322599888,
                92.44392395019531
            ],
            [
                0.004296885337680578,
                8.522067219018936e-06,
                0.9999907612800598,
                -0.02391078881919384
            ],
            [
                0.0,
                0.0,
                0.0,
                1.0
            ]
        ]
    },
    {
        "class": "Car",
        "extent": [
            1.6355280876159668,
            5.0267767906188965,
            2.1515462398529053
        ],
        "position": [
            -28.68226834318328,
            35.821151747536355,
            -2.404589854526654
        ],
        "yaw": -1.1988451342006528,
        "num_points": 0,
        "distance": 45.95225219941775,
        "speed": 4.758402625798304,
        "brake": 0.0,
        "id": 314,
        "ego_matrix": [
            [
                -0.9325339794158936,
                0.3610305190086365,
                0.006107395980507135,
                -77.27802276611328
            ],
            [
                -0.36101260781288147,
                -0.9325529336929321,
                0.0038567809388041496,
                126.78157043457031
            ],
            [
                0.007087886333465576,
                0.001391732250340283,
                0.9999739527702332,
                0.1288572996854782
            ],
            [
                0.0,
                0.0,
                0.0,
                1.0
            ]
        ]
    },
    {
        "class": "Car",
        "extent": [
            1.6171096563339233,
            3.987684965133667,
            1.8508483171463013
        ],
        "position": [
            -32.13418629228591,
            -23.432547546631213,
            -2.4951820457174625
        ],
        "yaw": -1.5568080731692553,
        "num_points": 3,
        "distance": 39.84866555649937,
        "speed": 4.958937425896068,
        "brake": 0.0,
        "id": 322,
        "ego_matrix": [
            [
                -0.9999350309371948,
                0.011399888433516026,
                1.747086389514152e-05,
                -18.015588760375977
            ],
            [
                -0.011399888433516026,
                -0.9999350309371948,
                -5.717018211726099e-06,
                130.0801239013672
            ],
            [
                1.7404556274414062e-05,
                -5.91581238040817e-06,
                1.0,
                0.038268812000751495
            ],
            [
                0.0,
                0.0,
                0.0,
                1.0
            ]
        ]
    },
    {
        "class": "Car",
        "extent": [
            1.1256572008132935,
            1.8354405164718628,
            0.3289288878440857
        ],
        "position": [
            31.679540309434234,
            -33.41220508825239,
            -2.546935763742433
        ],
        "yaw": -1.565737119672073,
        "num_points": 0,
        "distance": 46.11350783513588,
        "speed": 1.4174019788438221,
        "brake": 0.0,
        "id": 326,
        "ego_matrix": [
            [
                -0.9999932646751404,
                0.0024711107835173607,
                0.0027178481686860323,
                -8.201119422912598
            ],
            [
                -0.0024711096193641424,
                -0.9999969601631165,
                3.82498274120735e-06,
                66.24078369140625
            ],
            [
                0.002717849100008607,
                -2.8911429126310395e-06,
                0.9999963045120239,
                -0.013553370721638203
            ],
            [
                0.0,
                0.0,
                0.0,
                1.0
            ]
        ]
    },
    {
        "class": "Car",
        "extent": [
            1.8779358863830566,
            3.866220712661743,
            1.9051965475082397
        ],
        "position": [
            -35.652431795866846,
            -24.517167099956065,
            -2.52362511120677
        ],
        "yaw": -1.5628305456583607,
        "num_points": 0,
        "distance": 43.34231257406576,
        "speed": 1.4386640549968487e-08,
        "brake": 1.0,
        "id": 342,
        "ego_matrix": [
            [
                -0.9999854564666748,
                0.005377692636102438,
                0.00041067422716878355,
                -16.92186737060547
            ],
            [
                -0.005377655848860741,
                -0.9999855160713196,
                9.009407222038135e-05,
                133.59555053710938
            ],
            [
                0.0004111528105568141,
                8.788429840933532e-05,
                0.9999999403953552,
                0.009829521179199219
            ],
            [
                0.0,
                0.0,
                0.0,
                1.0
            ]
        ]
    },
    {
        "class": "Car",
        "extent": [
            1.6493593454360962,
            4.855708599090576,
            2.0327565670013428
        ],
        "position": [
            48.26848602428712,
            0.01109070346553942,
            -2.5430755551039974
        ],
        "yaw": -0.00042810314523022974,
        "num_points": 0,
        "distance": 48.33543316615122,
        "speed": 2.964665635962322e-09,
        "brake": 1.0,
        "id": 366,
        "ego_matrix": [
            [
                -0.0030161533504724503,
                0.9999954700469971,
                -1.5630121197318658e-06,
                -41.667236328125
            ],
            [
                -0.9999954700469971,
                -0.0030161533504724503,
                1.1568066838663071e-05,
                49.73839569091797
            ],
            [
                1.156330017693108e-05,
                1.5978961300788797e-06,
                1.0,
                -0.00971096009016037
            ],
            [
                0.0,
                0.0,
                0.0,
                1.0
            ]
        ]
    },
    {
        "class": "Car",
        "extent": [
            1.3787471055984497,
            2.2072951793670654,
            1.4809197187423706
        ],
        "position": [
            -33.29222611463763,
            32.94879566574053,
            -2.530755528754155
        ],
        "yaw": -1.2889358791363983,
        "num_points": 0,
        "distance": 46.908423327129654,
        "speed": 5.369053626267607,
        "brake": 0.0,
        "id": 381,
        "ego_matrix": [
            [
                -0.9612393975257874,
                0.2756787836551666,
                0.004476082511246204,
                -74.39374542236328
            ],
            [
                -0.2756515443325043,
                -0.9612396955490112,
                0.005870970897376537,
                131.3840789794922
            ],
            [
                0.005921090487390757,
                0.004409568849951029,
                0.9999727606773376,
                0.0026965714059770107
            ],
            [
                0.0,
                0.0,
                0.0,
                1.0
            ]
        ]
    },
    {
        "class": "Car",
        "extent": [
            1.0795789957046509,
            1.4872888326644897,
            0.8592574596405029
        ],
        "position": [
            -35.70829569123802,
            -20.113496675090214,
            -2.5310843729922303
        ],
        "yaw": -1.556867461661564,
        "num_points": 1,
        "distance": 41.061435895191956,
        "speed": -2.4377825886830227e-08,
        "brake": 1.0,
        "id": 382,
        "ego_matrix": [
            [
                -0.9999356865882874,
                0.011340525932610035,
                3.8275121028163994e-07,
                -21.32537841796875
            ],
            [
                -0.011340525932610035,
                -0.9999356865882874,
                -2.2131916921352968e-06,
                133.66281127929688
            ],
            [
                3.576278402306343e-07,
                -2.2173899196786806e-06,
                1.0,
                0.002370319329202175
            ],
            [
                0.0,
                0.0,
                0.0,
                1.0
            ]
        ]
    },
    {
        "class": "Car",
        "extent": [
            1.5470870733261108,
            3.705369472503662,
            1.7886788845062256
        ],
        "position": [
            -30.254917740874998,
            20.10402343766776,
            -2.541403858050259
        ],
        "yaw": 4.325254041151468,
        "num_points": 7,
        "distance": 36.414153010321684,
        "speed": 4.895636087532172,
        "brake": 0.0,
        "id": 390,
        "ego_matrix": [
            [
                -0.9250142574310303,
                -0.37991902232170105,
                0.003174788784235716,
                -61.55687713623047
            ],
            [
                0.37993213534355164,
                -0.924988865852356,
                0.006862069480121136,
                128.31353759765625
            ],
            [
                0.00032961368560791016,
                0.007553716655820608,
                0.9999713897705078,
                -0.007955016568303108
            ],
            [
                0.0,
                0.0,
                0.0,
                1.0
            ]
        ]
    },
    {
        "class": "Car",
        "extent": [
            1.5542958974838257,
            4.974244117736816,
            2.0384013652801514
        ],
        "position": [
            7.16765117288102,
            7.004918320110569,
            -2.5572899554543542
        ],
        "yaw": 3.1413328622254557,
        "num_points": 162,
        "distance": 10.343299083164476,
        "speed": 4.676081986684486,
        "brake": 0.0,
        "id": 392,
        "ego_matrix": [
            [
                0.0028478370513767004,
                -0.9999959468841553,
                -4.043854460178409e-06,
                -48.55466842651367
            ],
            [
                0.999987006187439,
                0.002847828669473529,
                -0.0042253658175468445,
                90.85719299316406
            ],
            [
                0.004225360229611397,
                7.989350706338882e-06,
                0.9999910593032837,
                -0.02388126403093338
            ],
            [
                0.0,
                0.0,
                0.0,
                1.0
            ]
        ]
    },
    {
        "class": "Car",
        "extent": [
            1.6672759056091309,
            4.611005783081055,
            2.241713285446167
        ],
        "position": [
            31.690539238551136,
            -22.682839781447157,
            -2.4593677920296413
        ],
        "yaw": -1.5650883736305299,
        "num_points": 1,
        "distance": 39.049327621835225,
        "speed": -5.167918158050718e-09,
        "brake": 1.0,
        "id": 393,
        "ego_matrix": [
            [
                -0.9999951124191284,
                0.0031198530923575163,
                1.1444054507592227e-05,
                -18.930477142333984
            ],
            [
                -0.0031198530923575163,
                -0.9999951124191284,
                2.956192091119192e-08,
                66.25755310058594
            ],
            [
                1.1444090887380298e-05,
                -6.141990471775216e-09,
                1.0,
                0.0740145891904831
            ],
            [
                0.0,
                0.0,
                0.0,
                1.0
            ]
        ]
    },
    {
        "class": "Car",
        "extent": [
            1.6493593454360962,
            4.855708599090576,
            2.0327565670013428
        ],
        "position": [
            -9.895562471644396,
            10.518756520686576,
            -2.542674396268554
        ],
        "yaw": 3.143949817470622,
        "num_points": 65,
        "distance": 14.663955416501476,
        "speed": -0.004678350074940433,
        "brake": 1.0,
        "id": 407,
        "ego_matrix": [
            [
                0.0002308641269337386,
                -1.0,
                1.1692314728861675e-05,
                -52.02433395385742
            ],
            [
                0.999997615814209,
                0.00023088924353942275,
                0.002196545945480466,
                107.929443359375
            ],
            [
                -0.002196548506617546,
                1.1185183211637195e-05,
                0.999997615814209,
                -0.009247398003935814
            ],
            [
                0.0,
                0.0,
                0.0,
                1.0
            ]
        ]
    }
]