[
    {
        "class": "Car",
        "extent": [
            1.5107464790344238,
            4.901683330535889,
            2.128324270248413
        ],
        "position": [
            -1.3,
            0.0,
            -2.5
        ],
        "yaw": 0,
        "num_points": -1,
        "distance": -1,
        "speed": -1.8631697272678643e-09,
        "brake": 1.0,
        "id": 282,
        "ego_matrix": [
            [
                -0.0025880744215101004,
                0.9999966621398926,
                -2.776702423545885e-09,
                -41.52785873413086
            ],
            [
                -0.9999966621398926,
                -0.0025880744215101004,
                -1.0728799679782242e-06,
                99.30668640136719
            ],
            [
                -1.0728834922701935e-06,
                -0.0,
                1.0,
                0.033417776226997375
            ],
            [
                0.0,
                0.0,
                0.0,
                1.0
            ]
        ]
    },
    {
        "class": "Car",
        "extent": [
            1.4750303030014038,
            3.805800199508667,
            1.97027587890625
        ],
        "position": [
            -33.54912549965904,
            16.852658100760856,
            -2.4913582606153537
        ],
        "yaw": 4.20893701843284,
        "num_points": 11,
        "distance": 37.62662319203982,
        "speed": 4.922492897956635,
        "brake": 0.0,
        "id": 287,
        "ego_matrix": [
            [
                -0.8746708631515503,
                -0.48471733927726746,
                0.00015934398106765002,
                -58.2969970703125
            ],
            [
                0.48471736907958984,
                -0.8746708035469055,
                0.00030081620207056403,
                131.5993194580078
            ],
            [
                -6.437301180994837e-06,
                0.000340351922204718,
                0.9999999403953552,
                0.042094115167856216
            ],
            [
                0.0,
                0.0,
                0.0,
                1.0
            ]
        ]
    },
    {
        "class": "Car",
        "extent": [
            1.8548461198806763,
            4.6045098304748535,
            1.9315931797027588
        ],
        "position": [
            4.001756023583302,
            10.498746038328512,
            -2.520813516692641
        ],
        "yaw": 3.1413415174989985,
        "num_points": 56,
        "distance": 11.51486953619294,
        "speed": 3.935178440009115,
        "brake": 0.2365841269493103,
        "id": 295,
        "ego_matrix": [
            [
                0.0028390425723046064,
                -0.9999959468841553,
                2.8505193768069148e-05,
                -52.04029083251953
            ],
            [
                0.9999545216560364,
                0.0028391843661665916,
                0.009101934731006622,
                94.03211975097656
            ],
            [
                -0.009101979434490204,
                2.663116902112961e-06,
                0.9999585747718811,
                0.012598571367561817
            ],
            [
                0.0,
                0.0,
                0.0,
                1.0
            ]
        ]
    },
    {
        "class": "Car",
        "extent": [
            1.5542958974838257,
            4.974244117736816,
            2.0384013652801514
        ],
        "position": [
            5.563079572865361,
            0.11359732192271821,
            -2.5573212017610873
        ],
        "yaw": -0.00024234765919728396,
        "num_points": 373,
        "distance": 6.123777462853841,
        "speed": -2.3195601785202338e-08,
        "brake": 1.0,
        "id": 302,
        "ego_matrix": [
            [
                -0.0028304001316428185,
                0.9999960064888,
                3.6399042073753662e-06,
                -41.659217834472656
            ],
            [
                -0.9999867677688599,
                -0.002830389654263854,
                0.004296892322599888,
                92.44392395019531
            ],
            [
                0.004296885337680578,
                8.522067219018936e-06,
                0.9999907612800598,
                -0.02391078881919384
            ],
            [
                0.0,
                0.0,
                0.0,
                1.0
            ]
        ]
    },
    {
        "class": "Car",
        "extent": [
            1.6355280876159668,
            5.0267767906188965,
            2.1515462398529053
        ],
        "position": [
            -27.649032823496416,
            37.96660956133998,
            -2.4045895059444833
        ],
        "yaw": -1.1280652366451807,
        "num_points": 0,
        "distance": 47.02886888231645,
        "speed": 4.761332045978617,
        "brake": 0.0,
        "id": 314,
        "ego_matrix": [
            [
                -0.9046679735183716,
                0.42607709765434265,
                0.005842311307787895,
                -79.4261474609375
            ],
            [
                -0.4260581433773041,
                -0.9046858549118042,
                0.004233927000313997,
                125.75389099121094
            ],
            [
                0.007089435588568449,
                0.0013411338441073895,
                0.9999739527702332,
                0.12885653972625732
            ],
            [
                0.0,
                0.0,
                0.0,
                1.0
            ]
        ]
    },
    {
        "class": "Car",
        "extent": [
            1.6171096563339233,
            3.987684965133667,
            1.8508483171463013
        ],
        "position": [
            -32.10142566607118,
            -20.997618963538436,
            -2.494858256765157
        ],
        "yaw": -1.557265604244531,
        "num_points": 8,
        "distance": 38.43989918891037,
        "speed": 4.211137541449437,
        "brake": 1.0,
        "id": 322,
        "ego_matrix": [
            [
                -0.9999399185180664,
                0.010942395776510239,
                -0.0006555512663908303,
                -20.450593948364258
            ],
            [
                -0.010942389257252216,
                -0.9999401569366455,
                -1.2707929272437468e-05,
                130.0536651611328
            ],
            [
                -0.000655651034321636,
                -5.533867806661874e-06,
                0.9999997615814209,
                0.038592565804719925
            ],
            [
                0.0,
                0.0,
                0.0,
                1.0
            ]
        ]
    },
    {
        "class": "Car",
        "extent": [
            1.1256572008132935,
            1.8354405164718628,
            0.3289288878440857
        ],
        "position": [
            31.683112418041265,
            -32.71885262827671,
            -2.5468904985641725
        ],
        "yaw": -1.5650630736001743,
        "num_points": 0,
        "distance": 45.61611098084543,
        "speed": 1.4392032794537915,
        "brake": 0.0,
        "id": 326,
        "ego_matrix": [
            [
                -0.9999896883964539,
                0.003145224880427122,
                0.003283978905528784,
                -8.894478797912598
            ],
            [
                -0.003145108465105295,
                -0.9999950528144836,
                4.0688759327167645e-05,
                66.23900604248047
            ],
            [
                0.0032840906642377377,
                3.035986992472317e-05,
                0.9999946355819702,
                -0.013508109375834465
            ],
            [
                0.0,
                0.0,
                0.0,
                1.0
            ]
        ]
    },
    {
        "class": "Car",
        "extent": [
            1.8779358863830566,
            3.866220712661743,
            1.9051965475082397
        ],
        "position": [
            -35.652431795866846,
            -24.517167099956065,
            -2.52362511120677
        ],
        "yaw": -1.5628305456583607,
        "num_points": 1,
        "distance": 43.34231257406576,
        "speed": 1.6378576477894306e-08,
        "brake": 1.0,
        "id": 342,
        "ego_matrix": [
            [
                -0.9999854564666748,
                0.005377692636102438,
                0.00041067422716878355,
                -16.92186737060547
            ],
            [
                -0.005377655848860741,
                -0.9999855160713196,
                9.009407222038135e-05,
                133.59555053710938
            ],
            [
                0.0004111528105568141,
                8.788429840933532e-05,
                0.9999999403953552,
                0.009829521179199219
            ],
            [
                0.0,
                0.0,
                0.0,
                1.0
            ]
        ]
    },
    {
        "class": "Car",
        "extent": [
            1.6493593454360962,
            4.855708599090576,
            2.0327565670013428
        ],
        "position": [
            48.26848602428712,
            0.01109070346553942,
            -2.5430755551039974
        ],
        "yaw": -0.00042810314523022974,
        "num_points": 0,
        "distance": 48.33543316615122,
        "speed": 1.1293656975822297e-09,
        "brake": 1.0,
        "id": 366,
        "ego_matrix": [
            [
                -0.0030161533504724503,
                0.9999954700469971,
                -1.5630121197318658e-06,
                -41.667236328125
            ],
            [
                -0.9999954700469971,
                -0.0030161533504724503,
                1.1568066838663071e-05,
                49.73839569091797
            ],
            [
                1.156330017693108e-05,
                1.5978961300788797e-06,
                1.0,
                -0.00971096009016037
            ],
            [
                0.0,
                0.0,
                0.0,
                1.0
            ]
        ]
    },
    {
        "class": "Car",
        "extent": [
            1.3787471055984497,
            2.2072951793670654,
            1.4809197187423706
        ],
        "position": [
            -32.410322948861456,
            35.48524093517894,
            -2.5307535145805944
        ],
        "yaw": -1.216770338865758,
        "num_points": 0,
        "distance": 48.125212427881884,
        "speed": 5.370617798953417,
        "brake": 0.0,
        "id": 381,
        "ego_matrix": [
            [
                -0.938862144947052,
                0.3442683517932892,
                0.004144086968153715,
                -76.93246459960938
            ],
            [
                -0.3442421853542328,
                -0.938862144947052,
                0.005929129663854837,
                130.5087432861328
            ],
            [
                0.005931938532739878,
                0.004140065982937813,
                0.9999738335609436,
                0.002697639400139451
            ],
            [
                0.0,
                0.0,
                0.0,
                1.0
            ]
        ]
    },
    {
        "class": "Car",
        "extent": [
            1.0795789957046509,
            1.4872888326644897,
            0.8592574596405029
        ],
        "position": [
            -35.70829569123802,
            -20.113496675090214,
            -2.5310843729922303
        ],
        "yaw": -1.556867461661564,
        "num_points": 0,
        "distance": 41.061435895191956,
        "speed": -2.7508136590841553e-08,
        "brake": 1.0,
        "id": 382,
        "ego_matrix": [
            [
                -0.9999356865882874,
                0.011340525932610035,
                3.8275121028163994e-07,
                -21.32537841796875
            ],
            [
                -0.011340525932610035,
                -0.9999356865882874,
                -2.2131916921352968e-06,
                133.66281127929688
            ],
            [
                3.576278402306343e-07,
                -2.2173899196786806e-06,
                1.0,
                0.002370319329202175
            ],
            [
                0.0,
                0.0,
                0.0,
                1.0
            ]
        ]
    },
    {
        "class": "Car",
        "extent": [
            1.5470870733261108,
            3.705369472503662,
            1.7886788845062256
        ],
        "position": [
            -30.836773957788637,
            22.48356619038523,
            -2.5414078779163294
        ],
        "yaw": 4.478751455848692,
        "num_points": 6,
        "distance": 38.2475637232376,
        "speed": 4.89441361895608,
        "brake": 0.0,
        "id": 390,
        "ego_matrix": [
            [
                -0.9722281694412231,
                -0.234025239944458,
                0.002122814068570733,
                -63.934906005859375
            ],
            [
                0.23403462767601013,
                -0.972200334072113,
                0.007366957608610392,
                128.90155029296875
            ],
            [
                0.00033974647521972656,
                0.007659176364541054,
                0.9999706149101257,
                -0.007958412170410156
            ],
            [
                0.0,
                0.0,
                0.0,
                1.0
            ]
        ]
    },
    {
        "class": "Car",
        "extent": [
            1.5542958974838257,
            4.974244117736816,
            2.0384013652801514
        ],
        "position": [
            4.828927694676302,
            7.004524270684769,
            -2.5572924646322996
        ],
        "yaw": 3.1413328622254557,
        "num_points": 258,
        "distance": 8.883785662018694,
        "speed": 4.6786368789916795,
        "brake": 0.0,
        "id": 392,
        "ego_matrix": [
            [
                0.0028478370513767004,
                -0.9999959468841553,
                -4.043854460178409e-06,
                -48.548221588134766
            ],
            [
                0.999987006187439,
                0.002847828669473529,
                -0.0042253658175468445,
                93.19590759277344
            ],
            [
                0.004225360229611397,
                7.989350706338882e-06,
                0.9999910593032837,
                -0.02388126403093338
            ],
            [
                0.0,
                0.0,
                0.0,
                1.0
            ]
        ]
    },
    {
        "class": "Car",
        "extent": [
            1.6672759056091309,
            4.611005783081055,
            2.241713285446167
        ],
        "position": [
            31.690539238551136,
            -22.682839781447157,
            -2.4593677920296413
        ],
        "yaw": -1.5650883736305299,
        "num_points": 1,
        "distance": 39.049327621835225,
        "speed": -1.0400025987658077e-08,
        "brake": 1.0,
        "id": 393,
        "ego_matrix": [
            [
                -0.9999951124191284,
                0.0031198530923575163,
                1.1444054507592227e-05,
                -18.930477142333984
            ],
            [
                -0.0031198530923575163,
                -0.9999951124191284,
                2.956192091119192e-08,
                66.25755310058594
            ],
            [
                1.1444090887380298e-05,
                -6.141990471775216e-09,
                1.0,
                0.0740145891904831
            ],
            [
                0.0,
                0.0,
                0.0,
                1.0
            ]
        ]
    },
    {
        "class": "Car",
        "extent": [
            1.6493593454360962,
            4.855708599090576,
            2.0327565670013428
        ],
        "position": [
            -9.896516161979498,
            10.518751359497616,
            -2.5431809892748927
        ],
        "yaw": 3.143949817470622,
        "num_points": 67,
        "distance": 14.664683148689699,
        "speed": 0.000480235253860936,
        "brake": 1.0,
        "id": 407,
        "ego_matrix": [
            [
                0.00023086467990651727,
                -1.0,
                -3.031404958164785e-06,
                -52.02432632446289
            ],
            [
                1.0,
                0.00023086534929461777,
                -0.00022351671941578388,
                107.9303970336914
            ],
            [
                0.00022351740335579962,
                -2.979802729896619e-06,
                1.0,
                -0.009753989987075329
            ],
            [
                0.0,
                0.0,
                0.0,
                1.0
            ]
        ]
    }
]