[
    {
        "class": "Car",
        "extent": [
            1.5107464790344238,
            4.901683330535889,
            2.128324270248413
        ],
        "position": [
            -1.3,
            0.0,
            -2.5
        ],
        "yaw": 0,
        "num_points": -1,
        "distance": -1,
        "speed": 9.081912113710687e-10,
        "brake": 1.0,
        "id": 282,
        "ego_matrix": [
            [
                -0.0025880744215101004,
                0.9999966621398926,
                -2.776702423545885e-09,
                -41.52785873413086
            ],
            [
                -0.9999966621398926,
                -0.0025880744215101004,
                -1.0728799679782242e-06,
                99.30668640136719
            ],
            [
                -1.0728834922701935e-06,
                -0.0,
                1.0,
                0.033417776226997375
            ],
            [
                0.0,
                0.0,
                0.0,
                1.0
            ]
        ]
    },
    {
        "class": "Car",
        "extent": [
            1.4750303030014038,
            3.805800199508667,
            1.97027587890625
        ],
        "position": [
            -34.374879001498265,
            19.173250123105987,
            -2.491358803825994
        ],
        "yaw": 4.371645508392321,
        "num_points": 5,
        "distance": 39.439227874544294,
        "speed": 4.923305007492609,
        "brake": 0.0,
        "id": 287,
        "ego_matrix": [
            [
                -0.9416384100914001,
                -0.33662599325180054,
                0.00011065976286772639,
                -60.61544418334961
            ],
            [
                0.3366260230541229,
                -0.9416383504867554,
                0.0003315027861390263,
                132.4310760498047
            ],
            [
                -7.390975497401087e-06,
                0.000349406705936417,
                0.9999999403953552,
                0.042094457894563675
            ],
            [
                0.0,
                0.0,
                0.0,
                1.0
            ]
        ]
    },
    {
        "class": "Car",
        "extent": [
            1.8548461198806763,
            4.6045098304748535,
            1.9315931797027588
        ],
        "position": [
            2.280580644257417,
            10.498329198396972,
            -2.521919641803339
        ],
        "yaw": 3.141347110137288,
        "num_points": 16,
        "distance": 11.035218290210187,
        "speed": 3.1509969696100595,
        "brake": 0.0,
        "id": 295,
        "ego_matrix": [
            [
                0.002833547303453088,
                -0.9999960064888,
                9.643434168538079e-06,
                -52.03541946411133
            ],
            [
                0.9999924898147583,
                0.0028335629031062126,
                0.002651433227583766,
                95.75328826904297
            ],
            [
                -0.0026514497585594654,
                2.1304001620592317e-06,
                0.9999964833259583,
                0.011494292877614498
            ],
            [
                0.0,
                0.0,
                0.0,
                1.0
            ]
        ]
    },
    {
        "class": "Car",
        "extent": [
            1.5542958974838257,
            4.974244117736816,
            2.0384013652801514
        ],
        "position": [
            5.563079572865361,
            0.11359732192271821,
            -2.5573212017610873
        ],
        "yaw": -0.00024234765919728396,
        "num_points": 355,
        "distance": 6.123777462853841,
        "speed": -1.9136246848497784e-08,
        "brake": 1.0,
        "id": 302,
        "ego_matrix": [
            [
                -0.0028304001316428185,
                0.9999960064888,
                3.6399042073753662e-06,
                -41.659217834472656
            ],
            [
                -0.9999867677688599,
                -0.002830389654263854,
                0.004296892322599888,
                92.44392395019531
            ],
            [
                0.004296885337680578,
                8.522067219018936e-06,
                0.9999907612800598,
                -0.02391078881919384
            ],
            [
                0.0,
                0.0,
                0.0,
                1.0
            ]
        ]
    },
    {
        "class": "Car",
        "extent": [
            1.0239027738571167,
            1.6428436040878296,
            0.3725162446498871
        ],
        "position": [
            -35.714373084868164,
            -35.5563161942008,
            -2.5511995249947113
        ],
        "yaw": -1.558372147677459,
        "num_points": 0,
        "distance": 50.46064491426437,
        "speed": 1.7628569115514454,
        "brake": 0.0,
        "id": 303,
        "ego_matrix": [
            [
                -0.9999358654022217,
                0.00983527023345232,
                -0.005608974955976009,
                -5.882595062255859
            ],
            [
                -0.009835796430706978,
                -0.9999516010284424,
                6.62737074890174e-05,
                133.62892150878906
            ],
            [
                -0.005608052015304565,
                0.00012143819913035259,
                0.9999842643737793,
                -0.017744826152920723
            ],
            [
                0.0,
                0.0,
                0.0,
                1.0
            ]
        ]
    },
    {
        "class": "Car",
        "extent": [
            1.6355280876159668,
            5.0267767906188965,
            2.1515462398529053
        ],
        "position": [
            -26.473248066162206,
            40.038814595009214,
            -2.4045881997608762
        ],
        "yaw": -1.06025396475682,
        "num_points": 0,
        "distance": 48.05956285440509,
        "speed": 4.763536689255149,
        "brake": 0.0,
        "id": 314,
        "ego_matrix": [
            [
                -0.8737193942070007,
                0.48639869689941406,
                0.005540858022868633,
                -81.50138854980469
            ],
            [
                -0.48637858033180237,
                -0.8737359642982483,
                0.00462309131398797,
                124.5834732055664
            ],
            [
                0.007089912425726652,
                0.0013443295611068606,
                0.9999739527702332,
                0.1288565844297409
            ],
            [
                0.0,
                0.0,
                0.0,
                1.0
            ]
        ]
    },
    {
        "class": "Car",
        "extent": [
            1.6171096563339233,
            3.987684965133667,
            1.8508483171463013
        ],
        "position": [
            -32.093124286990026,
            -20.337068083836733,
            -2.4944049470846457
        ],
        "yaw": -1.5574027570406699,
        "num_points": 7,
        "distance": 38.076068872545655,
        "speed": -0.00035372641961992833,
        "brake": 1.0,
        "id": 322,
        "ego_matrix": [
            [
                -0.9999403953552246,
                0.010805285535752773,
                -0.0015999691095203161,
                -21.111164093017578
            ],
            [
                -0.01080529484897852,
                -0.9999416470527649,
                -2.907260750362184e-06,
                130.0470733642578
            ],
            [
                -0.0015999070601537824,
                1.4381050277734175e-05,
                0.9999987483024597,
                0.03904586657881737
            ],
            [
                0.0,
                0.0,
                0.0,
                1.0
            ]
        ]
    },
    {
        "class": "Car",
        "extent": [
            1.1256572008132935,
            1.8354405164718628,
            0.3289288878440857
        ],
        "position": [
            31.686171558282556,
            -32.008507168304064,
            -2.54685559117462
        ],
        "yaw": -1.5658881209058806,
        "num_points": 0,
        "distance": 45.11146719589804,
        "speed": 1.4282709097404134,
        "brake": 0.0,
        "id": 326,
        "ego_matrix": [
            [
                -0.9999904036521912,
                0.002320376690477133,
                0.0037236118223518133,
                -9.604829788208008
            ],
            [
                -0.002320184139534831,
                -0.9999973177909851,
                5.604393300018273e-05,
                66.23778533935547
            ],
            [
                0.003723731730133295,
                4.74039297841955e-05,
                0.999993085861206,
                -0.013473205268383026
            ],
            [
                0.0,
                0.0,
                0.0,
                1.0
            ]
        ]
    },
    {
        "class": "Car",
        "extent": [
            1.8779358863830566,
            3.866220712661743,
            1.9051965475082397
        ],
        "position": [
            -35.652431795866846,
            -24.517167099956065,
            -2.52362511120677
        ],
        "yaw": -1.5628305456583607,
        "num_points": 5,
        "distance": 43.34231257406576,
        "speed": 1.3992859542807766e-08,
        "brake": 1.0,
        "id": 342,
        "ego_matrix": [
            [
                -0.9999854564666748,
                0.005377692636102438,
                0.00041067422716878355,
                -16.92186737060547
            ],
            [
                -0.005377655848860741,
                -0.9999855160713196,
                9.009407222038135e-05,
                133.59555053710938
            ],
            [
                0.0004111528105568141,
                8.788429840933532e-05,
                0.9999999403953552,
                0.009829521179199219
            ],
            [
                0.0,
                0.0,
                0.0,
                1.0
            ]
        ]
    },
    {
        "class": "Car",
        "extent": [
            1.6493593454360962,
            4.855708599090576,
            2.0327565670013428
        ],
        "position": [
            48.26848602428712,
            0.01109070346553942,
            -2.5430755551039974
        ],
        "yaw": -0.00042810314523022974,
        "num_points": 0,
        "distance": 48.33543316615122,
        "speed": 7.885392480535211e-09,
        "brake": 1.0,
        "id": 366,
        "ego_matrix": [
            [
                -0.0030161533504724503,
                0.9999954700469971,
                -1.5630121197318658e-06,
                -41.667236328125
            ],
            [
                -0.9999954700469971,
                -0.0030161533504724503,
                1.1568066838663071e-05,
                49.73839569091797
            ],
            [
                1.156330017693108e-05,
                1.5978961300788797e-06,
                1.0,
                -0.00971096009016037
            ],
            [
                0.0,
                0.0,
                0.0,
                1.0
            ]
        ]
    },
    {
        "class": "Car",
        "extent": [
            1.3787471055984497,
            2.2072951793670654,
            1.4809197187423706
        ],
        "position": [
            -31.352629202221678,
            37.95431359969726,
            -2.5307521127416255
        ],
        "yaw": -1.1472775470651215,
        "num_points": 0,
        "distance": 49.29423886188237,
        "speed": 5.3719304136177985,
        "brake": 0.0,
        "id": 381,
        "ego_matrix": [
            [
                -0.9126929640769958,
                0.4086284935474396,
                0.003788223024457693,
                -79.40426635742188
            ],
            [
                -0.4086029827594757,
                -0.912692129611969,
                0.006059309467673302,
                129.4574432373047
            ],
            [
                0.0059334877878427505,
                0.003982410300523043,
                0.9999744892120361,
                0.002697906456887722
            ],
            [
                0.0,
                0.0,
                0.0,
                1.0
            ]
        ]
    },
    {
        "class": "Car",
        "extent": [
            1.0795789957046509,
            1.4872888326644897,
            0.8592574596405029
        ],
        "position": [
            -35.70829569123802,
            -20.113496675090214,
            -2.5310843729922303
        ],
        "yaw": -1.556867461661564,
        "num_points": 0,
        "distance": 41.061435895191956,
        "speed": -1.573310060381579e-08,
        "brake": 1.0,
        "id": 382,
        "ego_matrix": [
            [
                -0.9999356865882874,
                0.011340525932610035,
                3.8275121028163994e-07,
                -21.32537841796875
            ],
            [
                -0.011340525932610035,
                -0.9999356865882874,
                -2.2131916921352968e-06,
                133.66281127929688
            ],
            [
                3.576278402306343e-07,
                -2.2173899196786806e-06,
                1.0,
                0.002370319329202175
            ],
            [
                0.0,
                0.0,
                0.0,
                1.0
            ]
        ]
    },
    {
        "class": "Car",
        "extent": [
            1.5470870733261108,
            3.705369472503662,
            1.7886788845062256
        ],
        "position": [
            -31.06074035178727,
            24.925537399591757,
            -2.541444967846499
        ],
        "yaw": 4.626880736736643,
        "num_points": 3,
        "distance": 39.906277054921894,
        "speed": 4.902699539026791,
        "brake": 0.0,
        "id": 390,
        "ego_matrix": [
            [
                -0.9961219429969788,
                -0.08797765523195267,
                0.0009789846371859312,
                -66.37628936767578
            ],
            [
                0.08798237890005112,
                -0.9960970878601074,
                0.007054465357214212,
                129.1318359375
            ],
            [
                0.000354528398020193,
                0.007113241590559483,
                0.9999746680259705,
                -0.007995261810719967
            ],
            [
                0.0,
                0.0,
                0.0,
                1.0
            ]
        ]
    },
    {
        "class": "Car",
        "extent": [
            1.5542958974838257,
            4.974244117736816,
            2.0384013652801514
        ],
        "position": [
            2.4889301118376395,
            7.004133518747588,
            -2.5572949546881145
        ],
        "yaw": 3.1413328622254557,
        "num_points": 476,
        "distance": 7.860815284391873,
        "speed": 4.681185072912184,
        "brake": 0.0,
        "id": 392,
        "ego_matrix": [
            [
                0.0028478370513767004,
                -0.9999959468841553,
                -4.043854460178409e-06,
                -48.54177474975586
            ],
            [
                0.999987006187439,
                0.002847828669473529,
                -0.0042253658175468445,
                95.53589630126953
            ],
            [
                0.004225360229611397,
                7.989350706338882e-06,
                0.9999910593032837,
                -0.02388124354183674
            ],
            [
                0.0,
                0.0,
                0.0,
                1.0
            ]
        ]
    },
    {
        "class": "Car",
        "extent": [
            1.6672759056091309,
            4.611005783081055,
            2.241713285446167
        ],
        "position": [
            31.690539238551136,
            -22.682839781447157,
            -2.4593677920296413
        ],
        "yaw": -1.5650883736305299,
        "num_points": 0,
        "distance": 39.049327621835225,
        "speed": 3.317577786683716e-08,
        "brake": 1.0,
        "id": 393,
        "ego_matrix": [
            [
                -0.9999951124191284,
                0.0031198530923575163,
                1.1444054507592227e-05,
                -18.930477142333984
            ],
            [
                -0.0031198530923575163,
                -0.9999951124191284,
                2.956192091119192e-08,
                66.25755310058594
            ],
            [
                1.1444090887380298e-05,
                -6.141990471775216e-09,
                1.0,
                0.0740145891904831
            ],
            [
                0.0,
                0.0,
                0.0,
                1.0
            ]
        ]
    },
    {
        "class": "Car",
        "extent": [
            1.6493593454360962,
            4.855708599090576,
            2.0327565670013428
        ],
        "position": [
            -9.896432229098874,
            10.5187549569823,
            -2.543132695452736
        ],
        "yaw": 3.143949817470622,
        "num_points": 69,
        "distance": 14.664620711660676,
        "speed": -4.8301293142255e-05,
        "brake": 1.0,
        "id": 407,
        "ego_matrix": [
            [
                0.00023086467990651727,
                -1.0,
                -8.990165270006401e-07,
                -52.024330139160156
            ],
            [
                1.0,
                0.00023086466535460204,
                1.2755601346725598e-05,
                107.93031311035156
            ],
            [
                -1.2755393072438892e-05,
                -9.019613003147242e-07,
                1.0,
                -0.009705696254968643
            ],
            [
                0.0,
                0.0,
                0.0,
                1.0
            ]
        ]
    }
]