[
    {
        "class": "Car",
        "extent": [
            1.5107464790344238,
            4.901683330535889,
            2.128324270248413
        ],
        "position": [
            -1.3,
            0.0,
            -2.5
        ],
        "yaw": 0,
        "num_points": -1,
        "distance": -1,
        "speed": 2.150281250763617e-09,
        "brake": 1.0,
        "id": 282,
        "ego_matrix": [
            [
                -0.0025880744215101004,
                0.9999966621398926,
                -2.776702423545885e-09,
                -41.52785873413086
            ],
            [
                -0.9999966621398926,
                -0.0025880744215101004,
                -1.0728799679782242e-06,
                99.30668640136719
            ],
            [
                -1.0728834922701935e-06,
                -0.0,
                1.0,
                0.033417776226997375
            ],
            [
                0.0,
                0.0,
                0.0,
                1.0
            ]
        ]
    },
    {
        "class": "Car",
        "extent": [
            1.4750303030014038,
            3.805800199508667,
            1.97027587890625
        ],
        "position": [
            -34.81469449183459,
            21.5984840721808,
            -2.4913593502026044
        ],
        "yaw": 4.532483394002131,
        "num_points": 5,
        "distance": 41.04588089184915,
        "speed": 4.922884736200146,
        "brake": 0.0,
        "id": 287,
        "ego_matrix": [
            [
                -0.983394205570221,
                -0.18148231506347656,
                5.757844337495044e-05,
                -63.03953170776367
            ],
            [
                0.18148232996463776,
                -0.9833941459655762,
                0.00035009716521017253,
                132.87716674804688
            ],
            [
                -6.914138339197962e-06,
                0.0003547329979483038,
                0.9999999403953552,
                0.042094383388757706
            ],
            [
                0.0,
                0.0,
                0.0,
                1.0
            ]
        ]
    },
    {
        "class": "Car",
        "extent": [
            1.8548461198806763,
            4.6045098304748535,
            1.9315931797027588
        ],
        "position": [
            0.8616220623275395,
            10.497992320767349,
            -2.521853491488419
        ],
        "yaw": 3.141349640140323,
        "num_points": 0,
        "distance": 10.830973196241976,
        "speed": 2.585360935710006,
        "brake": 0.0,
        "id": 295,
        "ego_matrix": [
            [
                0.002831039484590292,
                -0.9999960064888,
                1.169866845884826e-05,
                -52.031410217285156
            ],
            [
                0.9999909400939941,
                0.0028310625348240137,
                0.0031915646977722645,
                97.1722412109375
            ],
            [
                -0.0031915849540382624,
                2.6631166747392854e-06,
                0.9999949336051941,
                0.011561965569853783
            ],
            [
                0.0,
                0.0,
                0.0,
                1.0
            ]
        ]
    },
    {
        "class": "Car",
        "extent": [
            1.5542958974838257,
            4.974244117736816,
            2.0384013652801514
        ],
        "position": [
            5.563079572865361,
            0.11359732192271821,
            -2.5573212017610873
        ],
        "yaw": -0.00024234765919728396,
        "num_points": 387,
        "distance": 6.123777462853841,
        "speed": -1.3725555982978266e-08,
        "brake": 1.0,
        "id": 302,
        "ego_matrix": [
            [
                -0.0028304001316428185,
                0.9999960064888,
                3.6399042073753662e-06,
                -41.659217834472656
            ],
            [
                -0.9999867677688599,
                -0.002830389654263854,
                0.004296892322599888,
                92.44392395019531
            ],
            [
                0.004296885337680578,
                8.522067219018936e-06,
                0.9999907612800598,
                -0.02391078881919384
            ],
            [
                0.0,
                0.0,
                0.0,
                1.0
            ]
        ]
    },
    {
        "class": "Car",
        "extent": [
            1.0239027738571167,
            1.6428436040878296,
            0.3725162446498871
        ],
        "position": [
            -35.70514858432145,
            -34.64520848535152,
            -2.5511697239513795
        ],
        "yaw": -1.560592158762149,
        "num_points": 0,
        "distance": 49.8162280123892,
        "speed": 1.794556553841617,
        "brake": 0.0,
        "id": 303,
        "ego_matrix": [
            [
                -0.9999588131904602,
                0.0076156058348715305,
                -0.004930651281028986,
                -6.7937235832214355
            ],
            [
                -0.007616027723997831,
                -0.9999709725379944,
                6.684540130663663e-05,
                133.62205505371094
            ],
            [
                -0.004929999355226755,
                0.00010439463221700862,
                0.9999878406524658,
                -0.017715035006403923
            ],
            [
                0.0,
                0.0,
                0.0,
                1.0
            ]
        ]
    },
    {
        "class": "Car",
        "extent": [
            1.6355280876159668,
            5.0267767906188965,
            2.1515462398529053
        ],
        "position": [
            -25.163272104900177,
            42.030395571686526,
            -2.4045869880243136
        ],
        "yaw": -0.9942773445434154,
        "num_points": 0,
        "distance": 49.046166552755885,
        "speed": 4.76613139342816,
        "brake": 0.0,
        "id": 314,
        "ego_matrix": [
            [
                -0.8397521376609802,
                0.5429446697235107,
                0.005237044300884008,
                -83.49635314941406
            ],
            [
                -0.542923629283905,
                -0.8397673964500427,
                0.004959489218890667,
                123.27865600585938
            ],
            [
                0.007090627681463957,
                0.0013214267091825604,
                0.9999739527702332,
                0.12885639071464539
            ],
            [
                0.0,
                0.0,
                0.0,
                1.0
            ]
        ]
    },
    {
        "class": "Car",
        "extent": [
            1.6171096563339233,
            3.987684965133667,
            1.8508483171463013
        ],
        "position": [
            -32.093123017522736,
            -20.33657789687428,
            -2.4951717757394816
        ],
        "yaw": -1.5574027570406699,
        "num_points": 6,
        "distance": 38.07585623152722,
        "speed": -3.4870022617287845e-06,
        "brake": 1.0,
        "id": 322,
        "ego_matrix": [
            [
                -0.9999416470527649,
                0.010805308818817139,
                -4.297038685763255e-06,
                -21.11165428161621
            ],
            [
                -0.010805308818817139,
                -0.9999416470527649,
                4.862297373620095e-07,
                130.0470733642578
            ],
            [
                -4.291533969080774e-06,
                5.326321570464643e-07,
                1.0,
                0.03827903792262077
            ],
            [
                0.0,
                0.0,
                0.0,
                1.0
            ]
        ]
    },
    {
        "class": "Car",
        "extent": [
            1.1256572008132935,
            1.8354405164718628,
            0.3289288878440857
        ],
        "position": [
            31.68944536849013,
            -31.31249699073372,
            -2.5468228004509634
        ],
        "yaw": -1.5648228564698492,
        "num_points": 0,
        "distance": 44.62263687786868,
        "speed": 1.3583756384858405,
        "brake": 0.0,
        "id": 326,
        "ego_matrix": [
            [
                -0.9999857544898987,
                0.0033852425403892994,
                0.004133597016334534,
                -10.300846099853516
            ],
            [
                -0.003385421121492982,
                -0.9999942779541016,
                -3.6209796235198155e-05,
                66.23631286621094
            ],
            [
                0.004133450798690319,
                -5.020324533688836e-05,
                0.9999914765357971,
                -0.013440418057143688
            ],
            [
                0.0,
                0.0,
                0.0,
                1.0
            ]
        ]
    },
    {
        "class": "Car",
        "extent": [
            1.8779358863830566,
            3.866220712661743,
            1.9051965475082397
        ],
        "position": [
            -35.652431795866846,
            -24.517167099956065,
            -2.52362511120677
        ],
        "yaw": -1.5628305456583607,
        "num_points": 2,
        "distance": 43.34231257406576,
        "speed": 1.4212073276106784e-08,
        "brake": 1.0,
        "id": 342,
        "ego_matrix": [
            [
                -0.9999854564666748,
                0.005377692636102438,
                0.00041067422716878355,
                -16.92186737060547
            ],
            [
                -0.005377655848860741,
                -0.9999855160713196,
                9.009407222038135e-05,
                133.59555053710938
            ],
            [
                0.0004111528105568141,
                8.788429840933532e-05,
                0.9999999403953552,
                0.009829521179199219
            ],
            [
                0.0,
                0.0,
                0.0,
                1.0
            ]
        ]
    },
    {
        "class": "Car",
        "extent": [
            1.6493593454360962,
            4.855708599090576,
            2.0327565670013428
        ],
        "position": [
            48.26848602428712,
            0.01109070346553942,
            -2.5430755551039974
        ],
        "yaw": -0.00042810314523022974,
        "num_points": 0,
        "distance": 48.33543316615122,
        "speed": 2.2101068900417648e-10,
        "brake": 1.0,
        "id": 366,
        "ego_matrix": [
            [
                -0.0030161533504724503,
                0.9999954700469971,
                -1.5630121197318658e-06,
                -41.667236328125
            ],
            [
                -0.9999954700469971,
                -0.0030161533504724503,
                1.1568066838663071e-05,
                49.73839569091797
            ],
            [
                1.156330017693108e-05,
                1.5978961300788797e-06,
                1.0,
                -0.00971096009016037
            ],
            [
                0.0,
                0.0,
                0.0,
                1.0
            ]
        ]
    },
    {
        "class": "Car",
        "extent": [
            1.3787471055984497,
            2.2072951793670654,
            1.4809197187423706
        ],
        "position": [
            -30.127884586463804,
            40.345614490445584,
            -2.5307507223648242
        ],
        "yaw": -1.078875319730872,
        "num_points": 0,
        "distance": 50.41688940707951,
        "speed": 5.373225728788195,
        "brake": 0.0,
        "id": 381,
        "ego_matrix": [
            [
                -0.8826310634613037,
                0.47005435824394226,
                0.003379723522812128,
                -81.7987289428711
            ],
            [
                -0.4700290560722351,
                -0.8826286196708679,
                0.006278596352785826,
                128.2388916015625
            ],
            [
                0.005934322252869606,
                0.0039531160145998,
                0.9999746084213257,
                0.0026979828253388405
            ],
            [
                0.0,
                0.0,
                0.0,
                1.0
            ]
        ]
    },
    {
        "class": "Car",
        "extent": [
            1.0795789957046509,
            1.4872888326644897,
            0.8592574596405029
        ],
        "position": [
            -35.70829569123802,
            -20.113496675090214,
            -2.5310843729922303
        ],
        "yaw": -1.556867461661564,
        "num_points": 0,
        "distance": 41.061435895191956,
        "speed": -2.5505320914153114e-08,
        "brake": 1.0,
        "id": 382,
        "ego_matrix": [
            [
                -0.9999356865882874,
                0.011340525932610035,
                3.8275121028163994e-07,
                -21.32537841796875
            ],
            [
                -0.011340525932610035,
                -0.9999356865882874,
                -2.2131916921352968e-06,
                133.66281127929688
            ],
            [
                3.576278402306343e-07,
                -2.2173899196786806e-06,
                1.0,
                0.002370319329202175
            ],
            [
                0.0,
                0.0,
                0.0,
                1.0
            ]
        ]
    },
    {
        "class": "Car",
        "extent": [
            1.5470870733261108,
            3.705369472503662,
            1.7886788845062256
        ],
        "position": [
            -30.95080036248925,
            27.37821063231948,
            -2.5416386367010517
        ],
        "yaw": -1.5217917658924578,
        "num_points": 3,
        "distance": 41.400222070248454,
        "speed": 4.910714185723032,
        "brake": 0.0,
        "id": 390,
        "ego_matrix": [
            [
                -0.9989227652549744,
                0.04640233889222145,
                0.0002578160783741623,
                -68.82923889160156
            ],
            [
                -0.046399760991334915,
                -0.9989026188850403,
                0.006367753725498915,
                129.0282440185547
            ],
            [
                0.0005530118360184133,
                0.006348931696265936,
                0.9999796748161316,
                -0.008189048618078232
            ],
            [
                0.0,
                0.0,
                0.0,
                1.0
            ]
        ]
    },
    {
        "class": "Car",
        "extent": [
            1.5542958974838257,
            4.974244117736816,
            2.0384013652801514
        ],
        "position": [
            0.14765843423777825,
            7.003749878983561,
            -2.55729744797353
        ],
        "yaw": 3.1413328622254557,
        "num_points": 628,
        "distance": 7.457485207358827,
        "speed": 4.6837290050816325,
        "brake": 0.0,
        "id": 392,
        "ego_matrix": [
            [
                0.0028478370513767004,
                -0.9999959468841553,
                -4.043854460178409e-06,
                -48.53533172607422
            ],
            [
                0.999987006187439,
                0.002847828669473529,
                -0.0042253658175468445,
                97.87715911865234
            ],
            [
                0.004225360229611397,
                7.989350706338882e-06,
                0.9999910593032837,
                -0.023881224915385246
            ],
            [
                0.0,
                0.0,
                0.0,
                1.0
            ]
        ]
    },
    {
        "class": "Car",
        "extent": [
            1.6672759056091309,
            4.611005783081055,
            2.241713285446167
        ],
        "position": [
            31.690539238551136,
            -22.682839781447157,
            -2.4593677920296413
        ],
        "yaw": -1.5650883736305299,
        "num_points": 0,
        "distance": 39.049327621835225,
        "speed": -8.815777897333962e-09,
        "brake": 1.0,
        "id": 393,
        "ego_matrix": [
            [
                -0.9999951124191284,
                0.0031198530923575163,
                1.1444054507592227e-05,
                -18.930477142333984
            ],
            [
                -0.0031198530923575163,
                -0.9999951124191284,
                2.956192091119192e-08,
                66.25755310058594
            ],
            [
                1.1444090887380298e-05,
                -6.141990471775216e-09,
                1.0,
                0.0740145891904831
            ],
            [
                0.0,
                0.0,
                0.0,
                1.0
            ]
        ]
    },
    {
        "class": "Car",
        "extent": [
            1.6493593454360962,
            4.855708599090576,
            2.0327565670013428
        ],
        "position": [
            -9.896439858461433,
            10.51875497672774,
            -2.543138760233527
        ],
        "yaw": 3.143949817470622,
        "num_points": 74,
        "distance": 14.664626926259695,
        "speed": 4.86947459175279e-06,
        "brake": 1.0,
        "id": 407,
        "ego_matrix": [
            [
                0.00023086467990651727,
                -1.0,
                -1.1816930509667145e-06,
                -52.024330139160156
            ],
            [
                1.0,
                0.0002308646944584325,
                -1.7165864846901968e-05,
                107.9303207397461
            ],
            [
                1.7166135876323096e-05,
                -1.1777300414905767e-06,
                1.0,
                -0.00971176102757454
            ],
            [
                0.0,
                0.0,
                0.0,
                1.0
            ]
        ]
    }
]