[
    {
        "class": "Car",
        "extent": [
            1.5107464790344238,
            4.901683330535889,
            2.128324270248413
        ],
        "position": [
            -1.3,
            0.0,
            -2.5
        ],
        "yaw": 0,
        "num_points": -1,
        "distance": -1,
        "speed": 1.2782993275965667e-05,
        "brake": 0.0,
        "id": 1374,
        "ego_matrix": [
            [
                0.39844754338264465,
                0.9171911478042603,
                -2.8708258469123393e-05,
                509.7377624511719
            ],
            [
                -0.9171911478042603,
                0.39844754338264465,
                1.2613136277650483e-05,
                91.98696899414062
            ],
            [
                2.3007391064311378e-05,
                2.1305288100847974e-05,
                1.0,
                0.02276405319571495
            ],
            [
                0.0,
                0.0,
                0.0,
                1.0
            ]
        ]
    },
    {
        "class": "Car",
        "extent": [
            1.6355280876159668,
            5.0267767906188965,
            2.1515462398529053
        ],
        "position": [
            40.737035900851076,
            1.8122483797830558,
            -2.3968671830927466
        ],
        "yaw": 1.1604747086564453,
        "num_points": 4,
        "distance": 40.847708754233,
        "speed": 0.0002103594599705519,
        "brake": 0.0,
        "id": 1432,
        "ego_matrix": [
            [
                0.9999735951423645,
                0.000496145396027714,
                -0.007252278737723827,
                524.8251342773438
            ],
            [
                -0.0004979980294592679,
                0.9999998211860657,
                -0.0002536497195251286,
                52.70888900756836
            ],
            [
                0.00725215207785368,
                0.00025725463638082147,
                0.9999736547470093,
                0.12682542204856873
            ],
            [
                0.0,
                0.0,
                0.0,
                1.0
            ]
        ]
    },
    {
        "class": "Car",
        "extent": [
            1.2511454820632935,
            2.2094459533691406,
            0.8670341968536377
        ],
        "position": [
            -36.200671629901656,
            -35.37776080946805,
            -2.584632058596627
        ],
        "yaw": 1.165069070666255,
        "num_points": 0,
        "distance": 50.68288576261444,
        "speed": 1.2834966469120668e-07,
        "brake": 0.0,
        "id": 1522,
        "ego_matrix": [
            [
                0.9999915361404419,
                -0.004095783922821283,
                -0.00029846251709386706,
                528.2798461914062
            ],
            [
                0.004096338525414467,
                0.9999898076057434,
                0.0018819435499608517,
                138.09373474121094
            ],
            [
                0.00029075145721435547,
                -0.0018831503111869097,
                0.999998152256012,
                -0.061917245388031006
            ],
            [
                0.0,
                0.0,
                0.0,
                1.0
            ]
        ]
    },
    {
        "class": "Car",
        "extent": [
            1.488319993019104,
            4.791779518127441,
            2.163450002670288
        ],
        "position": [
            38.5230948938539,
            25.673359099702594,
            -2.530167315845494
        ],
        "yaw": 1.160485893965533,
        "num_points": 0,
        "distance": 46.36326082480963,
        "speed": 5.790616284107697e-09,
        "brake": 0.0,
        "id": 1557,
        "ego_matrix": [
            [
                0.9999998807907104,
                0.00048682582564651966,
                0.0,
                502.05780029296875
            ],
            [
                -0.00048682582564651966,
                0.9999998807907104,
                0.0,
                45.232093811035156
            ],
            [
                0.0,
                -0.0,
                1.0,
                -0.007034015376120806
            ],
            [
                0.0,
                0.0,
                0.0,
                1.0
            ]
        ]
    },
    {
        "class": "Car",
        "extent": [
            1.0239027738571167,
            1.6428436040878296,
            0.3725162446498871
        ],
        "position": [
            47.61276796279572,
            4.8072709265064235,
            -2.5489749759674183
        ],
        "yaw": 1.1604906876554952,
        "num_points": 0,
        "distance": 47.9226752202751,
        "speed": -0.00018086624240490996,
        "brake": 0.0,
        "id": 1594,
        "ego_matrix": [
            [
                0.9999861121177673,
                0.0004820308240596205,
                0.0052436338737607,
                524.8177490234375
            ],
            [
                -0.0004820254980586469,
                0.9999998807907104,
                -2.2764136247133138e-06,
                45.20916748046875
            ],
            [
                -0.0052436343394219875,
                -2.511830814455607e-07,
                0.9999862313270569,
                -0.025187987834215164
            ],
            [
                0.0,
                0.0,
                0.0,
                1.0
            ]
        ]
    },
    {
        "class": "Car",
        "extent": [
            1.2765706777572632,
            2.3557403087615967,
            0.7636788487434387
        ],
        "position": [
            35.31321482402929,
            24.2781546079697,
            -2.5831918834249117
        ],
        "yaw": 1.1605130582736705,
        "num_points": 2,
        "distance": 42.931629513484744,
        "speed": -0.0003610913600427247,
        "brake": 0.0,
        "id": 1625,
        "ego_matrix": [
            [
                0.9999953508377075,
                0.0004581365210469812,
                0.0030127649661153555,
                502.0585021972656
            ],
            [
                -0.00045965940807946026,
                0.9999997615814209,
                0.0005048061138950288,
                48.73208236694336
            ],
            [
                -0.00301253329962492,
                -0.0005061886622570455,
                0.9999953508377075,
                -0.060102708637714386
            ],
            [
                0.0,
                0.0,
                0.0,
                1.0
            ]
        ]
    }
]