[
    {
        "class": "Car",
        "extent": [
            1.5107464790344238,
            4.901683330535889,
            2.128324270248413
        ],
        "position": [
            -1.3,
            0.0,
            -2.5
        ],
        "yaw": 0,
        "num_points": -1,
        "distance": -1,
        "speed": 3.0225165877865915e-07,
        "brake": 0.0,
        "id": 1374,
        "ego_matrix": [
            [
                0.39844754338264465,
                0.9171911478042603,
                -1.940563151947572e-06,
                509.7377624511719
            ],
            [
                -0.9171911478042603,
                0.39844754338264465,
                4.566988991427934e-07,
                91.98696899414062
            ],
            [
                1.1920927818209748e-06,
                1.5978966985130683e-06,
                1.0,
                0.03311198949813843
            ],
            [
                0.0,
                0.0,
                0.0,
                1.0
            ]
        ]
    },
    {
        "class": "Car",
        "extent": [
            1.6355280876159668,
            5.0267767906188965,
            2.1515462398529053
        ],
        "position": [
            40.73701629906451,
            1.8123094647326747,
            -2.404342437109865
        ],
        "yaw": 1.160474708721464,
        "num_points": 3,
        "distance": 40.84813123144184,
        "speed": 8.43509007458085e-06,
        "brake": 0.0,
        "id": 1432,
        "ego_matrix": [
            [
                0.99997478723526,
                0.0004963614046573639,
                -0.007087405305355787,
                524.8250732421875
            ],
            [
                -0.0004979985533282161,
                0.9999998807907104,
                -0.00022923068900126964,
                52.70888137817383
            ],
            [
                0.007087290287017822,
                0.00023275443527381867,
                0.9999749064445496,
                0.12881676852703094
            ],
            [
                0.0,
                0.0,
                0.0,
                1.0
            ]
        ]
    },
    {
        "class": "Car",
        "extent": [
            1.2511454820632935,
            2.2094459533691406,
            0.8670341968536377
        ],
        "position": [
            -36.20078837657705,
            -35.377680943419605,
            -2.567311485757298
        ],
        "yaw": 1.165068571843699,
        "num_points": 0,
        "distance": 50.68203307174064,
        "speed": -3.1980444942126497e-06,
        "brake": 0.0,
        "id": 1522,
        "ego_matrix": [
            [
                0.9999915957450867,
                -0.004095842596143484,
                -1.389330191159388e-05,
                528.2797241210938
            ],
            [
                0.004095840267837048,
                0.9999915957450867,
                -0.00015878262638580054,
                138.09381103515625
            ],
            [
                1.4543533325195312e-05,
                0.00015872440417297184,
                1.0,
                -0.034184571355581284
            ],
            [
                0.0,
                0.0,
                0.0,
                1.0
            ]
        ]
    },
    {
        "class": "Car",
        "extent": [
            1.488319993019104,
            4.791779518127441,
            2.163450002670288
        ],
        "position": [
            38.52309554133061,
            25.673358515914707,
            -2.531966305028224
        ],
        "yaw": 1.160485893965533,
        "num_points": 0,
        "distance": 46.36335924998289,
        "speed": -1.0456737583674262e-08,
        "brake": 0.0,
        "id": 1557,
        "ego_matrix": [
            [
                0.9999998807907104,
                0.00048682582564651966,
                0.0,
                502.05780029296875
            ],
            [
                -0.00048682582564651966,
                0.9999998807907104,
                0.0,
                45.232093811035156
            ],
            [
                0.0,
                -0.0,
                1.0,
                0.0011521339183673263
            ],
            [
                0.0,
                0.0,
                0.0,
                1.0
            ]
        ]
    },
    {
        "class": "Car",
        "extent": [
            1.0239027738571167,
            1.6428436040878296,
            0.3725162446498871
        ],
        "position": [
            47.612769005292385,
            4.807269986310754,
            -2.551015360622445
        ],
        "yaw": 1.1604906876880043,
        "num_points": 0,
        "distance": 47.92278473171971,
        "speed": -2.705619850308448e-06,
        "brake": 0.0,
        "id": 1594,
        "ego_matrix": [
            [
                0.9999871253967285,
                0.00048203105689026415,
                0.005054570734500885,
                524.8177490234375
            ],
            [
                -0.0004820259637199342,
                0.9999998807907104,
                -2.230254949608934e-06,
                45.20916748046875
            ],
            [
                -0.005054571200162172,
                -2.062081279063932e-07,
                0.9999872446060181,
                -0.017852744087576866
            ],
            [
                0.0,
                0.0,
                0.0,
                1.0
            ]
        ]
    },
    {
        "class": "Car",
        "extent": [
            1.2765706777572632,
            2.3557403087615967,
            0.7636788487434387
        ],
        "position": [
            35.313206159994564,
            24.278148382008293,
            -2.562217315832709
        ],
        "yaw": 1.1605002750679287,
        "num_points": 3,
        "distance": 42.93036193337581,
        "speed": 6.0041041499587576e-05,
        "brake": 0.0,
        "id": 1625,
        "ego_matrix": [
            [
                0.999995231628418,
                0.0004724609898403287,
                0.0030540148727595806,
                502.0585021972656
            ],
            [
                -0.0004724425380118191,
                0.9999998807907104,
                -6.769175342924427e-06,
                48.732093811035156
            ],
            [
                -0.003054017899557948,
                5.326296559360344e-06,
                0.9999953508377075,
                -0.02910047397017479
            ],
            [
                0.0,
                0.0,
                0.0,
                1.0
            ]
        ]
    }
]