[
    {
        "class": "Car",
        "extent": [
            1.5107464790344238,
            4.901683330535889,
            2.128324270248413
        ],
        "position": [
            -1.3,
            0.0,
            -2.5
        ],
        "yaw": 0,
        "num_points": -1,
        "distance": -1,
        "speed": 2.7349349120837268e-08,
        "brake": 0.0,
        "id": 1374,
        "ego_matrix": [
            [
                0.39844754338264465,
                0.9171911478042603,
                -1.940563151947572e-06,
                509.7377624511719
            ],
            [
                -0.9171911478042603,
                0.39844754338264465,
                4.566988991427934e-07,
                91.98696899414062
            ],
            [
                1.1920927818209748e-06,
                1.5978966985130683e-06,
                1.0,
                0.03339839726686478
            ],
            [
                0.0,
                0.0,
                0.0,
                1.0
            ]
        ]
    },
    {
        "class": "Car",
        "extent": [
            1.6355280876159668,
            5.0267767906188965,
            2.1515462398529053
        ],
        "position": [
            40.73701629877584,
            1.8123094651196077,
            -2.4045845884298456
        ],
        "yaw": 1.160474708721464,
        "num_points": 4,
        "distance": 40.848145485040135,
        "speed": 3.270409224974012e-07,
        "brake": 0.0,
        "id": 1432,
        "ego_matrix": [
            [
                0.99997478723526,
                0.0004963657120242715,
                -0.007085139863193035,
                524.8250732421875
            ],
            [
                -0.0004979985533282161,
                0.9999998807907104,
                -0.00022869918029755354,
                52.70888137817383
            ],
            [
                0.007085025310516357,
                0.00023222180607263,
                0.9999749064445496,
                0.12886102497577667
            ],
            [
                0.0,
                0.0,
                0.0,
                1.0
            ]
        ]
    },
    {
        "class": "Car",
        "extent": [
            1.2511454820632935,
            2.2094459533691406,
            0.8670341968536377
        ],
        "position": [
            -36.20074639239102,
            -35.37766270193768,
            -2.568563678782097
        ],
        "yaw": 1.165068578865706,
        "num_points": 0,
        "distance": 50.682053796094756,
        "speed": -1.9293085776986793e-07,
        "brake": 0.0,
        "id": 1522,
        "ego_matrix": [
            [
                0.9999915957450867,
                -0.004095847252756357,
                -4.5065416998113506e-07,
                528.2797241210938
            ],
            [
                0.004095847252756357,
                0.9999915957450867,
                -6.393486728484277e-06,
                138.09376525878906
            ],
            [
                4.7683712978141557e-07,
                6.391587248799624e-06,
                1.0,
                -0.03515035659074783
            ],
            [
                0.0,
                0.0,
                0.0,
                1.0
            ]
        ]
    },
    {
        "class": "Car",
        "extent": [
            1.488319993019104,
            4.791779518127441,
            2.163450002670288
        ],
        "position": [
            38.523095541209145,
            25.67335851607752,
            -2.5320681959088387
        ],
        "yaw": 1.160485893965533,
        "num_points": 0,
        "distance": 46.36336481448377,
        "speed": -2.3975755516460397e-08,
        "brake": 0.0,
        "id": 1557,
        "ego_matrix": [
            [
                0.9999998807907104,
                0.00048682582564651966,
                0.0,
                502.05780029296875
            ],
            [
                -0.00048682582564651966,
                0.9999998807907104,
                0.0,
                45.232093811035156
            ],
            [
                0.0,
                -0.0,
                1.0,
                0.001336650806479156
            ],
            [
                0.0,
                0.0,
                0.0,
                1.0
            ]
        ]
    },
    {
        "class": "Car",
        "extent": [
            1.0239027738571167,
            1.6428436040878296,
            0.3725162446498871
        ],
        "position": [
            47.61276900510601,
            4.80726998656058,
            -2.551171707330981
        ],
        "yaw": 1.1604906876880043,
        "num_points": 0,
        "distance": 47.92279305442824,
        "speed": 1.2951929124332147e-07,
        "brake": 0.0,
        "id": 1594,
        "ego_matrix": [
            [
                0.9999871253967285,
                0.00048203105689026415,
                0.005054570734500885,
                524.8177490234375
            ],
            [
                -0.0004820259637199342,
                0.9999998807907104,
                -2.230254949608934e-06,
                45.20916748046875
            ],
            [
                -0.005054571200162172,
                -2.062081279063932e-07,
                0.9999872446060181,
                -0.017722683027386665
            ],
            [
                0.0,
                0.0,
                0.0,
                1.0
            ]
        ]
    },
    {
        "class": "Car",
        "extent": [
            1.2765706777572632,
            2.3557403087615967,
            0.7636788487434387
        ],
        "position": [
            35.31320965729323,
            24.278149903986254,
            -2.5634822325673583
        ],
        "yaw": 1.1605024055968007,
        "num_points": 2,
        "distance": 42.93044118358282,
        "speed": 1.4924175385159748e-06,
        "brake": 0.0,
        "id": 1625,
        "ego_matrix": [
            [
                0.999995231628418,
                0.0004703369631897658,
                0.00305460998788476,
                502.0585021972656
            ],
            [
                -0.00047031199210323393,
                0.9999998807907104,
                -8.893477570381947e-06,
                48.73208999633789
            ],
            [
                -0.003054613946005702,
                7.4568156378518324e-06,
                0.9999953508377075,
                -0.030078982934355736
            ],
            [
                0.0,
                0.0,
                0.0,
                1.0
            ]
        ]
    }
]