[
    {
        "class": "Car",
        "extent": [
            1.5107464790344238,
            4.901683330535889,
            2.128324270248413
        ],
        "position": [
            -1.3,
            0.0,
            -2.5
        ],
        "yaw": 0,
        "num_points": -1,
        "distance": -1,
        "speed": 6.099567606950657e-09,
        "brake": 0.0,
        "id": 1374,
        "ego_matrix": [
            [
                0.39844754338264465,
                0.9171911478042603,
                -1.940563151947572e-06,
                509.7377624511719
            ],
            [
                -0.9171911478042603,
                0.39844754338264465,
                4.566988991427934e-07,
                91.98696899414062
            ],
            [
                1.1920927818209748e-06,
                1.5978966985130683e-06,
                1.0,
                0.03341583162546158
            ],
            [
                0.0,
                0.0,
                0.0,
                1.0
            ]
        ]
    },
    {
        "class": "Car",
        "extent": [
            1.6355280876159668,
            5.0267767906188965,
            2.1515462398529053
        ],
        "position": [
            40.73701629875506,
            1.8123094651474658,
            -2.4046020227884424
        ],
        "yaw": 1.160474708721464,
        "num_points": 4,
        "distance": 40.848146511322845,
        "speed": 3.1092945408246413e-08,
        "brake": 0.0,
        "id": 1432,
        "ego_matrix": [
            [
                0.99997478723526,
                0.0004963657120242715,
                -0.007085139863193035,
                524.8250732421875
            ],
            [
                -0.0004979985533282161,
                0.9999998807907104,
                -0.00022869918029755354,
                52.70888137817383
            ],
            [
                0.007085025310516357,
                0.00023222180607263,
                0.9999749064445496,
                0.12886102497577667
            ],
            [
                0.0,
                0.0,
                0.0,
                1.0
            ]
        ]
    },
    {
        "class": "Car",
        "extent": [
            1.2511454820632935,
            2.2094459533691406,
            0.8670341968536377
        ],
        "position": [
            -36.20074639243338,
            -35.3776627018809,
            -2.568599214326254
        ],
        "yaw": 1.1650685887485304,
        "num_points": 0,
        "distance": 50.68205559703721,
        "speed": -1.1152497051208216e-08,
        "brake": 0.0,
        "id": 1522,
        "ego_matrix": [
            [
                0.9999915957450867,
                -0.004095857031643391,
                -2.669557090939634e-07,
                528.2797241210938
            ],
            [
                0.004095857031643391,
                0.9999915957450867,
                6.966770797589561e-06,
                138.09376525878906
            ],
            [
                2.3841856489070778e-07,
                -6.9678058025601786e-06,
                1.0,
                -0.03516845777630806
            ],
            [
                0.0,
                0.0,
                0.0,
                1.0
            ]
        ]
    },
    {
        "class": "Car",
        "extent": [
            1.488319993019104,
            4.791779518127441,
            2.163450002670288
        ],
        "position": [
            38.52309554118836,
            25.673358516105377,
            -2.5320856302674355
        ],
        "yaw": 1.160485893965533,
        "num_points": 0,
        "distance": 46.3633657666375,
        "speed": -7.644207882615137e-09,
        "brake": 0.0,
        "id": 1557,
        "ego_matrix": [
            [
                0.9999998807907104,
                0.00048682582564651966,
                0.0,
                502.05780029296875
            ],
            [
                -0.00048682582564651966,
                0.9999998807907104,
                0.0,
                45.232093811035156
            ],
            [
                0.0,
                -0.0,
                1.0,
                0.001336650806479156
            ],
            [
                0.0,
                0.0,
                0.0,
                1.0
            ]
        ]
    },
    {
        "class": "Car",
        "extent": [
            1.0239027738571167,
            1.6428436040878296,
            0.3725162446498871
        ],
        "position": [
            47.61276900508523,
            4.807269986588438,
            -2.5511891416895778
        ],
        "yaw": 1.1604906876880043,
        "num_points": 0,
        "distance": 47.92279398253229,
        "speed": 1.3030670405535041e-08,
        "brake": 0.0,
        "id": 1594,
        "ego_matrix": [
            [
                0.9999871253967285,
                0.00048203105689026415,
                0.005054570734500885,
                524.8177490234375
            ],
            [
                -0.0004820259637199342,
                0.9999998807907104,
                -2.230254949608934e-06,
                45.20916748046875
            ],
            [
                -0.005054571200162172,
                -2.062081279063932e-07,
                0.9999872446060181,
                -0.017722683027386665
            ],
            [
                0.0,
                0.0,
                0.0,
                1.0
            ]
        ]
    },
    {
        "class": "Car",
        "extent": [
            1.2765706777572632,
            2.3557403087615967,
            0.7636788487434387
        ],
        "position": [
            35.31320965724102,
            24.278149904056235,
            -2.563526027080107
        ],
        "yaw": 1.1605024055968007,
        "num_points": 3,
        "distance": 42.93044379867978,
        "speed": -7.027165330585725e-08,
        "brake": 0.0,
        "id": 1625,
        "ego_matrix": [
            [
                0.999995231628418,
                0.0004703369631897658,
                0.00305460998788476,
                502.0585021972656
            ],
            [
                -0.00047031199210323393,
                0.9999998807907104,
                -8.893477570381947e-06,
                48.73208999633789
            ],
            [
                -0.003054613946005702,
                7.4568156378518324e-06,
                0.9999953508377075,
                -0.030105343088507652
            ],
            [
                0.0,
                0.0,
                0.0,
                1.0
            ]
        ]
    }
]