[
    {
        "class": "Car",
        "extent": [
            1.5107464790344238,
            4.901683330535889,
            2.128324270248413
        ],
        "position": [
            -1.3,
            0.0,
            -2.5
        ],
        "yaw": 0,
        "num_points": -1,
        "distance": -1,
        "speed": 2.855699086754611,
        "brake": 0.0,
        "id": 1374,
        "ego_matrix": [
            [
                0.4036867320537567,
                0.9148958921432495,
                -0.0016123567475005984,
                509.9471435546875
            ],
            [
                -0.9148908257484436,
                0.4036898910999298,
                0.0030511755030602217,
                91.52806091308594
            ],
            [
                0.0034423996694386005,
                0.00024341139942407608,
                0.9999940991401672,
                0.03170391172170639
            ],
            [
                0.0,
                0.0,
                0.0,
                1.0
            ]
        ]
    },
    {
        "class": "Car",
        "extent": [
            1.6355280876159668,
            5.0267767906188965,
            2.1515462398529053
        ],
        "position": [
            40.271729173423765,
            1.9679421022640071,
            -2.546191628344554
        ],
        "yaw": 1.1484565279595509,
        "num_points": 15,
        "distance": 40.4000997343287,
        "speed": 1.7009726168959831,
        "brake": 0.0,
        "id": 1432,
        "ego_matrix": [
            [
                0.9999328255653381,
                0.006801656913012266,
                -0.009388657286763191,
                524.9287109375
            ],
            [
                -0.006793905049562454,
                0.9999765753746033,
                0.0008572861552238464,
                52.69989013671875
            ],
            [
                0.00939426850527525,
                -0.000793442886788398,
                0.9999555945396423,
                0.12814004719257355
            ],
            [
                0.0,
                0.0,
                0.0,
                1.0
            ]
        ]
    },
    {
        "class": "Car",
        "extent": [
            1.488319993019104,
            4.791779518127441,
            2.163450002670288
        ],
        "position": [
            37.90677303399204,
            25.825776547273655,
            -2.65938563972472
        ],
        "yaw": 1.1547602308124263,
        "num_points": 2,
        "distance": 45.945255555944726,
        "speed": 1.481249593167922,
        "brake": 0.0,
        "id": 1557,
        "ego_matrix": [
            [
                0.9999993443489075,
                0.0004905543173663318,
                -0.0010070797288790345,
                502.1467590332031
            ],
            [
                -0.0004905539681203663,
                0.9999998807907104,
                5.231885893408617e-07,
                45.2320556640625
            ],
            [
                0.0010070798452943563,
                -2.916129737684514e-08,
                0.999999463558197,
                0.000998325296677649
            ],
            [
                0.0,
                0.0,
                0.0,
                1.0
            ]
        ]
    },
    {
        "class": "Car",
        "extent": [
            1.0239027738571167,
            1.6428436040878296,
            0.3725162446498871
        ],
        "position": [
            47.109912772815015,
            5.024866706386531,
            -2.7154525671209635
        ],
        "yaw": 1.154768220328206,
        "num_points": 0,
        "distance": 47.454892788030556,
        "speed": 1.3583859503157238,
        "brake": 0.0,
        "id": 1594,
        "ego_matrix": [
            [
                0.9998533725738525,
                0.00048255507135763764,
                0.01711844839155674,
                524.8927001953125
            ],
            [
                -0.0004824940115213394,
                0.9999998807907104,
                -7.69793496147031e-06,
                45.20913314819336
            ],
            [
                -0.01711845025420189,
                -5.627432528854115e-07,
                0.9998534917831421,
                -0.01832420378923416
            ],
            [
                0.0,
                0.0,
                0.0,
                1.0
            ]
        ]
    },
    {
        "class": "Car",
        "extent": [
            1.2765706777572632,
            2.3557403087615967,
            0.7636788487434387
        ],
        "position": [
            34.697267748180906,
            24.429404619010608,
            -2.6801051356149417
        ],
        "yaw": 1.154760230877445,
        "num_points": 0,
        "distance": 42.51916230085256,
        "speed": 1.2244290663946091,
        "brake": 0.0,
        "id": 1625,
        "ego_matrix": [
            [
                0.9999818205833435,
                0.000490659789647907,
                0.0060117971152067184,
                502.1286926269531
            ],
            [
                -0.0004905452951788902,
                0.9999998807907104,
                -2.0525978470686823e-05,
                48.73204040527344
            ],
            [
                -0.006011806894093752,
                1.757654536049813e-05,
                0.9999819397926331,
                -0.030429553240537643
            ],
            [
                0.0,
                0.0,
                0.0,
                1.0
            ]
        ]
    }
]