[
    {
        "class": "Car",
        "extent": [
            1.5107464790344238,
            4.901683330535889,
            2.128324270248413
        ],
        "position": [
            -1.3,
            0.0,
            -2.5
        ],
        "yaw": 0,
        "num_points": -1,
        "distance": -1,
        "speed": 4.449888537489272,
        "brake": 0.0,
        "id": 1374,
        "ego_matrix": [
            [
                0.41907766461372375,
                0.9079501628875732,
                -0.0006826507742516696,
                510.77825927734375
            ],
            [
                -0.9079494476318359,
                0.41907820105552673,
                0.001119309337809682,
                89.74313354492188
            ],
            [
                0.0013023611390963197,
                0.0001507348206359893,
                0.9999991655349731,
                0.032769013196229935
            ],
            [
                0.0,
                0.0,
                0.0,
                1.0
            ]
        ]
    },
    {
        "class": "Car",
        "extent": [
            1.6355280876159668,
            5.0267767906188965,
            2.1515462398529053
        ],
        "position": [
            39.07922223380461,
            1.099033132169901,
            -2.4567344368295303
        ],
        "yaw": 1.1074016365892014,
        "num_points": 14,
        "distance": 39.171788679071064,
        "speed": 4.11199136839573,
        "brake": 0.0,
        "id": 1432,
        "ego_matrix": [
            [
                0.9994856119155884,
                0.0309587549418211,
                -0.008368504233658314,
                526.702392578125
            ],
            [
                -0.030959073454141617,
                0.9995206594467163,
                9.135488653555512e-05,
                52.62030792236328
            ],
            [
                0.008367320522665977,
                0.00016777325072325766,
                0.9999650120735168,
                0.1284572035074234
            ],
            [
                0.0,
                0.0,
                0.0,
                1.0
            ]
        ]
    },
    {
        "class": "Car",
        "extent": [
            1.5542958974838257,
            4.974244117736816,
            2.0384013652801514
        ],
        "position": [
            19.42646221174051,
            44.60383986193596,
            -2.5762074191315474
        ],
        "yaw": 1.1378863089876297,
        "num_points": 0,
        "distance": 48.71885476034713,
        "speed": 4.341975120873241,
        "brake": 0.0,
        "id": 1523,
        "ego_matrix": [
            [
                0.9999985098838806,
                0.0004814683343283832,
                -0.001647765515372157,
                478.96624755859375
            ],
            [
                -0.0004804335185326636,
                0.9999997019767761,
                0.0006283384864218533,
                52.231971740722656
            ],
            [
                0.001648067613132298,
                -0.0006275458727031946,
                0.9999984502792358,
                -0.023168353363871574
            ],
            [
                0.0,
                0.0,
                0.0,
                1.0
            ]
        ]
    },
    {
        "class": "Car",
        "extent": [
            1.488319993019104,
            4.791779518127441,
            2.163450002670288
        ],
        "position": [
            36.209857839736664,
            24.947095317765985,
            -2.576799788005347
        ],
        "yaw": 1.137873525879416,
        "num_points": 1,
        "distance": 44.04714822454576,
        "speed": 4.175245816919239,
        "brake": 0.0,
        "id": 1557,
        "ego_matrix": [
            [
                0.9999995231628418,
                0.0004932173760607839,
                -0.0008218286093324423,
                503.8471374511719
            ],
            [
                -0.0004932171432301402,
                0.9999998807907104,
                4.4261955167712586e-07,
                45.23120880126953
            ],
            [
                0.0008218287257477641,
                -3.727939201780828e-08,
                0.9999996423721313,
                0.0010602760594338179
            ],
            [
                0.0,
                0.0,
                0.0,
                1.0
            ]
        ]
    },
    {
        "class": "Car",
        "extent": [
            1.0239027738571167,
            1.6428436040878296,
            0.3725162446498871
        ],
        "position": [
            45.45081286484362,
            4.979760603223351,
            -2.610773559910381
        ],
        "yaw": 1.137607209542843,
        "num_points": 0,
        "distance": 45.79727660376299,
        "speed": 2.0604551704086127,
        "brake": 0.0,
        "id": 1594,
        "ego_matrix": [
            [
                0.9999678730964661,
                0.000759445654693991,
                0.007978240959346294,
                525.8491821289062
            ],
            [
                -0.0007595094502903521,
                0.9999997019767761,
                4.963504125043983e-06,
                45.20872497558594
            ],
            [
                -0.007978235371410847,
                -1.1022894796042237e-05,
                0.9999681711196899,
                -0.017868632450699806
            ],
            [
                0.0,
                0.0,
                0.0,
                1.0
            ]
        ]
    },
    {
        "class": "Car",
        "extent": [
            1.2765706777572632,
            2.3557403087615967,
            0.7636788487434387
        ],
        "position": [
            33.08034591819233,
            23.375760564626447,
            -2.6044060720959474
        ],
        "yaw": 1.1378756563757786,
        "num_points": 0,
        "distance": 40.589634132748465,
        "speed": 4.586072977109572,
        "brake": 0.0,
        "id": 1625,
        "ego_matrix": [
            [
                0.9999842643737793,
                0.0004911255673505366,
                0.0055930279195308685,
                503.96234130859375
            ],
            [
                -0.0004910791758447886,
                0.9999998807907104,
                -9.670880899648182e-06,
                48.73112869262695
            ],
            [
                -0.005593031644821167,
                6.924109584360849e-06,
                0.9999843835830688,
                -0.030384883284568787
            ],
            [
                0.0,
                0.0,
                0.0,
                1.0
            ]
        ]
    }
]