[
    {
        "class": "Car",
        "extent": [
            1.5107464790344238,
            4.901683330535889,
            2.128324270248413
        ],
        "position": [
            -1.3,
            0.0,
            -2.5
        ],
        "yaw": 0,
        "num_points": -1,
        "distance": -1,
        "speed": 3.6690702066446788,
        "brake": 0.0,
        "id": 1374,
        "ego_matrix": [
            [
                0.4269128441810608,
                0.9042927026748657,
                0.00029643598827533424,
                511.6517333984375
            ],
            [
                -0.9042924642562866,
                0.42691293358802795,
                -0.0006216124165803194,
                87.90126037597656
            ],
            [
                -0.0006886719493195415,
                -2.6905324830295285e-06,
                0.9999997615814209,
                0.03375999256968498
            ],
            [
                0.0,
                0.0,
                0.0,
                1.0
            ]
        ]
    },
    {
        "class": "Car",
        "extent": [
            1.6355280876159668,
            5.0267767906188965,
            2.1515462398529053
        ],
        "position": [
            38.01735964520244,
            -0.4384165346215247,
            -2.3778972892703543
        ],
        "yaw": 1.0913125483376513,
        "num_points": 12,
        "distance": 38.0941759192769,
        "speed": 4.351405352466347,
        "brake": 0.0,
        "id": 1432,
        "ego_matrix": [
            [
                0.9992356896400452,
                0.038396403193473816,
                -0.007329955697059631,
                528.8333129882812
            ],
            [
                -0.03839710354804993,
                0.9992625713348389,
                4.553412145469338e-05,
                52.53395462036133
            ],
            [
                0.007326298393309116,
                0.00023594973026774824,
                0.9999731779098511,
                0.12878473103046417
            ],
            [
                0.0,
                0.0,
                0.0,
                1.0
            ]
        ]
    },
    {
        "class": "Car",
        "extent": [
            1.5542958974838257,
            4.974244117736816,
            2.0384013652801514
        ],
        "position": [
            17.9578397916173,
            42.761434705946826,
            -2.544346181398815
        ],
        "yaw": 1.1292609959746265,
        "num_points": 0,
        "distance": 46.4488751810326,
        "speed": 4.560711468130762,
        "brake": 0.0,
        "id": 1523,
        "ego_matrix": [
            [
                0.9999922513961792,
                0.00045924511505290866,
                -0.0039109946228563786,
                481.20428466796875
            ],
            [
                -0.00045912544010207057,
                0.9999998807907104,
                3.1499454053118825e-05,
                52.23115539550781
            ],
            [
                0.003911008592694998,
                -2.970357490994502e-05,
                0.9999923706054688,
                -0.023733463138341904
            ],
            [
                0.0,
                0.0,
                0.0,
                1.0
            ]
        ]
    },
    {
        "class": "Car",
        "extent": [
            1.488319993019104,
            4.791779518127441,
            2.163450002670288
        ],
        "position": [
            34.90147121762197,
            23.270396091948005,
            -2.507624708318569
        ],
        "yaw": 1.1292269076102013,
        "num_points": 2,
        "distance": 42.02275822823168,
        "speed": 4.603727325795644,
        "brake": 0.0,
        "id": 1557,
        "ego_matrix": [
            [
                0.9999998807907104,
                0.000493217317853123,
                -0.00020706647774204612,
                506.0633544921875
            ],
            [
                -0.000493217317853123,
                0.9999998807907104,
                1.4477650722710678e-07,
                45.23011016845703
            ],
            [
                0.0002070665213977918,
                -4.2647720022159774e-08,
                1.0,
                0.0012669563293457031
            ],
            [
                0.0,
                0.0,
                0.0,
                1.0
            ]
        ]
    },
    {
        "class": "Car",
        "extent": [
            1.0239027738571167,
            1.6428436040878296,
            0.3725162446498871
        ],
        "position": [
            43.83922547296011,
            4.389263644933614,
            -2.5204961844024982
        ],
        "yaw": 1.129188025458286,
        "num_points": 0,
        "distance": 44.130445572522355,
        "speed": 2.339912039525948,
        "brake": 0.0,
        "id": 1594,
        "ego_matrix": [
            [
                0.9999767541885376,
                0.0005320097552612424,
                0.006798459682613611,
                526.9530639648438
            ],
            [
                -0.0005320872296579182,
                0.9999998807907104,
                9.585644875187427e-06,
                45.2083740234375
            ],
            [
                -0.006798453629016876,
                -1.3202795344113838e-05,
                0.9999768733978271,
                -0.01781049743294716
            ],
            [
                0.0,
                0.0,
                0.0,
                1.0
            ]
        ]
    },
    {
        "class": "Car",
        "extent": [
            1.300939917564392,
            4.717525005340576,
            1.894826889038086
        ],
        "position": [
            21.06190663978981,
            44.38648381828082,
            -2.5243939563623954
        ],
        "yaw": 1.1292945518043613,
        "num_points": 0,
        "distance": 49.19488207019757,
        "speed": 4.550579919189868,
        "brake": 0.0,
        "id": 1614,
        "ego_matrix": [
            [
                0.9999998807907104,
                0.00042557314736768603,
                -7.510177238145843e-05,
                481.0599365234375
            ],
            [
                -0.00042557314736768603,
                0.9999998807907104,
                1.9461249678442982e-07,
                48.730403900146484
            ],
            [
                7.510185241699219e-05,
                -1.6265117608327273e-07,
                1.0,
                -0.005914554465562105
            ],
            [
                0.0,
                0.0,
                0.0,
                1.0
            ]
        ]
    },
    {
        "class": "Car",
        "extent": [
            1.2765706777572632,
            2.3557403087615967,
            0.7636788487434387
        ],
        "position": [
            31.794148772967052,
            21.654166047631822,
            -2.5411423197983622
        ],
        "yaw": 1.12922744020991,
        "num_points": 0,
        "distance": 38.551630415657435,
        "speed": 4.444884825770974,
        "brake": 0.0,
        "id": 1625,
        "ego_matrix": [
            [
                0.9999948143959045,
                0.00049270672025159,
                0.003177752485498786,
                506.1983337402344
            ],
            [
                -0.0004926822148263454,
                0.9999998807907104,
                -8.489849278703332e-06,
                48.73004913330078
            ],
            [
                -0.003177756443619728,
                6.924182798684342e-06,
                0.9999949336051941,
                -0.030115069821476936
            ],
            [
                0.0,
                0.0,
                0.0,
                1.0
            ]
        ]
    },
    {
        "class": "Car",
        "extent": [
            1.5248334407806396,
            4.513522624969482,
            2.006814479827881
        ],
        "position": [
            47.621013452472745,
            4.578461364841692,
            -2.4644700673859523
        ],
        "yaw": 1.1293147918611552,
        "num_points": 3,
        "distance": 47.90403786136383,
        "speed": 4.703225077545839,
        "brake": 0.0,
        "id": 1648,
        "ego_matrix": [
            [
                0.9999998807907104,
                0.00040533338324166834,
                -0.00041937793139368296,
                528.396484375
            ],
            [
                -0.0004053330630995333,
                0.9999999403953552,
                8.941111673266278e-07,
                41.707725524902344
            ],
            [
                0.000419378251535818,
                -7.241232538035547e-07,
                0.9999999403953552,
                0.035611703991889954
            ],
            [
                0.0,
                0.0,
                0.0,
                1.0
            ]
        ]
    }
]