[
    {
        "class": "Car",
        "extent": [
            1.5107464790344238,
            4.901683330535889,
            2.128324270248413
        ],
        "position": [
            -1.3,
            0.0,
            -2.5
        ],
        "yaw": 0,
        "num_points": -1,
        "distance": -1,
        "speed": 4.137245463087254,
        "brake": 0.0,
        "id": 1374,
        "ego_matrix": [
            [
                0.42859792709350586,
                0.9034953117370605,
                -0.00016693738871254027,
                512.4896240234375
            ],
            [
                -0.903495192527771,
                0.42859798669815063,
                0.0004187589802313596,
                86.13822937011719
            ],
            [
                0.0004498958005569875,
                -2.8652108085225336e-05,
                0.9999998807907104,
                0.03319335728883743
            ],
            [
                0.0,
                0.0,
                0.0,
                1.0
            ]
        ]
    },
    {
        "class": "Car",
        "extent": [
            1.6355280876159668,
            5.0267767906188965,
            2.1515462398529053
        ],
        "position": [
            37.08599460032727,
            -2.302732270408861,
            -2.4215526013286466
        ],
        "yaw": 1.087239509766484,
        "num_points": 14,
        "distance": 37.23623891326415,
        "speed": 4.389670418392062,
        "brake": 0.0,
        "id": 1432,
        "ego_matrix": [
            [
                0.9991497993469238,
                0.040603525936603546,
                -0.007139058783650398,
                531.0222778320312
            ],
            [
                -0.040604203939437866,
                0.9991753101348877,
                5.024012352805585e-05,
                52.44364547729492
            ],
            [
                0.007135211024433374,
                0.00023967836750671268,
                0.9999745488166809,
                0.1288444697856903
            ],
            [
                0.0,
                0.0,
                0.0,
                1.0
            ]
        ]
    },
    {
        "class": "Car",
        "extent": [
            1.0239027738571167,
            1.6428436040878296,
            0.3725162446498871
        ],
        "position": [
            38.95515840806312,
            26.919002243041213,
            -2.569848465379362
        ],
        "yaw": 1.1272838651813515,
        "num_points": 0,
        "distance": 47.42089380740478,
        "speed": 2.531570065093097,
        "brake": 0.0,
        "id": 1441,
        "ego_matrix": [
            [
                0.9999814629554749,
                0.0005721341003663838,
                0.006060791667550802,
                505.4217224121094
            ],
            [
                -0.0005720364861190319,
                0.9999998211860657,
                -1.7848125935415737e-05,
                38.23042678833008
            ],
            [
                -0.006060800980776548,
                1.4380802895175293e-05,
                0.9999816417694092,
                -0.017773188650608063
            ],
            [
                0.0,
                0.0,
                0.0,
                1.0
            ]
        ]
    },
    {
        "class": "Car",
        "extent": [
            1.5542958974838257,
            4.974244117736816,
            2.0384013652801514
        ],
        "position": [
            16.911432671071456,
            40.723264747161586,
            -2.566407119992451
        ],
        "yaw": 1.1274196863969457,
        "num_points": 0,
        "distance": 44.16975540073937,
        "speed": 4.615159864476571,
        "brake": 0.0,
        "id": 1523,
        "ego_matrix": [
            [
                0.999991238117218,
                0.00043624232057482004,
                -0.0041621774435043335,
                483.5017395019531
            ],
            [
                -0.00043622200610116124,
                0.9999998807907104,
                5.785690063930815e-06,
                52.230350494384766
            ],
            [
                0.00416217977181077,
                -3.970006218878552e-06,
                0.9999913573265076,
                -0.02385370247066021
            ],
            [
                0.0,
                0.0,
                0.0,
                1.0
            ]
        ]
    },
    {
        "class": "Car",
        "extent": [
            1.488319993019104,
            4.791779518127441,
            2.163450002670288
        ],
        "position": [
            33.912436641288174,
            21.2203560245408,
            -2.548331403812277
        ],
        "yaw": 1.1273626948471458,
        "num_points": 3,
        "distance": 40.0855442984289,
        "speed": 4.748722644002597,
        "brake": 0.0,
        "id": 1557,
        "ego_matrix": [
            [
                0.9999998807907104,
                0.000493217317853123,
                -7.343290781136602e-05,
                508.40911865234375
            ],
            [
                -0.000493217317853123,
                0.9999998807907104,
                4.936919495435177e-08,
                45.228939056396484
            ],
            [
                7.343292236328125e-05,
                -1.3150809330397806e-08,
                1.0,
                0.0013118934584781528
            ],
            [
                0.0,
                0.0,
                0.0,
                1.0
            ]
        ]
    },
    {
        "class": "Car",
        "extent": [
            1.0239027738571167,
            1.6428436040878296,
            0.3725162446498871
        ],
        "position": [
            42.40799990691753,
            3.3600438560224295,
            -2.5707269284341656
        ],
        "yaw": 1.1275826718556585,
        "num_points": 0,
        "distance": 42.6185052267215,
        "speed": 2.5315710911231366,
        "brake": 0.0,
        "id": 1594,
        "ego_matrix": [
            [
                0.9999815225601196,
                0.0002732726279646158,
                0.006064494606107473,
                528.18701171875
            ],
            [
                -0.00027323528775013983,
                0.9999999403953552,
                -6.9833868110436015e-06,
                45.20812225341797
            ],
            [
                -0.006064496468752623,
                5.326223799784202e-06,
                0.9999815821647644,
                -0.01777324639260769
            ],
            [
                0.0,
                0.0,
                0.0,
                1.0
            ]
        ]
    },
    {
        "class": "Car",
        "extent": [
            1.300939917564392,
            4.717525005340576,
            1.894826889038086
        ],
        "position": [
            20.016894260102042,
            42.34500928720312,
            -2.549883761889831
        ],
        "yaw": 1.1274553727880618,
        "num_points": 0,
        "distance": 46.907118591452345,
        "speed": 4.638059483239474,
        "brake": 0.0,
        "id": 1614,
        "ego_matrix": [
            [
                0.9999999403953552,
                0.00040053940028883517,
                -1.7166057659778744e-05,
                483.36749267578125
            ],
            [
                -0.00040053940028883517,
                0.9999999403953552,
                1.9865771605509508e-07,
                48.72951126098633
            ],
            [
                1.7166135876323096e-05,
                -1.9178202137482003e-07,
                1.0,
                -0.005886745173484087
            ],
            [
                0.0,
                0.0,
                0.0,
                1.0
            ]
        ]
    },
    {
        "class": "Car",
        "extent": [
            1.2765706777572632,
            2.3557403087615967,
            0.7636788487434387
        ],
        "position": [
            30.754782987425468,
            19.710382823106436,
            -2.5782833127845306
        ],
        "yaw": 1.127362162247437,
        "num_points": 2,
        "distance": 36.61971344068694,
        "speed": 4.427847595497173,
        "brake": 0.0,
        "id": 1625,
        "ego_matrix": [
            [
                0.9999951720237732,
                0.0004937711637467146,
                0.0030679611954838037,
                508.4200134277344
            ],
            [
                -0.0004937475896440446,
                0.9999998807907104,
                -8.439024895778857e-06,
                48.72902297973633
            ],
            [
                -0.003067965153604746,
                6.924185072421096e-06,
                0.9999952912330627,
                -0.0301038920879364
            ],
            [
                0.0,
                0.0,
                0.0,
                1.0
            ]
        ]
    },
    {
        "class": "Car",
        "extent": [
            1.5248334407806396,
            4.513522624969482,
            2.006814479827881
        ],
        "position": [
            46.679536833278206,
            2.5247480809411034,
            -2.519088305861193
        ],
        "yaw": 1.1274724169865291,
        "num_points": 2,
        "distance": 46.8155884052985,
        "speed": 4.77764018121879,
        "brake": 0.0,
        "id": 1648,
        "ego_matrix": [
            [
                0.9999999403953552,
                0.0003834952658507973,
                -6.139244942460209e-05,
                530.7724609375
            ],
            [
                -0.0003834952076431364,
                0.9999999403953552,
                8.544811862520874e-07,
                41.70683670043945
            ],
            [
                6.139277684269473e-05,
                -8.309373811243859e-07,
                1.0,
                0.03576318547129631
            ],
            [
                0.0,
                0.0,
                0.0,
                1.0
            ]
        ]
    }
]