[
    {
        "class": "Car",
        "extent": [
            1.5107464790344238,
            4.901683330535889,
            2.128324270248413
        ],
        "position": [
            -1.3,
            0.0,
            -2.5
        ],
        "yaw": 0,
        "num_points": -1,
        "distance": -1,
        "speed": 3.825915189784475,
        "brake": 0.0,
        "id": 1374,
        "ego_matrix": [
            [
                0.4274046719074249,
                0.904060423374176,
                8.02449940238148e-05,
                513.3113403320312
            ],
            [
                -0.904060423374176,
                0.4274046719074249,
                -1.3356766430661082e-05,
                84.40025329589844
            ],
            [
                -4.63724099972751e-05,
                -6.683757965220138e-05,
                1.0,
                0.03344032168388367
            ],
            [
                0.0,
                0.0,
                0.0,
                1.0
            ]
        ]
    },
    {
        "class": "Car",
        "extent": [
            1.6355280876159668,
            5.0267767906188965,
            2.1515462398529053
        ],
        "position": [
            36.186057101645225,
            -4.308637518885235,
            -2.4027060482282483
        ],
        "yaw": 1.0878424452760889,
        "num_points": 13,
        "distance": 36.52078972567361,
        "speed": 4.717453404635693,
        "brake": 0.0,
        "id": 1432,
        "ego_matrix": [
            [
                0.9991171956062317,
                0.04132036492228508,
                -0.007575433235615492,
                533.2283325195312
            ],
            [
                -0.041320908814668655,
                0.9991459250450134,
                8.460583921987563e-05,
                52.35212326049805
            ],
            [
                0.007572459056973457,
                0.00022849264496471733,
                0.999971330165863,
                0.12870797514915466
            ],
            [
                0.0,
                0.0,
                0.0,
                1.0
            ]
        ]
    },
    {
        "class": "Car",
        "extent": [
            1.0239027738571167,
            1.6428436040878296,
            0.3725162446498871
        ],
        "position": [
            37.60235542535225,
            25.73786474145569,
            -2.5510999224033553
        ],
        "yaw": 1.1286042604498128,
        "num_points": 1,
        "distance": 45.63861222471682,
        "speed": 2.526330796325737,
        "brake": 0.0,
        "id": 1441,
        "ego_matrix": [
            [
                0.9999847412109375,
                0.000572043180000037,
                0.005488606169819832,
                506.6697998046875
            ],
            [
                -0.0005720383487641811,
                0.9999998211860657,
                -2.449645307933679e-06,
                38.22969055175781
            ],
            [
                -0.005488606635481119,
                -6.900851872160274e-07,
                0.9999849200248718,
                -0.017743339762091637
            ],
            [
                0.0,
                0.0,
                0.0,
                1.0
            ]
        ]
    },
    {
        "class": "Car",
        "extent": [
            1.5542958974838257,
            4.974244117736816,
            2.0384013652801514
        ],
        "position": [
            16.031639138623397,
            38.60930772741699,
            -2.559092419984247
        ],
        "yaw": 1.1287613869216182,
        "num_points": 0,
        "distance": 41.88366090345308,
        "speed": 4.6297321948623695,
        "brake": 0.0,
        "id": 1523,
        "ego_matrix": [
            [
                0.9999910593032837,
                0.0004149003070779145,
                -0.004218089859932661,
                485.8138122558594
            ],
            [
                -0.0004149168380536139,
                0.9999999403953552,
                -3.0435189728450496e-06,
                52.22960662841797
            ],
            [
                0.004218088462948799,
                4.793648258782923e-06,
                0.9999911189079285,
                -0.02387525513768196
            ],
            [
                0.0,
                0.0,
                0.0,
                1.0
            ]
        ]
    },
    {
        "class": "Car",
        "extent": [
            1.488319993019104,
            4.791779518127441,
            2.163450002670288
        ],
        "position": [
            33.040148771456515,
            19.014570926799678,
            -2.531793109889268
        ],
        "yaw": 1.128683090115607,
        "num_points": 1,
        "distance": 38.20491218052409,
        "speed": 4.797699558682884,
        "brake": 0.0,
        "id": 1557,
        "ego_matrix": [
            [
                0.9999998807907104,
                0.000493217317853123,
                -3.302093318779953e-05,
                510.79815673828125
            ],
            [
                -0.000493217317853123,
                0.9999998807907104,
                7.950529834488407e-08,
                45.22776794433594
            ],
            [
                3.30209695675876e-05,
                -6.321879197912494e-08,
                1.0,
                0.0013256644597277045
            ],
            [
                0.0,
                0.0,
                0.0,
                1.0
            ]
        ]
    },
    {
        "class": "Car",
        "extent": [
            1.0239027738571167,
            1.6428436040878296,
            0.3725162446498871
        ],
        "position": [
            41.02363213386016,
            2.1741186849527376,
            -2.54936636308104
        ],
        "yaw": 1.1290133220095036,
        "num_points": 0,
        "distance": 41.160229036823324,
        "speed": 2.5263308297420983,
        "brake": 0.0,
        "id": 1594,
        "ego_matrix": [
            [
                0.9999849200248718,
                0.00016294272791128606,
                0.005492422264069319,
                529.4351196289062
            ],
            [
                -0.00016298297850880772,
                1.0,
                6.8809931690339e-06,
                45.20790481567383
            ],
            [
                -0.005492420867085457,
                -7.776060556352604e-06,
                0.9999849200248718,
                -0.01774337701499462
            ],
            [
                0.0,
                0.0,
                0.0,
                1.0
            ]
        ]
    },
    {
        "class": "Car",
        "extent": [
            1.300939917564392,
            4.717525005340576,
            1.894826889038086
        ],
        "position": [
            19.14217920008009,
            40.22105378830748,
            -2.5410844439196634
        ],
        "yaw": 1.1287976059449525,
        "num_points": 0,
        "distance": 44.61628965435195,
        "speed": 4.769266438760517,
        "brake": 0.0,
        "id": 1614,
        "ego_matrix": [
            [
                0.9999999403953552,
                0.0003787015157286078,
                -5.269042230793275e-05,
                485.6861572265625
            ],
            [
                -0.0003787015157286078,
                0.9999999403953552,
                2.206035105700721e-07,
                48.72862243652344
            ],
            [
                5.2690502343466505e-05,
                -2.0064955208454194e-07,
                1.0,
                -0.005903797224164009
            ],
            [
                0.0,
                0.0,
                0.0,
                1.0
            ]
        ]
    },
    {
        "class": "Car",
        "extent": [
            1.2765706777572632,
            2.3557403087615967,
            0.7636788487434387
        ],
        "position": [
            29.798358640374733,
            17.682216953636903,
            -2.5633032866570002
        ],
        "yaw": 1.128683090115607,
        "num_points": 3,
        "distance": 34.74440239513793,
        "speed": 4.445600574682985,
        "brake": 0.0,
        "id": 1625,
        "ego_matrix": [
            [
                0.9999946355819702,
                0.0004932397860102355,
                0.003242125269025564,
                510.61712646484375
            ],
            [
                -0.0004932147567160428,
                0.9999998807907104,
                -8.523291398887523e-06,
                48.727996826171875
            ],
            [
                -0.0032421292271465063,
                6.924181434442289e-06,
                0.9999947547912598,
                -0.030123233795166016
            ],
            [
                0.0,
                0.0,
                0.0,
                1.0
            ]
        ]
    },
    {
        "class": "Car",
        "extent": [
            1.5248334407806396,
            4.513522624969482,
            2.006814479827881
        ],
        "position": [
            45.78444403639641,
            0.2974213594603955,
            -2.4955008927780877
        ],
        "yaw": 1.1288141175762203,
        "num_points": 6,
        "distance": 45.853367377901854,
        "speed": 4.795051386533728,
        "brake": 0.0,
        "id": 1648,
        "ego_matrix": [
            [
                0.9999999403953552,
                0.00036218989407643676,
                -3.1590145226800814e-05,
                533.1665649414062
            ],
            [
                -0.0003621898649726063,
                0.9999999403953552,
                8.728782177058747e-07,
                41.70595169067383
            ],
            [
                3.159046173095703e-05,
                -8.614365469838958e-07,
                1.0,
                0.035775888711214066
            ],
            [
                0.0,
                0.0,
                0.0,
                1.0
            ]
        ]
    }
]