[
    {
        "class": "Car",
        "extent": [
            1.5107464790344238,
            4.901683330535889,
            2.128324270248413
        ],
        "position": [
            -1.3,
            0.0,
            -2.5
        ],
        "yaw": 0,
        "num_points": -1,
        "distance": -1,
        "speed": 3.7852930484105305,
        "brake": 0.0,
        "id": 1374,
        "ego_matrix": [
            [
                0.425468385219574,
                0.9049732685089111,
                0.0001683808513917029,
                514.1629028320312
            ],
            [
                -0.9049732089042664,
                0.42546841502189636,
                -0.0002892766206059605,
                82.58758544921875
            ],
            [
                -0.0003334283537697047,
                -2.93020984827308e-05,
                0.9999999403953552,
                0.03358333557844162
            ],
            [
                0.0,
                0.0,
                0.0,
                1.0
            ]
        ]
    },
    {
        "class": "Car",
        "extent": [
            1.6355280876159668,
            5.0267767906188965,
            2.1515462398529053
        ],
        "position": [
            35.28561370989523,
            -6.525895916623905,
            -2.3923346964005217
        ],
        "yaw": 1.0912310514471057,
        "num_points": 9,
        "distance": 35.96366385253533,
        "speed": 4.763675316089098,
        "brake": 0.0,
        "id": 1432,
        "ego_matrix": [
            [
                0.9991714954376221,
                0.04007307440042496,
                -0.007096160668879747,
                535.6347045898438
            ],
            [
                -0.04007415845990181,
                0.9991966485977173,
                -1.0706979082897305e-05,
                52.2551155090332
            ],
            [
                0.007090031635016203,
                0.0002950707857962698,
                0.99997478723526,
                0.12885873019695282
            ],
            [
                0.0,
                0.0,
                0.0,
                1.0
            ]
        ]
    },
    {
        "class": "Car",
        "extent": [
            1.0239027738571167,
            1.6428436040878296,
            0.3725162446498871
        ],
        "position": [
            36.22466012270475,
            24.443317322368706,
            -2.539600216120639
        ],
        "yaw": 1.1307443767018006,
        "num_points": 2,
        "distance": 43.77386585606994,
        "speed": 2.815752516091752,
        "brake": 0.0,
        "id": 1441,
        "ego_matrix": [
            [
                0.9999764561653137,
                0.0005725740920752287,
                0.006834690924733877,
                508.0079040527344
            ],
            [
                -0.0005725661758333445,
                0.9999998211860657,
                -3.112478452749201e-06,
                38.22892379760742
            ],
            [
                -0.006834691856056452,
                -8.00907798748085e-07,
                0.999976634979248,
                -0.017812423408031464
            ],
            [
                0.0,
                0.0,
                0.0,
                1.0
            ]
        ]
    },
    {
        "class": "Car",
        "extent": [
            1.5542958974838257,
            4.974244117736816,
            2.0384013652801514
        ],
        "position": [
            15.097762232758722,
            36.47555773950112,
            -2.5530651518229153
        ],
        "yaw": 1.130918014837383,
        "num_points": 0,
        "distance": 39.55915669619422,
        "speed": 4.63510105438974,
        "brake": 0.0,
        "id": 1523,
        "ego_matrix": [
            [
                0.9999909996986389,
                0.00039891895721666515,
                -0.004230011720210314,
                488.1302185058594
            ],
            [
                -0.0003989379038102925,
                0.9999999403953552,
                -3.6387946238392033e-06,
                52.22886657714844
            ],
            [
                0.0042300098575651646,
                5.3262738219928e-06,
                0.9999910593032837,
                -0.023880481719970703
            ],
            [
                0.0,
                0.0,
                0.0,
                1.0
            ]
        ]
    },
    {
        "class": "Car",
        "extent": [
            1.488319993019104,
            4.791779518127441,
            2.163450002670288
        ],
        "position": [
            32.101933889811185,
            16.765376710068576,
            -2.5216073180625718
        ],
        "yaw": 1.1308237389998128,
        "num_points": 2,
        "distance": 36.30386369469267,
        "speed": 4.815210929293886,
        "brake": 0.0,
        "id": 1557,
        "ego_matrix": [
            [
                0.9999998807907104,
                0.000493217317853123,
                -2.9087055736454204e-05,
                513.2021484375
            ],
            [
                -0.000493217317853123,
                0.9999998807907104,
                2.8251378125787596e-08,
                45.22659683227539
            ],
            [
                2.9087066650390625e-05,
                -1.3905133933178604e-08,
                1.0,
                0.0013301277067512274
            ],
            [
                0.0,
                0.0,
                0.0,
                1.0
            ]
        ]
    },
    {
        "class": "Car",
        "extent": [
            1.0239027738571167,
            1.6428436040878296,
            0.3725162446498871
        ],
        "position": [
            39.594930403974814,
            0.8720062517701119,
            -2.5377858783608342
        ],
        "yaw": 1.1312407899371186,
        "num_points": 0,
        "distance": 39.685756459505,
        "speed": 2.8157550832784786,
        "brake": 0.0,
        "id": 1594,
        "ego_matrix": [
            [
                0.999976634979248,
                7.612079934915528e-05,
                0.006838865112513304,
                530.7732543945312
            ],
            [
                -7.616461516590789e-05,
                1.0,
                6.146774921944598e-06,
                45.207767486572266
            ],
            [
                -0.0068388646468520164,
                -6.667510660918197e-06,
                0.999976634979248,
                -0.017812518402934074
            ],
            [
                0.0,
                0.0,
                0.0,
                1.0
            ]
        ]
    },
    {
        "class": "Car",
        "extent": [
            1.300939917564392,
            4.717525005340576,
            1.894826889038086
        ],
        "position": [
            18.258514066453035,
            37.981501757355424,
            -2.534060245915519
        ],
        "yaw": 1.1309595601503883,
        "num_points": 0,
        "distance": 42.21835232441913,
        "speed": 4.865344339046467,
        "brake": 0.0,
        "id": 1614,
        "ego_matrix": [
            [
                0.9999999403953552,
                0.0003573961730580777,
                -1.4424263099499512e-05,
                488.1121826171875
            ],
            [
                -0.0003573961730580777,
                0.9999999403953552,
                1.7027512910772202e-07,
                48.72773361206055
            ],
            [
                1.442432312614983e-05,
                -1.6511994260781648e-07,
                1.0,
                -0.005885333754122257
            ],
            [
                0.0,
                0.0,
                0.0,
                1.0
            ]
        ]
    },
    {
        "class": "Car",
        "extent": [
            1.6171096563339233,
            3.987684965133667,
            1.8508483171463013
        ],
        "position": [
            24.47618545768473,
            41.21165392583363,
            -2.488093975273276
        ],
        "yaw": 1.1308152168518153,
        "num_points": 0,
        "distance": 47.99661118757705,
        "speed": 4.985960929267236,
        "brake": 0.0,
        "id": 1617,
        "ego_matrix": [
            [
                0.9999998807907104,
                0.0005017395014874637,
                -2.8252519769011997e-05,
                487.83441162109375
            ],
            [
                -0.0005017395014874637,
                0.9999998807907104,
                1.674001310902895e-07,
                41.726566314697266
            ],
            [
                2.8252599804545753e-05,
                -1.532247040358925e-07,
                1.0,
                0.03810243681073189
            ],
            [
                0.0,
                0.0,
                0.0,
                1.0
            ]
        ]
    },
    {
        "class": "Car",
        "extent": [
            1.2765706777572632,
            2.3557403087615967,
            0.7636788487434387
        ],
        "position": [
            28.809915790640627,
            15.540770724383881,
            -2.5541245472435126
        ],
        "yaw": 1.130823206400104,
        "num_points": 0,
        "distance": 32.83367714366612,
        "speed": 4.628646614440464,
        "brake": 0.0,
        "id": 1625,
        "ego_matrix": [
            [
                0.9999945759773254,
                0.0004937725025229156,
                0.0032623906154185534,
                512.9097290039062
            ],
            [
                -0.0004937472986057401,
                0.9999998807907104,
                -8.535023880540393e-06,
                48.72682571411133
            ],
            [
                -0.0032623945735394955,
                6.924180979694938e-06,
                0.999994695186615,
                -0.03012533113360405
            ],
            [
                0.0,
                0.0,
                0.0,
                1.0
            ]
        ]
    },
    {
        "class": "Car",
        "extent": [
            1.6672759056091309,
            4.611005783081055,
            2.241713285446167
        ],
        "position": [
            48.049002682681625,
            -0.650307101750886,
            -2.443136704514504
        ],
        "yaw": 1.1309414506549758,
        "num_points": 0,
        "distance": 48.11547022615366,
        "speed": 4.991185744182919,
        "brake": 0.0,
        "id": 1634,
        "ego_matrix": [
            [
                0.9999999403953552,
                0.0003755057114176452,
                -8.952608914114535e-05,
                535.7478637695312
            ],
            [
                -0.00037550568231381476,
                0.9999999403953552,
                2.3701802831510577e-07,
                38.20472717285156
            ],
            [
                8.95261691766791e-05,
                -2.034004609186013e-07,
                1.0,
                0.07397321611642838
            ],
            [
                0.0,
                0.0,
                0.0,
                1.0
            ]
        ]
    },
    {
        "class": "Car",
        "extent": [
            1.5248334407806396,
            4.513522624969482,
            2.006814479827881
        ],
        "position": [
            44.803870844852874,
            -1.9750123720544266,
            -2.482374449767094
        ],
        "yaw": 1.1309760717491468,
        "num_points": 9,
        "distance": 44.91602942670781,
        "speed": 4.801412841105127,
        "brake": 0.0,
        "id": 1648,
        "ego_matrix": [
            [
                0.9999999403953552,
                0.0003408846096135676,
                -2.539127854106482e-05,
                535.5659790039062
            ],
            [
                -0.00034088458050973713,
                0.9999999403953552,
                8.796060910754022e-07,
                41.705116271972656
            ],
            [
                2.5391576855327003e-05,
                -8.70950543685467e-07,
                1.0,
                0.035778675228357315
            ],
            [
                0.0,
                0.0,
                0.0,
                1.0
            ]
        ]
    }
]