[
    {
        "class": "Car",
        "extent": [
            1.5107464790344238,
            4.901683330535889,
            2.128324270248413
        ],
        "position": [
            -1.3,
            0.0,
            -2.5
        ],
        "yaw": 0,
        "num_points": -1,
        "distance": -1,
        "speed": 4.144889482581621,
        "brake": 0.0,
        "id": 1374,
        "ego_matrix": [
            [
                0.42373478412628174,
                0.9057862758636475,
                -0.00019959374913014472,
                514.9815673828125
            ],
            [
                -0.9057861566543579,
                0.4237348437309265,
                0.00047096601338125765,
                80.83589172363281
            ],
            [
                0.0005111693753860891,
                -1.8775432181428187e-05,
                0.9999998807907104,
                0.03316303342580795
            ],
            [
                0.0,
                0.0,
                0.0,
                1.0
            ]
        ]
    },
    {
        "class": "Car",
        "extent": [
            1.6355280876159668,
            5.0267767906188965,
            2.1515462398529053
        ],
        "position": [
            34.42123732947404,
            -8.710720667053433,
            -2.422400570756533
        ],
        "yaw": 1.0978185177226605,
        "num_points": 11,
        "distance": 35.588850197170046,
        "speed": 4.739718531674942,
        "brake": 0.0,
        "id": 1432,
        "ego_matrix": [
            [
                0.9993478655815125,
                0.03540319949388504,
                -0.007097531110048294,
                538.0079345703125
            ],
            [
                -0.03540482372045517,
                0.9993730187416077,
                -0.00010297182598151267,
                52.17116165161133
            ],
            [
                0.007089435588568449,
                0.0003541915211826563,
                0.99997478723526,
                0.1288585066795349
            ],
            [
                0.0,
                0.0,
                0.0,
                1.0
            ]
        ]
    },
    {
        "class": "Car",
        "extent": [
            1.0239027738571167,
            1.6428436040878296,
            0.3725162446498871
        ],
        "position": [
            34.96516097136343,
            23.031623020160804,
            -2.5699394125096546
        ],
        "yaw": 1.1326590564975503,
        "num_points": 0,
        "distance": 41.94785726685128,
        "speed": 3.081051972147681,
        "brake": 0.0,
        "id": 1441,
        "ego_matrix": [
            [
                0.999977171421051,
                0.0005725735682062805,
                0.006727643311023712,
                509.4866638183594
            ],
            [
                -0.000572566466871649,
                0.9999998211860657,
                -2.9771319987048628e-06,
                38.22807693481445
            ],
            [
                -0.006727644242346287,
                -8.749589710532746e-07,
                0.9999773502349854,
                -0.01780630089342594
            ],
            [
                0.0,
                0.0,
                0.0,
                1.0
            ]
        ]
    },
    {
        "class": "Car",
        "extent": [
            1.5542958974838257,
            4.974244117736816,
            2.0384013652801514
        ],
        "position": [
            14.21704887840682,
            34.34363562242469,
            -2.5656213433856574
        ],
        "yaw": 1.1328401513541477,
        "num_points": 0,
        "distance": 37.258451382934894,
        "speed": 4.638363487541761,
        "brake": 0.0,
        "id": 1523,
        "ego_matrix": [
            [
                0.9999909996986389,
                0.0003914621192961931,
                -0.004230964928865433,
                490.4486999511719
            ],
            [
                -0.0003914811532013118,
                0.9999999403953552,
                -3.6699639167636633e-06,
                52.2281379699707
            ],
            [
                0.004230963531881571,
                5.3262738219928e-06,
                0.9999910593032837,
                -0.023881644010543823
            ],
            [
                0.0,
                0.0,
                0.0,
                1.0
            ]
        ]
    },
    {
        "class": "Car",
        "extent": [
            1.6355280876159668,
            5.0267767906188965,
            2.1515462398529053
        ],
        "position": [
            11.998471786151427,
            47.33419236129771,
            -2.412029420595909
        ],
        "yaw": 1.1329285682698291,
        "num_points": 0,
        "distance": 48.89076577049317,
        "speed": 4.686545300569287,
        "brake": 0.0,
        "id": 1556,
        "ego_matrix": [
            [
                0.9999739527702332,
                0.0003013814566656947,
                -0.007211692631244659,
                477.7419128417969
            ],
            [
                -0.0003030598454643041,
                0.9999999403953552,
                -0.0002316399331903085,
                48.73321533203125
            ],
            [
                0.007211622316390276,
                0.0002338194753974676,
                0.9999740123748779,
                0.12882009148597717
            ],
            [
                0.0,
                0.0,
                0.0,
                1.0
            ]
        ]
    },
    {
        "class": "Car",
        "extent": [
            1.488319993019104,
            4.791779518127441,
            2.163450002670288
        ],
        "position": [
            31.22253861855192,
            14.518470065301559,
            -2.5487285792734444
        ],
        "yaw": 1.1327384186655254,
        "num_points": 2,
        "distance": 34.52721981560098,
        "speed": 4.822435966935538,
        "brake": 0.0,
        "id": 1557,
        "ego_matrix": [
            [
                0.9999998807907104,
                0.000493217317853123,
                -2.9087055736454204e-05,
                515.6118774414062
            ],
            [
                -0.000493217317853123,
                0.9999998807907104,
                2.8251378125787596e-08,
                45.22542190551758
            ],
            [
                2.9087066650390625e-05,
                -1.3905133933178604e-08,
                1.0,
                0.0013315773103386164
            ],
            [
                0.0,
                0.0,
                0.0,
                1.0
            ]
        ]
    },
    {
        "class": "Car",
        "extent": [
            1.0239027738571167,
            1.6428436040878296,
            0.3725162446498871
        ],
        "position": [
            38.289495386452685,
            -0.5464033015198936,
            -2.571196060374909
        ],
        "yaw": 1.1332199180951157,
        "num_points": 1,
        "distance": 38.37961780291696,
        "speed": 3.0810525733298624,
        "brake": 0.0,
        "id": 1594,
        "ego_matrix": [
            [
                0.9999773502349854,
                1.1685260687954724e-05,
                0.006731339730322361,
                532.251953125
            ],
            [
                -1.1717641427821945e-05,
                1.0,
                4.77099274576176e-06,
                45.20777130126953
            ],
            [
                -0.006731339730322361,
                -4.849759989156155e-06,
                0.9999773502349854,
                -0.017806338146328926
            ],
            [
                0.0,
                0.0,
                0.0,
                1.0
            ]
        ]
    },
    {
        "class": "Car",
        "extent": [
            1.300939917564392,
            4.717525005340576,
            1.894826889038086
        ],
        "position": [
            17.431027711751558,
            35.73627988087741,
            -2.5492913575596283
        ],
        "yaw": 1.1328907514148594,
        "num_points": 0,
        "distance": 39.84245616472437,
        "speed": 4.879371906970118,
        "brake": 0.0,
        "id": 1614,
        "ego_matrix": [
            [
                0.9999999403953552,
                0.00034088458050973713,
                -9.29824909690069e-06,
                490.54913330078125
            ],
            [
                -0.00034088458050973713,
                0.9999999403953552,
                2.190070631513663e-07,
                48.72685623168945
            ],
            [
                9.298323675466236e-06,
                -2.158374172722688e-07,
                1.0,
                -0.005882625468075275
            ],
            [
                0.0,
                0.0,
                0.0,
                1.0
            ]
        ]
    },
    {
        "class": "Car",
        "extent": [
            1.6171096563339233,
            3.987684965133667,
            1.8508483171463013
        ],
        "position": [
            23.673758775736754,
            38.914956835254635,
            -2.5083937206057696
        ],
        "yaw": 1.1327597238567182,
        "num_points": 3,
        "distance": 45.61921480164996,
        "speed": 4.947499303874811,
        "brake": 0.0,
        "id": 1617,
        "ego_matrix": [
            [
                0.9999998807907104,
                0.00047191212070174515,
                5.930077262572553e-11,
                490.315185546875
            ],
            [
                -0.00047191212070174515,
                0.9999998807907104,
                1.2566060547669622e-07,
                41.725379943847656
            ],
            [
                0.0,
                -1.2566061968755093e-07,
                1.0,
                0.03826577961444855
            ],
            [
                0.0,
                0.0,
                0.0,
                1.0
            ]
        ]
    },
    {
        "class": "Car",
        "extent": [
            1.2765706777572632,
            2.3557403087615967,
            0.7636788487434387
        ],
        "position": [
            27.886875041010043,
            13.388402981831407,
            -2.578442438348708
        ],
        "yaw": 1.1327362881366534,
        "num_points": 3,
        "distance": 31.04151251734842,
        "speed": 4.6219326079622665,
        "brake": 0.0,
        "id": 1625,
        "ego_matrix": [
            [
                0.9999950528144836,
                0.0004953693714924157,
                0.00311314151622355,
                515.2220458984375
            ],
            [
                -0.0004953454481437802,
                0.9999998807907104,
                -8.46630700834794e-06,
                48.72565460205078
            ],
            [
                -0.003113145474344492,
                6.924184617673745e-06,
                0.9999951720237732,
                -0.030108584091067314
            ],
            [
                0.0,
                0.0,
                0.0,
                1.0
            ]
        ]
    },
    {
        "class": "Car",
        "extent": [
            1.6672759056091309,
            4.611005783081055,
            2.241713285446167
        ],
        "position": [
            47.167555962260536,
            -2.9952322824279003,
            -2.4838898660249775
        ],
        "yaw": 1.1328737071513735,
        "num_points": 0,
        "distance": 47.32778740597556,
        "speed": 4.955489453422931,
        "brake": 0.0,
        "id": 1634,
        "ego_matrix": [
            [
                0.9999999403953552,
                0.0003579288604669273,
                -2.9801708478771616e-06,
                538.2319946289062
            ],
            [
                -0.0003579288604669273,
                0.9999999403953552,
                1.713787440849046e-07,
                38.20384216308594
            ],
            [
                2.980232011395856e-06,
                -1.7031204890827212e-07,
                1.0,
                0.073992058634758
            ],
            [
                0.0,
                0.0,
                0.0,
                1.0
            ]
        ]
    },
    {
        "class": "Car",
        "extent": [
            1.5248334407806396,
            4.513522624969482,
            2.006814479827881
        ],
        "position": [
            43.88479315919222,
            -4.239091136764299,
            -2.520401130133864
        ],
        "yaw": 1.1328944798078762,
        "num_points": 9,
        "distance": 44.161039233102954,
        "speed": 4.804800744564764,
        "brake": 0.0,
        "id": 1648,
        "ego_matrix": [
            [
                0.9999999403953552,
                0.00033715623430907726,
                -2.491443774488289e-05,
                537.9676513671875
            ],
            [
                -0.0003371562052052468,
                0.9999999403953552,
                8.982827921499847e-07,
                41.70437240600586
            ],
            [
                2.4914739697123878e-05,
                -8.8988269908441e-07,
                1.0,
                0.03577939793467522
            ],
            [
                0.0,
                0.0,
                0.0,
                1.0
            ]
        ]
    }
]