[
    {
        "class": "Car",
        "extent": [
            1.5107464790344238,
            4.901683330535889,
            2.128324270248413
        ],
        "position": [
            -1.3,
            0.0,
            -2.5
        ],
        "yaw": 0,
        "num_points": -1,
        "distance": -1,
        "speed": 3.7204152621157447,
        "brake": 0.0,
        "id": 1374,
        "ego_matrix": [
            [
                0.4242233633995056,
                0.9055575728416443,
                8.082293788902462e-05,
                515.7984619140625
            ],
            [
                -0.9055575132369995,
                0.424223393201828,
                -0.00023279285233002156,
                79.09156036376953
            ],
            [
                -0.00024509429931640625,
                2.5566347176209092e-05,
                0.9999999403953552,
                0.03353935107588768
            ],
            [
                0.0,
                0.0,
                0.0,
                1.0
            ]
        ]
    },
    {
        "class": "Car",
        "extent": [
            1.1256572008132935,
            1.8354405164718628,
            0.3289288878440857
        ],
        "position": [
            23.68301175212569,
            42.986122192084984,
            -2.5398641971189218
        ],
        "yaw": 1.1327640484701254,
        "num_points": 0,
        "distance": 49.144100936979115,
        "speed": 3.515210240896458,
        "brake": 0.0,
        "id": 1382,
        "ego_matrix": [
            [
                0.9999960064888,
                -7.18214942025952e-05,
                -0.0028206075076013803,
                487.4704284667969
            ],
            [
                7.183546404121444e-05,
                1.0,
                4.8512633838981856e-06,
                38.232295989990234
            ],
            [
                0.002820607041940093,
                -5.053863787907176e-06,
                0.9999960064888,
                -0.013547038659453392
            ],
            [
                0.0,
                0.0,
                0.0,
                1.0
            ]
        ]
    },
    {
        "class": "Car",
        "extent": [
            2.098191261291504,
            6.273552894592285,
            2.3895740509033203
        ],
        "position": [
            15.115294771117739,
            44.77738161839588,
            -2.5313064610701796
        ],
        "yaw": 1.1322916733276458,
        "num_points": 0,
        "distance": 47.32751369993032,
        "speed": 4.778736865077986,
        "brake": 0.0,
        "id": 1426,
        "ego_matrix": [
            [
                0.9999999403953552,
                0.0004005393711850047,
                -5.793592208647169e-05,
                482.2137145996094
            ],
            [
                -0.00040053940028883517,
                0.9999999403953552,
                -5.094265702609846e-07,
                45.230960845947266
            ],
            [
                5.793571108370088e-05,
                5.326321570464643e-07,
                1.0,
                -0.0029351997654885054
            ],
            [
                0.0,
                0.0,
                0.0,
                1.0
            ]
        ]
    },
    {
        "class": "Car",
        "extent": [
            1.6355280876159668,
            5.0267767906188965,
            2.1515462398529053
        ],
        "position": [
            33.56317930380057,
            -10.807837951188574,
            -2.3964168641559036
        ],
        "yaw": 1.1046837454581266,
        "num_points": 7,
        "distance": 35.34174839966226,
        "speed": 4.735019382121368,
        "brake": 0.0,
        "id": 1432,
        "ego_matrix": [
            [
                0.9995825290679932,
                0.028002116829156876,
                -0.007111067418009043,
                540.3753662109375
            ],
            [
                -0.028004098683595657,
                0.9996077418327332,
                -0.0001790949609130621,
                52.105857849121094
            ],
            [
                0.00710326386615634,
                0.0003781592531595379,
                0.9999747276306152,
                0.12885403633117676
            ],
            [
                0.0,
                0.0,
                0.0,
                1.0
            ]
        ]
    },
    {
        "class": "Car",
        "extent": [
            1.0239027738571167,
            1.6428436040878296,
            0.3725162446498871
        ],
        "position": [
            33.69880474097808,
            21.61823520743979,
            -2.5421666681562765
        ],
        "yaw": 1.1321206984181722,
        "num_points": 1,
        "distance": 40.11757901249078,
        "speed": 3.199890973528321,
        "brake": 0.0,
        "id": 1441,
        "ego_matrix": [
            [
                0.9999830722808838,
                0.0005715080769732594,
                0.00578483659774065,
                511.0692138671875
            ],
            [
                -0.0005715047009289265,
                0.9999998211860657,
                -2.239585228380747e-06,
                38.227176666259766
            ],
            [
                -0.0057848370634019375,
                -1.0665139598131645e-06,
                0.9999832510948181,
                -0.017758024856448174
            ],
            [
                0.0,
                0.0,
                0.0,
                1.0
            ]
        ]
    },
    {
        "class": "Car",
        "extent": [
            1.5542958974838257,
            4.974244117736816,
            2.0384013652801514
        ],
        "position": [
            13.257115188158657,
            32.25122537666909,
            -2.5530288509238583
        ],
        "yaw": 1.132300728075352,
        "num_points": 0,
        "distance": 34.96298897008751,
        "speed": 4.641138150676829,
        "brake": 0.0,
        "id": 1523,
        "ego_matrix": [
            [
                0.9999909996986389,
                0.0003914621192961931,
                -0.004230964928865433,
                492.7685852050781
            ],
            [
                -0.0003914811532013118,
                0.9999999403953552,
                -3.6699639167636633e-06,
                52.227542877197266
            ],
            [
                0.004230963531881571,
                5.3262738219928e-06,
                0.9999910593032837,
                -0.023881912231445312
            ],
            [
                0.0,
                0.0,
                0.0,
                1.0
            ]
        ]
    },
    {
        "class": "Car",
        "extent": [
            1.6355280876159668,
            5.0267767906188965,
            2.1515462398529053
        ],
        "position": [
            11.045829670057081,
            45.210023130318156,
            -2.400513475841545
        ],
        "yaw": 1.1324040586931379,
        "num_points": 0,
        "distance": 46.60170607919321,
        "speed": 4.719936593890316,
        "brake": 0.0,
        "id": 1556,
        "ego_matrix": [
            [
                0.9999744892120361,
                0.0002864858543034643,
                -0.0071343244053423405,
                480.0955810546875
            ],
            [
                -0.00028814669349230826,
                0.9999999403953552,
                -0.00023176975082606077,
                48.73252868652344
            ],
            [
                0.007134257350116968,
                0.0002338195772608742,
                0.9999745488166809,
                0.12884412705898285
            ],
            [
                0.0,
                0.0,
                0.0,
                1.0
            ]
        ]
    },
    {
        "class": "Car",
        "extent": [
            1.488319993019104,
            4.791779518127441,
            2.163450002670288
        ],
        "position": [
            30.313027757908078,
            12.351743795701285,
            -2.524143353312066
        ],
        "yaw": 1.1321989953867297,
        "num_points": 4,
        "distance": 32.830116148354094,
        "speed": 4.826298825196489,
        "brake": 0.0,
        "id": 1557,
        "ego_matrix": [
            [
                0.9999998807907104,
                0.000493217317853123,
                -2.9087055736454204e-05,
                518.0242309570312
            ],
            [
                -0.000493217317853123,
                0.9999998807907104,
                2.8251378125787596e-08,
                45.22425079345703
            ],
            [
                2.9087066650390625e-05,
                -1.3905133933178604e-08,
                1.0,
                0.0013320350553840399
            ],
            [
                0.0,
                0.0,
                0.0,
                1.0
            ]
        ]
    },
    {
        "class": "Car",
        "extent": [
            1.0239027738571167,
            1.6428436040878296,
            0.3725162446498871
        ],
        "position": [
            5.761462076003244,
            48.23061183066596,
            -2.548333686493923
        ],
        "yaw": 1.1327726477382876,
        "num_points": 0,
        "distance": 48.64031627560946,
        "speed": 3.1998913716059185,
        "brake": 0.0,
        "id": 1581,
        "ego_matrix": [
            [
                0.9999832510948181,
                -8.045512367971241e-05,
                0.005786981899291277,
                475.1184997558594
            ],
            [
                8.043366688070819e-05,
                1.0,
                3.9402661968779285e-06,
                52.23645782470703
            ],
            [
                -0.005786982364952564,
                -3.4747317840810865e-06,
                0.9999832510948181,
                -0.017758140340447426
            ],
            [
                0.0,
                0.0,
                0.0,
                1.0
            ]
        ]
    },
    {
        "class": "Car",
        "extent": [
            1.0239027738571167,
            1.6428436040878296,
            0.3725162446498871
        ],
        "position": [
            37.03505536708364,
            -1.958404100173305,
            -2.541951761151239
        ],
        "yaw": 1.132729143508892,
        "num_points": 1,
        "distance": 37.17381055822158,
        "speed": 3.1998915491729565,
        "brake": 0.0,
        "id": 1594,
        "ego_matrix": [
            [
                0.9999832510948181,
                -3.6954770621377975e-05,
                0.005789128132164478,
                533.8345336914062
            ],
            [
                3.6930166970705613e-05,
                1.0,
                4.356896624813089e-06,
                45.20777130126953
            ],
            [
                -0.005789128132164478,
                -4.143029855185887e-06,
                0.9999832510948181,
                -0.017758045345544815
            ],
            [
                0.0,
                0.0,
                0.0,
                1.0
            ]
        ]
    },
    {
        "class": "Car",
        "extent": [
            1.300939917564392,
            4.717525005340576,
            1.894826889038086
        ],
        "position": [
            16.521960462778562,
            33.53573013395115,
            -2.534195918507235
        ],
        "yaw": 1.1323513281360638,
        "num_points": 0,
        "distance": 37.470555401597615,
        "speed": 4.8849842531672,
        "brake": 0.0,
        "id": 1614,
        "ego_matrix": [
            [
                0.9999999403953552,
                0.00034088458050973713,
                -9.29824909690069e-06,
                492.99041748046875
            ],
            [
                -0.00034088458050973713,
                0.9999999403953552,
                2.190070631513663e-07,
                48.72611618041992
            ],
            [
                9.298323675466236e-06,
                -2.158374172722688e-07,
                1.0,
                -0.005882014986127615
            ],
            [
                0.0,
                0.0,
                0.0,
                1.0
            ]
        ]
    },
    {
        "class": "Car",
        "extent": [
            1.6171096563339233,
            3.987684965133667,
            1.8508483171463013
        ],
        "position": [
            22.77573064215863,
            36.6912756721006,
            -2.4884288469571
        ],
        "yaw": 1.1322463995566052,
        "num_points": 5,
        "distance": 43.25709068877163,
        "speed": 4.938029261580586,
        "brake": 0.0,
        "id": 1617,
        "ego_matrix": [
            [
                0.9999998807907104,
                0.0004458131443243474,
                -1.3828154806105886e-05,
                492.785888671875
            ],
            [
                -0.0004458131443243474,
                0.9999998807907104,
                2.747056839780271e-07,
                41.724300384521484
            ],
            [
                1.3828276678395923e-05,
                -2.685408730940253e-07,
                1.0,
                0.03827161714434624
            ],
            [
                0.0,
                0.0,
                0.0,
                1.0
            ]
        ]
    },
    {
        "class": "Car",
        "extent": [
            1.2765706777572632,
            2.3557403087615967,
            0.7636788487434387
        ],
        "position": [
            26.934916067437168,
            11.31185122307116,
            -2.5564355401158085
        ],
        "yaw": 1.1321968648578578,
        "num_points": 5,
        "distance": 29.325467503921377,
        "speed": 4.611974792469535,
        "brake": 0.0,
        "id": 1625,
        "ego_matrix": [
            [
                0.9999951124191284,
                0.0004953691968694329,
                0.0030848889146000147,
                517.5328369140625
            ],
            [
                -0.0004953454481437802,
                0.9999998807907104,
                -8.452311703877058e-06,
                48.72447967529297
            ],
            [
                -0.003084892872720957,
                6.924184617673745e-06,
                0.999995231628418,
                -0.030105609446763992
            ],
            [
                0.0,
                0.0,
                0.0,
                1.0
            ]
        ]
    },
    {
        "class": "Car",
        "extent": [
            1.6672759056091309,
            4.611005783081055,
            2.241713285446167
        ],
        "position": [
            46.29364294984278,
            -5.21009947124415,
            -2.448015675521109
        ],
        "yaw": 1.1323502628716275,
        "num_points": 0,
        "distance": 46.65018000839207,
        "speed": 4.946147225309536,
        "brake": 0.0,
        "id": 1634,
        "ego_matrix": [
            [
                0.9999999403953552,
                0.0003419498389121145,
                -5.257121301838197e-05,
                540.7068481445312
            ],
            [
                -0.0003419498389121145,
                0.9999999403953552,
                2.424436615910963e-07,
                38.20301055908203
            ],
            [
                5.2571293053915724e-05,
                -2.2446693037636578e-07,
                1.0,
                0.07399194687604904
            ],
            [
                0.0,
                0.0,
                0.0,
                1.0
            ]
        ]
    },
    {
        "class": "Car",
        "extent": [
            1.5248334407806396,
            4.513522624969482,
            2.006814479827881
        ],
        "position": [
            42.981044279229664,
            -6.390769209376025,
            -2.487070115345346
        ],
        "yaw": 1.1323587849546066,
        "num_points": 6,
        "distance": 43.524678243259345,
        "speed": 4.8073761179176255,
        "brake": 0.0,
        "id": 1648,
        "ego_matrix": [
            [
                0.9999999403953552,
                0.000333427800796926,
                -2.4914435925893486e-05,
                540.3707275390625
            ],
            [
                -0.00033342777169309556,
                0.9999999403953552,
                9.145982744485082e-07,
                41.703636169433594
            ],
            [
                2.4914739697123878e-05,
                -9.06291063529352e-07,
                1.0,
                0.03577959164977074
            ],
            [
                0.0,
                0.0,
                0.0,
                1.0
            ]
        ]
    }
]