[
    {
        "class": "Car",
        "extent": [
            1.5107464790344238,
            4.901683330535889,
            2.128324270248413
        ],
        "position": [
            -1.3,
            0.0,
            -2.5
        ],
        "yaw": 0,
        "num_points": -1,
        "distance": -1,
        "speed": 3.9405037768362816,
        "brake": 0.0,
        "id": 1374,
        "ego_matrix": [
            [
                0.4253850281238556,
                0.9050124883651733,
                1.3888000466977246e-05,
                516.6511840820312
            ],
            [
                -0.9050124883651733,
                0.4253850281238556,
                -5.709350807592273e-05,
                77.27835083007812
            ],
            [
                -5.757808321504854e-05,
                1.1717908819264267e-05,
                1.0,
                0.033446043729782104
            ],
            [
                0.0,
                0.0,
                0.0,
                1.0
            ]
        ]
    },
    {
        "class": "Car",
        "extent": [
            1.1256572008132935,
            1.8354405164718628,
            0.3289288878440857
        ],
        "position": [
            22.39411935551368,
            41.3800079763985,
            -2.54513615124769
        ],
        "yaw": 1.1314929952828645,
        "num_points": 0,
        "distance": 47.11984040575884,
        "speed": 3.716978449095676,
        "brake": 0.0,
        "id": 1382,
        "ego_matrix": [
            [
                0.9999957084655762,
                -8.388150308746845e-05,
                -0.00291990814730525,
                489.2808837890625
            ],
            [
                8.389321737922728e-05,
                1.0,
                3.8888179005880374e-06,
                38.232444763183594
            ],
            [
                0.0029199079144746065,
                -4.13376164942747e-06,
                0.9999957084655762,
                -0.013539256528019905
            ],
            [
                0.0,
                0.0,
                0.0,
                1.0
            ]
        ]
    },
    {
        "class": "Car",
        "extent": [
            2.098191261291504,
            6.273552894592285,
            2.3895740509033203
        ],
        "position": [
            14.071546570777171,
            42.63621989076831,
            -2.534996419327274
        ],
        "yaw": 1.1310085623144455,
        "num_points": 0,
        "distance": 44.96978848419792,
        "speed": 4.781197322117975,
        "brake": 0.0,
        "id": 1426,
        "ego_matrix": [
            [
                0.9999999403953552,
                0.0004005393711850047,
                -5.793592208647169e-05,
                484.60369873046875
            ],
            [
                -0.00040053940028883517,
                0.9999999403953552,
                -5.094265702609846e-07,
                45.2301025390625
            ],
            [
                5.793571108370088e-05,
                5.326321570464643e-07,
                1.0,
                -0.0029350470285862684
            ],
            [
                0.0,
                0.0,
                0.0,
                1.0
            ]
        ]
    },
    {
        "class": "Car",
        "extent": [
            1.6355280876159668,
            5.0267767906188965,
            2.1515462398529053
        ],
        "position": [
            32.62076655983992,
            -12.885923527568258,
            -2.402791162112229
        ],
        "yaw": 1.1118034444775335,
        "num_points": 10,
        "distance": 35.15586496558764,
        "speed": 4.735702372253395,
        "brake": 0.0,
        "id": 1432,
        "ego_matrix": [
            [
                0.9997825622558594,
                0.019601788371801376,
                -0.00711303623393178,
                542.7424926757812
            ],
            [
                -0.019603906199336052,
                0.9998078346252441,
                -0.00022811323287896812,
                52.06110763549805
            ],
            [
                0.007107197772711515,
                0.00036750693107023835,
                0.9999746680259705,
                0.12885278463363647
            ],
            [
                0.0,
                0.0,
                0.0,
                1.0
            ]
        ]
    },
    {
        "class": "Car",
        "extent": [
            1.0239027738571167,
            1.6428436040878296,
            0.3725162446498871
        ],
        "position": [
            32.33639066154467,
            20.24215460682552,
            -2.5489752228423237
        ],
        "yaw": 1.1308375874049719,
        "num_points": 0,
        "distance": 38.23459505250873,
        "speed": 3.099802743891009,
        "brake": 0.0,
        "id": 1441,
        "ego_matrix": [
            [
                0.9999887347221375,
                0.0005715109873563051,
                0.004709106404334307,
                512.6401977539062
            ],
            [
                -0.0005715079023502767,
                0.9999998211860657,
                -1.995057573367376e-06,
                38.22629165649414
            ],
            [
                -0.004709106869995594,
                -6.962565635149076e-07,
                0.9999889135360718,
                -0.017703093588352203
            ],
            [
                0.0,
                0.0,
                0.0,
                1.0
            ]
        ]
    },
    {
        "class": "Car",
        "extent": [
            1.5542958974838257,
            4.974244117736816,
            2.0384013652801514
        ],
        "position": [
            12.199964544693305,
            30.169774727261867,
            -2.55619716463663
        ],
        "yaw": 1.1310176170621518,
        "num_points": 6,
        "distance": 32.64335439151434,
        "speed": 4.643798855361394,
        "brake": 0.0,
        "id": 1523,
        "ego_matrix": [
            [
                0.9999909996986389,
                0.0003914621192961931,
                -0.004230964928865433,
                495.08984375
            ],
            [
                -0.0003914811532013118,
                0.9999999403953552,
                -3.6699639167636633e-06,
                52.22694778442383
            ],
            [
                0.004230963531881571,
                5.3262738219928e-06,
                0.9999910593032837,
                -0.023881949484348297
            ],
            [
                0.0,
                0.0,
                0.0,
                1.0
            ]
        ]
    },
    {
        "class": "Car",
        "extent": [
            1.6355280876159668,
            5.0267767906188965,
            2.1515462398529053
        ],
        "position": [
            9.989862518497763,
            43.087887304479466,
            -2.4034408284547686
        ],
        "yaw": 1.1311278718987718,
        "num_points": 0,
        "distance": 44.296048506812575,
        "speed": 4.730036181268042,
        "brake": 0.0,
        "id": 1556,
        "ego_matrix": [
            [
                0.9999746084213257,
                0.0002795647887978703,
                -0.00712085235863924,
                482.4586486816406
            ],
            [
                -0.0002812226884998381,
                0.9999999403953552,
                -0.0002318229671800509,
                48.731937408447266
            ],
            [
                0.007120787166059017,
                0.00023381963546853513,
                0.9999746680259705,
                0.12885026633739471
            ],
            [
                0.0,
                0.0,
                0.0,
                1.0
            ]
        ]
    },
    {
        "class": "Car",
        "extent": [
            1.488319993019104,
            4.791779518127441,
            2.163450002670288
        ],
        "position": [
            29.321298330766663,
            10.208672466541262,
            -2.5302310781177546
        ],
        "yaw": 1.1309158843735294,
        "num_points": 3,
        "distance": 31.150563375958555,
        "speed": 4.829062573810894,
        "brake": 0.0,
        "id": 1557,
        "ego_matrix": [
            [
                0.9999998807907104,
                0.000493217317853123,
                -2.9087055736454204e-05,
                520.4380493164062
            ],
            [
                -0.000493217317853123,
                0.9999998807907104,
                2.8251378125787596e-08,
                45.223079681396484
            ],
            [
                2.9087066650390625e-05,
                -1.3905133933178604e-08,
                1.0,
                0.0013322257436811924
            ],
            [
                0.0,
                0.0,
                0.0,
                1.0
            ]
        ]
    },
    {
        "class": "Car",
        "extent": [
            1.0239027738571167,
            1.6428436040878296,
            0.3725162446498871
        ],
        "position": [
            4.363998122050302,
            46.8181940090614,
            -2.5502745194661145
        ],
        "yaw": 1.131524319317287,
        "num_points": 0,
        "distance": 47.09025026482668,
        "speed": 3.0998038824418397,
        "brake": 0.0,
        "id": 1581,
        "ego_matrix": [
            [
                0.9999889135360718,
                -0.00011523054854478687,
                0.0047120871022343636,
                476.68951416015625
            ],
            [
                0.00011521632404765114,
                1.0,
                3.289525238869828e-06,
                52.23660659790039
            ],
            [
                -0.004712087567895651,
                -2.746579411905259e-06,
                0.9999889135360718,
                -0.017703209072351456
            ],
            [
                0.0,
                0.0,
                0.0,
                1.0
            ]
        ]
    },
    {
        "class": "Car",
        "extent": [
            1.0239027738571167,
            1.6428436040878296,
            0.3725162446498871
        ],
        "position": [
            35.70195251548296,
            -3.3306259593627523,
            -2.549057663946233
        ],
        "yaw": 1.1314831352637742,
        "num_points": 1,
        "distance": 35.94746413410971,
        "speed": 3.0998038290872816,
        "brake": 0.0,
        "id": 1594,
        "ego_matrix": [
            [
                0.9999889135360718,
                -7.404816278722137e-05,
                0.004714232869446278,
                535.405517578125
            ],
            [
                7.403273048112169e-05,
                1.0,
                3.448769575697952e-06,
                45.207923889160156
            ],
            [
                -0.004714232869446278,
                -3.099723926425213e-06,
                0.9999889135360718,
                -0.017703093588352203
            ],
            [
                0.0,
                0.0,
                0.0,
                1.0
            ]
        ]
    },
    {
        "class": "Car",
        "extent": [
            1.300939917564392,
            4.717525005340576,
            1.894826889038086
        ],
        "position": [
            15.515233578951136,
            31.348026917782796,
            -2.5379923461302347
        ],
        "yaw": 1.1310682171228634,
        "num_points": 0,
        "distance": 35.06939791037855,
        "speed": 4.888161872249392,
        "brake": 0.0,
        "id": 1614,
        "ego_matrix": [
            [
                0.9999999403953552,
                0.00034088458050973713,
                -9.29824909690069e-06,
                495.43377685546875
            ],
            [
                -0.00034088458050973713,
                0.9999999403953552,
                2.190070631513663e-07,
                48.72537612915039
            ],
            [
                9.298323675466236e-06,
                -2.158374172722688e-07,
                1.0,
                -0.005881824530661106
            ],
            [
                0.0,
                0.0,
                0.0,
                1.0
            ]
        ]
    },
    {
        "class": "Car",
        "extent": [
            1.6171096563339233,
            3.987684965133667,
            1.8508483171463013
        ],
        "position": [
            21.775837081821006,
            34.48915877931275,
            -2.49344429428452
        ],
        "yaw": 1.1309883222901609,
        "num_points": 1,
        "distance": 40.86448847553774,
        "speed": 4.936481879191846,
        "brake": 0.0,
        "id": 1617,
        "ego_matrix": [
            [
                0.9999999403953552,
                0.00042077942634932697,
                -1.788126610335894e-05,
                495.2541809082031
            ],
            [
                -0.00042077942634932697,
                0.9999999403953552,
                3.032690187865228e-07,
                41.72325897216797
            ],
            [
                1.7881391613627784e-05,
                -2.957449112273025e-07,
                1.0,
                0.03826894611120224
            ],
            [
                0.0,
                0.0,
                0.0,
                1.0
            ]
        ]
    },
    {
        "class": "Car",
        "extent": [
            1.2765706777572632,
            2.3557403087615967,
            0.7636788487434387
        ],
        "position": [
            25.88869622177512,
            9.283206413132458,
            -2.5618674820104097
        ],
        "yaw": 1.130912155915494,
        "num_points": 2,
        "distance": 27.621833363619427,
        "speed": 4.528499886204276,
        "brake": 0.0,
        "id": 1625,
        "ego_matrix": [
            [
                0.9999954104423523,
                0.0004969665315002203,
                0.002993932692334056,
                519.8154296875
            ],
            [
                -0.0004969435976818204,
                0.9999998807907104,
                -8.412041097471956e-06,
                48.72330856323242
            ],
            [
                -0.002993936650454998,
                6.9241868914105e-06,
                0.9999955296516418,
                -0.030095690861344337
            ],
            [
                0.0,
                0.0,
                0.0,
                1.0
            ]
        ]
    },
    {
        "class": "Car",
        "extent": [
            1.6672759056091309,
            4.611005783081055,
            2.241713285446167
        ],
        "position": [
            45.349154230755445,
            -7.386051294738845,
            -2.4568627309609212
        ],
        "yaw": 1.1310735434450434,
        "num_points": 0,
        "distance": 46.01234310108694,
        "speed": 4.944568870299582,
        "brake": 0.0,
        "id": 1634,
        "ego_matrix": [
            [
                0.9999999403953552,
                0.00033555825939401984,
                -6.11542709521018e-05,
                543.1795043945312
            ],
            [
                -0.00033555825939401984,
                0.9999999403953552,
                2.503442146917223e-07,
                38.20219802856445
            ],
            [
                6.115435826359317e-05,
                -2.29823371000748e-07,
                1.0,
                0.07398389279842377
            ],
            [
                0.0,
                0.0,
                0.0,
                1.0
            ]
        ]
    },
    {
        "class": "Car",
        "extent": [
            1.5248334407806396,
            4.513522624969482,
            2.006814479827881
        ],
        "position": [
            42.00891776117979,
            -8.509137591460279,
            -2.495272405121467
        ],
        "yaw": 1.1310756739414063,
        "num_points": 6,
        "distance": 42.934612824523406,
        "speed": 4.809730717894853,
        "brake": 0.0,
        "id": 1648,
        "ego_matrix": [
            [
                0.9999999403953552,
                0.000333427800796926,
                -2.4914435925893486e-05,
                542.7750244140625
            ],
            [
                -0.00033342777169309556,
                0.9999999403953552,
                9.145982744485082e-07,
                41.70289993286133
            ],
            [
                2.4914739697123878e-05,
                -9.06291063529352e-07,
                1.0,
                0.03577970340847969
            ],
            [
                0.0,
                0.0,
                0.0,
                1.0
            ]
        ]
    }
]