[
    {
        "class": "Car",
        "extent": [
            1.5107464790344238,
            4.901683330535889,
            2.128324270248413
        ],
        "position": [
            -1.3,
            0.0,
            -2.5
        ],
        "yaw": 0,
        "num_points": -1,
        "distance": -1,
        "speed": 4.067960403663519,
        "brake": 0.0,
        "id": 1374,
        "ego_matrix": [
            [
                0.42649662494659424,
                0.9044890999794006,
                -0.00019084483210463077,
                517.4645385742188
            ],
            [
                -0.9044889807701111,
                0.426496684551239,
                0.0003872485540341586,
                75.55487060546875
            ],
            [
                0.00043165680835954845,
                7.456852017639903e-06,
                0.9999998807907104,
                0.03320251405239105
            ],
            [
                0.0,
                0.0,
                0.0,
                1.0
            ]
        ]
    },
    {
        "class": "Car",
        "extent": [
            1.1256572008132935,
            1.8354405164718628,
            0.3289288878440857
        ],
        "position": [
            21.249162729622377,
            39.68796746585644,
            -2.556211142321063
        ],
        "yaw": 1.1302722308148387,
        "num_points": 0,
        "distance": 45.09097352780242,
        "speed": 3.926894526867518,
        "brake": 0.0,
        "id": 1382,
        "ego_matrix": [
            [
                0.9999967813491821,
                -9.190170385409147e-05,
                -0.002529618563130498,
                491.1843566894531
            ],
            [
                9.191132994601503e-05,
                1.0,
                3.6905294109601527e-06,
                38.23258972167969
            ],
            [
                0.0025296180974692106,
                -3.923018084606156e-06,
                0.9999967813491821,
                -0.013571071438491344
            ],
            [
                0.0,
                0.0,
                0.0,
                1.0
            ]
        ]
    },
    {
        "class": "Car",
        "extent": [
            2.098191261291504,
            6.273552894592285,
            2.3895740509033203
        ],
        "position": [
            13.133875834615427,
            40.493181685677165,
            -2.542066169932679
        ],
        "yaw": 1.1297797797874831,
        "num_points": 6,
        "distance": 42.645733173210566,
        "speed": 4.783559071887128,
        "brake": 0.0,
        "id": 1426,
        "ego_matrix": [
            [
                0.9999999403953552,
                0.0004005393711850047,
                -5.793592208647169e-05,
                486.9949035644531
            ],
            [
                -0.00040053940028883517,
                0.9999999403953552,
                -5.094265702609846e-07,
                45.22936248779297
            ],
            [
                5.793571108370088e-05,
                5.326321570464643e-07,
                1.0,
                -0.002935123397037387
            ],
            [
                0.0,
                0.0,
                0.0,
                1.0
            ]
        ]
    },
    {
        "class": "Car",
        "extent": [
            1.6355280876159668,
            5.0267767906188965,
            2.1515462398529053
        ],
        "position": [
            31.764295295902368,
            -14.97468902121251,
            -2.4187341596365193
        ],
        "yaw": 1.118502889394845,
        "num_points": 6,
        "distance": 35.200313093242514,
        "speed": 4.737702157964388,
        "brake": 0.0,
        "id": 1432,
        "ego_matrix": [
            [
                0.9999065399169922,
                0.011674642562866211,
                -0.0071115694008767605,
                545.1107788085938
            ],
            [
                -0.011676869355142117,
                0.9999317526817322,
                -0.00027170858811587095,
                52.03526306152344
            ],
            [
                0.007107912562787533,
                0.0003547240630723536,
                0.9999746680259705,
                0.12885244190692902
            ],
            [
                0.0,
                0.0,
                0.0,
                1.0
            ]
        ]
    },
    {
        "class": "Car",
        "extent": [
            1.0239027738571167,
            1.6428436040878296,
            0.3725162446498871
        ],
        "position": [
            31.097462114072588,
            18.81920665244472,
            -2.5648592907466297
        ],
        "yaw": 1.1296093374452087,
        "num_points": 2,
        "distance": 36.43889669220144,
        "speed": 3.3814729571187687,
        "brake": 0.0,
        "id": 1441,
        "ego_matrix": [
            [
                0.9999763369560242,
                0.0005709767574444413,
                0.0068501876667141914,
                514.2601928710938
            ],
            [
                -0.000570968259125948,
                0.9999998211860657,
                -3.198514605173841e-06,
                38.225364685058594
            ],
            [
                -0.006850188598036766,
                -7.128006700440892e-07,
                0.9999765157699585,
                -0.017812518402934074
            ],
            [
                0.0,
                0.0,
                0.0,
                1.0
            ]
        ]
    },
    {
        "class": "Car",
        "extent": [
            1.5542958974838257,
            4.974244117736816,
            2.0384013652801514
        ],
        "position": [
            11.24818306484718,
            28.08648955790345,
            -2.562291540017675
        ],
        "yaw": 1.1297888345351894,
        "num_points": 2,
        "distance": 30.363429580378114,
        "speed": 4.646428091630343,
        "brake": 0.0,
        "id": 1523,
        "ego_matrix": [
            [
                0.9999909996986389,
                0.0003914621192961931,
                -0.004230964928865433,
                497.4123840332031
            ],
            [
                -0.0003914811532013118,
                0.9999999403953552,
                -3.6699639167636633e-06,
                52.226356506347656
            ],
            [
                0.004230963531881571,
                5.3262738219928e-06,
                0.9999910593032837,
                -0.023881949484348297
            ],
            [
                0.0,
                0.0,
                0.0,
                1.0
            ]
        ]
    },
    {
        "class": "Car",
        "extent": [
            1.6355280876159668,
            5.0267767906188965,
            2.1515462398529053
        ],
        "position": [
            9.040962749684992,
            40.96226697379403,
            -2.4085090493145938
        ],
        "yaw": 1.1298990893718095,
        "num_points": 0,
        "distance": 42.01722550233653,
        "speed": 4.734363838510313,
        "brake": 0.0,
        "id": 1556,
        "ego_matrix": [
            [
                0.9999746084213257,
                0.0002795647887978703,
                -0.00712085235863924,
                484.8249816894531
            ],
            [
                -0.0002812226884998381,
                0.9999999403953552,
                -0.0002318229671800509,
                48.731346130371094
            ],
            [
                0.007120787166059017,
                0.00023381963546853513,
                0.9999746680259705,
                0.1288517564535141
            ],
            [
                0.0,
                0.0,
                0.0,
                1.0
            ]
        ]
    },
    {
        "class": "Car",
        "extent": [
            1.488319993019104,
            4.791779518127441,
            2.163450002670288
        ],
        "position": [
            28.434066526421926,
            8.062913004377924,
            -2.5446450421925713
        ],
        "yaw": 1.129687101846567,
        "num_points": 4,
        "distance": 29.664489271448947,
        "speed": 4.8314620186513375,
        "brake": 0.0,
        "id": 1557,
        "ego_matrix": [
            [
                0.9999998807907104,
                0.000493217317853123,
                -2.9087055736454204e-05,
                522.8532104492188
            ],
            [
                -0.000493217317853123,
                0.9999998807907104,
                2.8251378125787596e-08,
                45.22190856933594
            ],
            [
                2.9087066650390625e-05,
                -1.3905133933178604e-08,
                1.0,
                0.0013322639279067516
            ],
            [
                0.0,
                0.0,
                0.0,
                1.0
            ]
        ]
    },
    {
        "class": "Car",
        "extent": [
            1.0239027738571167,
            1.6428436040878296,
            0.3725162446498871
        ],
        "position": [
            3.0914001947202046,
            45.36039799777945,
            -2.552572463323952
        ],
        "yaw": 1.1303197257831632,
        "num_points": 0,
        "distance": 45.53721651420286,
        "speed": 3.3814757109094566,
        "brake": 0.0,
        "id": 1581,
        "ego_matrix": [
            [
                0.9999765157699585,
                -0.00013941811630502343,
                0.006852214690297842,
                478.3094787597656
            ],
            [
                0.0001394033315591514,
                1.0,
                2.6342436285631265e-06,
                52.23681640625
            ],
            [
                -0.006852215155959129,
                -1.678960074968927e-06,
                0.9999765157699585,
                -0.017812613397836685
            ],
            [
                0.0,
                0.0,
                0.0,
                1.0
            ]
        ]
    },
    {
        "class": "Car",
        "extent": [
            1.0239027738571167,
            1.6428436040878296,
            0.3725162446498871
        ],
        "position": [
            34.491015213834665,
            -4.749877160655281,
            -2.5665000077800624
        ],
        "yaw": 1.1302806329466626,
        "num_points": 1,
        "distance": 34.91100665710205,
        "speed": 3.3814753981305032,
        "brake": 0.0,
        "id": 1594,
        "ego_matrix": [
            [
                0.9999765157699585,
                -0.00010032831050921232,
                0.0068548377603292465,
                537.0255126953125
            ],
            [
                0.00010031140845967457,
                1.0,
                2.809486886690138e-06,
                45.20806884765625
            ],
            [
                -0.0068548377603292465,
                -2.1218024812696967e-06,
                0.9999765157699585,
                -0.017812633886933327
            ],
            [
                0.0,
                0.0,
                0.0,
                1.0
            ]
        ]
    },
    {
        "class": "Car",
        "extent": [
            1.300939917564392,
            4.717525005340576,
            1.894826889038086
        ],
        "position": [
            14.61425932361246,
            29.158356153271797,
            -2.545736296470213
        ],
        "yaw": 1.129839434595901,
        "num_points": 1,
        "distance": 32.71493668693251,
        "speed": 4.89059467061468,
        "brake": 0.0,
        "id": 1614,
        "ego_matrix": [
            [
                0.9999999403953552,
                0.00034088458050973713,
                -9.29824909690069e-06,
                497.8785095214844
            ],
            [
                -0.00034088458050973713,
                0.9999999403953552,
                2.190070631513663e-07,
                48.72463607788086
            ],
            [
                9.298323675466236e-06,
                -2.158374172722688e-07,
                1.0,
                -0.005881709977984428
            ],
            [
                0.0,
                0.0,
                0.0,
                1.0
            ]
        ]
    },
    {
        "class": "Car",
        "extent": [
            1.6171096563339233,
            3.987684965133667,
            1.8508483171463013
        ],
        "position": [
            20.88127234599819,
            32.28603299016547,
            -2.504268046695269
        ],
        "yaw": 1.1297824429485732,
        "num_points": 7,
        "distance": 38.53163400998588,
        "speed": 4.937387822782331,
        "brake": 0.0,
        "id": 1617,
        "ego_matrix": [
            [
                0.9999999403953552,
                0.0003978762251790613,
                -1.9073377188760787e-05,
                497.722412109375
            ],
            [
                -0.0003978762251790613,
                0.9999999403953552,
                2.744178004832065e-07,
                41.72226333618164
            ],
            [
                1.9073484509135596e-05,
                -2.668289482699038e-07,
                1.0,
                0.03826841339468956
            ],
            [
                0.0,
                0.0,
                0.0,
                1.0
            ]
        ]
    },
    {
        "class": "Car",
        "extent": [
            1.2765706777572632,
            2.3557403087615967,
            0.7636788487434387
        ],
        "position": [
            24.954197155551466,
            7.235857166270538,
            -2.574614060141749
        ],
        "yaw": 1.129682308156605,
        "num_points": 4,
        "distance": 26.109351239881107,
        "speed": 4.681860354507529,
        "brake": 0.0,
        "id": 1625,
        "ego_matrix": [
            [
                0.9999943375587463,
                0.0004980340600013733,
                0.003328789956867695,
                522.1171264648438
            ],
            [
                -0.0004980082740075886,
                0.9999998807907104,
                -8.581993824918754e-06,
                48.722137451171875
            ],
            [
                -0.003328793914988637,
                6.9241800702002365e-06,
                0.9999944567680359,
                -0.03013269416987896
            ],
            [
                0.0,
                0.0,
                0.0,
                1.0
            ]
        ]
    },
    {
        "class": "Car",
        "extent": [
            1.6672759056091309,
            4.611005783081055,
            2.241713285446167
        ],
        "position": [
            44.50770719863123,
            -9.564284070607515,
            -2.479065317173065
        ],
        "yaw": 1.129844760918081,
        "num_points": 0,
        "distance": 45.5911975573046,
        "speed": 4.945432878956994,
        "brake": 0.0,
        "id": 1634,
        "ego_matrix": [
            [
                0.9999999403953552,
                0.00033555825939401984,
                -6.11542709521018e-05,
                545.6521606445312
            ],
            [
                -0.00033555825939401984,
                0.9999999403953552,
                2.503442146917223e-07,
                38.20144271850586
            ],
            [
                6.115435826359317e-05,
                -2.29823371000748e-07,
                1.0,
                0.07398172467947006
            ],
            [
                0.0,
                0.0,
                0.0,
                1.0
            ]
        ]
    },
    {
        "class": "Car",
        "extent": [
            1.5248334407806396,
            4.513522624969482,
            2.006814479827881
        ],
        "position": [
            41.140153914186726,
            -10.6307021672345,
            -2.5158216656452916
        ],
        "yaw": 1.129846891414444,
        "num_points": 4,
        "distance": 42.565871908193635,
        "speed": 4.812019995036975,
        "brake": 0.0,
        "id": 1648,
        "ego_matrix": [
            [
                0.9999999403953552,
                0.000333427800796926,
                -2.4914435925893486e-05,
                545.1804809570312
            ],
            [
                -0.00033342777169309556,
                0.9999999403953552,
                9.145982744485082e-07,
                41.70216751098633
            ],
            [
                2.4914739697123878e-05,
                -9.06291063529352e-07,
                1.0,
                0.03577970340847969
            ],
            [
                0.0,
                0.0,
                0.0,
                1.0
            ]
        ]
    }
]