[
    {
        "class": "Car",
        "extent": [
            1.5107464790344238,
            4.901683330535889,
            2.128324270248413
        ],
        "position": [
            -1.3,
            0.0,
            -2.5
        ],
        "yaw": 0,
        "num_points": -1,
        "distance": -1,
        "speed": 3.6618447643668945,
        "brake": 0.0,
        "id": 1374,
        "ego_matrix": [
            [
                0.42721620202064514,
                0.9041494727134705,
                0.00018687156261876225,
                518.3059692382812
            ],
            [
                -0.9041493535041809,
                0.4272162616252899,
                -0.00043289270251989365,
                73.77510833740234
            ],
            [
                -0.00047123426338657737,
                1.5978963347151875e-05,
                0.9999998807907104,
                0.033651962876319885
            ],
            [
                0.0,
                0.0,
                0.0,
                1.0
            ]
        ]
    },
    {
        "class": "Car",
        "extent": [
            1.1256572008132935,
            1.8354405164718628,
            0.3289288878440857
        ],
        "position": [
            20.09770445974344,
            37.90968562119754,
            -2.5364645971450734
        ],
        "yaw": 1.1294803262108015,
        "num_points": 0,
        "distance": 42.98250389521059,
        "speed": 4.016849758654922,
        "brake": 0.0,
        "id": 1382,
        "ego_matrix": [
            [
                0.9999942183494568,
                -9.561463230056688e-05,
                -0.00339388195425272,
                493.17138671875
            ],
            [
                9.562585182720795e-05,
                1.0,
                3.144627953588497e-06,
                38.23276901245117
            ],
            [
                0.0033938817214220762,
                -3.469152716206736e-06,
                0.9999942183494568,
                -0.013501720502972603
            ],
            [
                0.0,
                0.0,
                0.0,
                1.0
            ]
        ]
    },
    {
        "class": "Car",
        "extent": [
            2.098191261291504,
            6.273552894592285,
            2.3895740509033203
        ],
        "position": [
            12.155775919713864,
            38.34232276769257,
            -2.5296335953081397
        ],
        "yaw": 1.1289841604118218,
        "num_points": 5,
        "distance": 40.3025514025939,
        "speed": 4.7858912622468655,
        "brake": 0.0,
        "id": 1426,
        "ego_matrix": [
            [
                0.9999999403953552,
                0.0004005393711850047,
                -5.793592208647169e-05,
                489.3872985839844
            ],
            [
                -0.00040053940028883517,
                0.9999999403953552,
                -5.094265702609846e-07,
                45.2286262512207
            ],
            [
                5.793571108370088e-05,
                5.326321570464643e-07,
                1.0,
                -0.002935123397037387
            ],
            [
                0.0,
                0.0,
                0.0,
                1.0
            ]
        ]
    },
    {
        "class": "Car",
        "extent": [
            1.6355280876159668,
            5.0267767906188965,
            2.1515462398529053
        ],
        "position": [
            30.876377250511712,
            -17.1827254479191,
            -2.3890975878917793
        ],
        "yaw": 1.1240759544902965,
        "num_points": 5,
        "distance": 35.416161751648836,
        "speed": 5.021464428935187,
        "brake": 0.0,
        "id": 1432,
        "ego_matrix": [
            [
                0.9999594688415527,
                0.005306384060531855,
                -0.0072739003226161,
                547.5880126953125
            ],
            [
                -0.005308579653501511,
                0.9999858736991882,
                -0.0002825660922098905,
                52.0235481262207
            ],
            [
                0.007272297982126474,
                0.00032116868533194065,
                0.999973475933075,
                0.1296663135290146
            ],
            [
                0.0,
                0.0,
                0.0,
                1.0
            ]
        ]
    },
    {
        "class": "Car",
        "extent": [
            1.0239027738571167,
            1.6428436040878296,
            0.3725162446498871
        ],
        "position": [
            29.866151879495135,
            17.25569482822644,
            -2.5364871098048267
        ],
        "yaw": 1.1288163812956562,
        "num_points": 0,
        "distance": 34.5858323443597,
        "speed": 3.6232541275882837,
        "brake": 0.0,
        "id": 1441,
        "ego_matrix": [
            [
                0.999978244304657,
                0.0005683089257217944,
                0.006571482867002487,
                516.0189208984375
            ],
            [
                -0.0005683061899617314,
                0.9999998211860657,
                -2.2815070224169176e-06,
                38.2243537902832
            ],
            [
                -0.0065714833326637745,
                -1.4531573242493323e-06,
                0.9999784231185913,
                -0.017797430977225304
            ],
            [
                0.0,
                0.0,
                0.0,
                1.0
            ]
        ]
    },
    {
        "class": "Car",
        "extent": [
            1.5542958974838257,
            4.974244117736816,
            2.0384013652801514
        ],
        "position": [
            10.251499761390013,
            25.99405806351067,
            -2.551597677506548
        ],
        "yaw": 1.1289953456884003,
        "num_points": 8,
        "distance": 28.058776749437964,
        "speed": 4.702867104242562,
        "brake": 0.0,
        "id": 1523,
        "ego_matrix": [
            [
                0.9999915957450867,
                0.0003892866661772132,
                -0.004086608067154884,
                499.7384338378906
            ],
            [
                -0.00038935086922720075,
                0.9999999403953552,
                -1.4920458852429874e-05,
                52.225765228271484
            ],
            [
                0.004086602013558149,
                1.6511457943124697e-05,
                0.9999916553497314,
                -0.02380453050136566
            ],
            [
                0.0,
                0.0,
                0.0,
                1.0
            ]
        ]
    },
    {
        "class": "Car",
        "extent": [
            1.6355280876159668,
            5.0267767906188965,
            2.1515462398529053
        ],
        "position": [
            8.05180374318595,
            38.83015879463168,
            -2.3997724221382963
        ],
        "yaw": 1.1291034699961482,
        "num_points": 3,
        "distance": 39.728726171539286,
        "speed": 4.737261966892281,
        "brake": 0.0,
        "id": 1556,
        "ego_matrix": [
            [
                0.9999746084213257,
                0.0002795647887978703,
                -0.00712085235863924,
                487.1929626464844
            ],
            [
                -0.0002812226884998381,
                0.9999999403953552,
                -0.0002318229671800509,
                48.73076248168945
            ],
            [
                0.007120787166059017,
                0.00023381963546853513,
                0.9999746680259705,
                0.12885217368602753
            ],
            [
                0.0,
                0.0,
                0.0,
                1.0
            ]
        ]
    },
    {
        "class": "Car",
        "extent": [
            1.488319993019104,
            4.791779518127441,
            2.163450002670288
        ],
        "position": [
            27.49237771633464,
            5.90279117580271,
            -2.51865746278625
        ],
        "yaw": 1.1288914824709058,
        "num_points": 1,
        "distance": 28.231496800162702,
        "speed": 4.833738439894774,
        "brake": 0.0,
        "id": 1557,
        "ego_matrix": [
            [
                0.9999998807907104,
                0.000493217317853123,
                -2.9087055736454204e-05,
                525.26953125
            ],
            [
                -0.000493217317853123,
                0.9999998807907104,
                2.8251378125787596e-08,
                45.22073745727539
            ],
            [
                2.9087066650390625e-05,
                -1.3905133933178604e-08,
                1.0,
                0.0013322257436811924
            ],
            [
                0.0,
                0.0,
                0.0,
                1.0
            ]
        ]
    },
    {
        "class": "Car",
        "extent": [
            1.0239027738571167,
            1.6428436040878296,
            0.3725162446498871
        ],
        "position": [
            1.8378031934977803,
            43.77403828344758,
            -2.549271428352241
        ],
        "yaw": 1.1295373720511168,
        "num_points": 0,
        "distance": 43.886703373962575,
        "speed": 3.6232547056578897,
        "brake": 0.0,
        "id": 1581,
        "ego_matrix": [
            [
                0.9999783635139465,
                -0.00015268051356542856,
                0.0065742251463234425,
                480.0682067871094
            ],
            [
                0.000152668944792822,
                1.0,
                2.2611354779655812e-06,
                52.23710632324219
            ],
            [
                -0.0065742251463234425,
                -1.2574065522130695e-06,
                0.9999783635139465,
                -0.01779756508767605
            ],
            [
                0.0,
                0.0,
                0.0,
                1.0
            ]
        ]
    },
    {
        "class": "Car",
        "extent": [
            1.0239027738571167,
            1.6428436040878296,
            0.3725162446498871
        ],
        "position": [
            33.27738331002612,
            -6.311122099484152,
            -2.5352562331246826
        ],
        "yaw": 1.1295011320755446,
        "num_points": 0,
        "distance": 33.965306215086585,
        "speed": 3.6232546177853857,
        "brake": 0.0,
        "id": 1594,
        "ego_matrix": [
            [
                0.9999783635139465,
                -0.00011644283222267404,
                0.00657684775069356,
                538.7841796875
            ],
            [
                0.00011642975005088374,
                1.0,
                2.37230233324226e-06,
                45.20821762084961
            ],
            [
                -0.00657684775069356,
                -1.6065101817730465e-06,
                0.9999783635139465,
                -0.017797470092773438
            ],
            [
                0.0,
                0.0,
                0.0,
                1.0
            ]
        ]
    },
    {
        "class": "Car",
        "extent": [
            1.300939917564392,
            4.717525005340576,
            1.894826889038086
        ],
        "position": [
            13.671298526686817,
            26.95341245914557,
            -2.5320574975789945
        ],
        "yaw": 1.1290475436132565,
        "num_points": 2,
        "distance": 30.328240334210932,
        "speed": 4.94430463519273,
        "brake": 0.0,
        "id": 1614,
        "ego_matrix": [
            [
                0.9999999403953552,
                0.0003371562052052468,
                -3.1113537261262536e-05,
                500.33203125
            ],
            [
                -0.0003371562052052468,
                0.9999999403953552,
                2.4779797058727127e-07,
                48.72389602661133
            ],
            [
                3.11136209347751e-05,
                -2.3730783027531288e-07,
                1.0,
                -0.005891208536922932
            ],
            [
                0.0,
                0.0,
                0.0,
                1.0
            ]
        ]
    },
    {
        "class": "Car",
        "extent": [
            1.6171096563339233,
            3.987684965133667,
            1.8508483171463013
        ],
        "position": [
            19.943255852110976,
            30.070603659578364,
            -2.484907263225189
        ],
        "yaw": 1.1290075962294146,
        "num_points": 10,
        "distance": 36.16834835240663,
        "speed": 4.978691893142911,
        "brake": 0.0,
        "id": 1617,
        "ego_matrix": [
            [
                0.9999999403953552,
                0.00037710359902121127,
                -4.9471724196337163e-05,
                500.193115234375
            ],
            [
                -0.0003771035699173808,
                0.9999999403953552,
                3.568825093225314e-07,
                41.72137451171875
            ],
            [
                4.947185516357422e-05,
                -3.3822652767412364e-07,
                1.0,
                0.038253650069236755
            ],
            [
                0.0,
                0.0,
                0.0,
                1.0
            ]
        ]
    },
    {
        "class": "Car",
        "extent": [
            1.2765706777572632,
            2.3557403087615967,
            0.7636788487434387
        ],
        "position": [
            23.986912040391008,
            5.128593310457825,
            -2.5517671581924697
        ],
        "yaw": 1.1288850908517802,
        "num_points": 8,
        "distance": 24.66142603758261,
        "speed": 4.717517863032194,
        "brake": 0.0,
        "id": 1625,
        "ego_matrix": [
            [
                0.9999949336051941,
                0.0004996307543478906,
                0.0031531958375126123,
                524.471923828125
            ],
            [
                -0.0004996064817532897,
                0.9999998807907104,
                -8.499583600496408e-06,
                48.72096633911133
            ],
            [
                -0.0031531997956335545,
                6.924183253431693e-06,
                0.9999950528144836,
                -0.03011319972574711
            ],
            [
                0.0,
                0.0,
                0.0,
                1.0
            ]
        ]
    },
    {
        "class": "Car",
        "extent": [
            1.6672759056091309,
            4.611005783081055,
            2.241713285446167
        ],
        "position": [
            43.66861713090935,
            -11.900123908229185,
            -2.4390870778218137
        ],
        "yaw": 1.1290576635928895,
        "num_points": 1,
        "distance": 45.326705339461355,
        "speed": 5.736047821336035,
        "brake": 0.0,
        "id": 1634,
        "ego_matrix": [
            [
                0.9999972581863403,
                0.0003270374145358801,
                -0.002304193563759327,
                548.2767944335938
            ],
            [
                -0.00032703534816391766,
                0.9999999403953552,
                1.2720824997813907e-06,
                38.200660705566406
            ],
            [
                0.0023041940294206142,
                -5.18526348969317e-07,
                0.9999973177909851,
                0.07356427609920502
            ],
            [
                0.0,
                0.0,
                0.0,
                1.0
            ]
        ]
    },
    {
        "class": "Car",
        "extent": [
            1.5248334407806396,
            4.513522624969482,
            2.006814479827881
        ],
        "position": [
            40.237551231132684,
            -12.833247184363675,
            -2.4777844830669977
        ],
        "yaw": 1.1290624573803796,
        "num_points": 6,
        "distance": 42.30711734823744,
        "speed": 5.258116278727479,
        "brake": 0.0,
        "id": 1648,
        "ego_matrix": [
            [
                0.9999998211860657,
                0.0003222428204026073,
                -0.000500559457577765,
                547.6546630859375
            ],
            [
                -0.00032224238384515047,
                0.9999999403953552,
                9.748679303811514e-07,
                41.70151901245117
            ],
            [
                0.0005005598068237305,
                -8.135663165376172e-07,
                0.9999998807907104,
                0.036498621106147766
            ],
            [
                0.0,
                0.0,
                0.0,
                1.0
            ]
        ]
    }
]