[
    {
        "class": "Car",
        "extent": [
            1.5107464790344238,
            4.901683330535889,
            2.128324270248413
        ],
        "position": [
            -1.3,
            0.0,
            -2.5
        ],
        "yaw": 0,
        "num_points": -1,
        "distance": -1,
        "speed": 4.066437186250243,
        "brake": 0.0,
        "id": 1374,
        "ego_matrix": [
            [
                0.429264098405838,
                0.9031789898872375,
                -0.000205137679586187,
                519.1543579101562
            ],
            [
                -0.9031789302825928,
                0.4292641580104828,
                0.0001846933737397194,
                71.98957061767578
            ],
            [
                0.00025486943195573986,
                0.00010599380038911477,
                0.9999999403953552,
                0.03329047933220863
            ],
            [
                0.0,
                0.0,
                0.0,
                1.0
            ]
        ]
    },
    {
        "class": "Car",
        "extent": [
            1.1256572008132935,
            1.8354405164718628,
            0.3289288878440857
        ],
        "position": [
            18.902099775337543,
            36.132667967001375,
            -2.5480903170556566
        ],
        "yaw": 1.1272161942482999,
        "num_points": 0,
        "distance": 40.857702267678434,
        "speed": 4.057697808268574,
        "brake": 0.0,
        "id": 1382,
        "ego_matrix": [
            [
                0.9999933242797852,
                -9.769923781277612e-05,
                -0.003658882575109601,
                495.192138671875
            ],
            [
                9.771071199793369e-05,
                1.0,
                2.957829337901785e-06,
                38.23299026489258
            ],
            [
                0.0036588823422789574,
                -3.3153216918435646e-06,
                0.9999933242797852,
                -0.013480777852237225
            ],
            [
                0.0,
                0.0,
                0.0,
                1.0
            ]
        ]
    },
    {
        "class": "Car",
        "extent": [
            2.098191261291504,
            6.273552894592285,
            2.3895740509033203
        ],
        "position": [
            11.12011403788035,
            36.211008399922584,
            -2.535552968423831
        ],
        "yaw": 1.126717943482219,
        "num_points": 7,
        "distance": 37.96476121893052,
        "speed": 4.788213442470277,
        "brake": 0.0,
        "id": 1426,
        "ego_matrix": [
            [
                0.9999999403953552,
                0.0004005393711850047,
                -5.793592208647169e-05,
                491.7808532714844
            ],
            [
                -0.00040053940028883517,
                0.9999999403953552,
                -5.094265702609846e-07,
                45.22789001464844
            ],
            [
                5.793571108370088e-05,
                5.326321570464643e-07,
                1.0,
                -0.002935123397037387
            ],
            [
                0.0,
                0.0,
                0.0,
                1.0
            ]
        ]
    },
    {
        "class": "Car",
        "extent": [
            1.6355280876159668,
            5.0267767906188965,
            2.1515462398529053
        ],
        "position": [
            30.053456348793734,
            -19.45381644516427,
            -2.4141772990592214
        ],
        "yaw": 1.1265299242767501,
        "num_points": 7,
        "distance": 35.881603431595515,
        "speed": 5.6032914262362725,
        "brake": 0.0,
        "id": 1432,
        "ego_matrix": [
            [
                0.9999690651893616,
                0.0005863237311132252,
                -0.007842624559998512,
                550.1835327148438
            ],
            [
                -0.0005885404534637928,
                0.9999997615814209,
                -0.0002803423849400133,
                52.02262878417969
            ],
            [
                0.007842459715902805,
                0.00028494943398982286,
                0.9999691843986511,
                0.12916620075702667
            ],
            [
                0.0,
                0.0,
                0.0,
                1.0
            ]
        ]
    },
    {
        "class": "Car",
        "extent": [
            1.0239027738571167,
            1.6428436040878296,
            0.3725162446498871
        ],
        "position": [
            28.643674469893256,
            15.658798651387453,
            -2.5570229968332123
        ],
        "yaw": 1.1265480338371814,
        "num_points": 2,
        "distance": 32.74441065202185,
        "speed": 3.730383048384311,
        "brake": 0.0,
        "id": 1441,
        "ego_matrix": [
            [
                0.9999827146530151,
                0.000570444855839014,
                0.005852546077221632,
                517.8654174804688
            ],
            [
                -0.0005704392096959054,
                0.9999998211860657,
                -2.6373800210421905e-06,
                38.22330093383789
            ],
            [
                -0.005852546542882919,
                -7.011872753537318e-07,
                0.9999828934669495,
                -0.01776052452623844
            ],
            [
                0.0,
                0.0,
                0.0,
                1.0
            ]
        ]
    },
    {
        "class": "Car",
        "extent": [
            1.5542958974838257,
            4.974244117736816,
            2.0384013652801514
        ],
        "position": [
            9.25384431702617,
            23.836942562714086,
            -2.5574145076440407
        ],
        "yaw": 1.1267392487709398,
        "num_points": 5,
        "distance": 25.697739868435825,
        "speed": 4.831991080111521,
        "brake": 0.0,
        "id": 1523,
        "ego_matrix": [
            [
                0.9999907612800598,
                0.0003794246295001358,
                -0.0042867353186011314,
                502.1557312011719
            ],
            [
                -0.0003792306233663112,
                0.9999999403953552,
                4.6068671508692205e-05,
                52.22520446777344
            ],
            [
                0.004286752548068762,
                -4.4442585931392387e-05,
                0.9999908208847046,
                -0.023960743099451065
            ],
            [
                0.0,
                0.0,
                0.0,
                1.0
            ]
        ]
    },
    {
        "class": "Car",
        "extent": [
            1.6355280876159668,
            5.0267767906188965,
            2.1515462398529053
        ],
        "position": [
            7.004609930901787,
            36.71135365238918,
            -2.4026637194025753
        ],
        "yaw": 1.1268372530665454,
        "num_points": 11,
        "distance": 37.45077890008977,
        "speed": 4.7398001004514505,
        "brake": 0.0,
        "id": 1556,
        "ego_matrix": [
            [
                0.9999746084213257,
                0.0002795647887978703,
                -0.00712085235863924,
                489.5622863769531
            ],
            [
                -0.0002812226884998381,
                0.9999999403953552,
                -0.0002318229671800509,
                48.73017120361328
            ],
            [
                0.007120787166059017,
                0.00023381963546853513,
                0.9999746680259705,
                0.12885217368602753
            ],
            [
                0.0,
                0.0,
                0.0,
                1.0
            ]
        ]
    },
    {
        "class": "Car",
        "extent": [
            1.488319993019104,
            4.791779518127441,
            2.163450002670288
        ],
        "position": [
            26.540834866597514,
            3.7849498466080616,
            -2.5386528128904975
        ],
        "yaw": 1.126625265541303,
        "num_points": 4,
        "distance": 26.92928738124597,
        "speed": 4.835974329694716,
        "brake": 0.0,
        "id": 1557,
        "ego_matrix": [
            [
                0.9999998807907104,
                0.000493217317853123,
                -2.9087055736454204e-05,
                527.6869506835938
            ],
            [
                -0.000493217317853123,
                0.9999998807907104,
                2.8251378125787596e-08,
                45.21956253051758
            ],
            [
                2.9087066650390625e-05,
                -1.3905133933178604e-08,
                1.0,
                0.0013322639279067516
            ],
            [
                0.0,
                0.0,
                0.0,
                1.0
            ]
        ]
    },
    {
        "class": "Car",
        "extent": [
            2.098191261291504,
            6.273552894592285,
            2.3895740509033203
        ],
        "position": [
            14.0817149521837,
            46.27728803149398,
            -2.5357777835808073
        ],
        "yaw": 1.1268809289084227,
        "num_points": 0,
        "distance": 48.438747429223554,
        "speed": 4.358989913168211,
        "brake": 0.0,
        "id": 1580,
        "ego_matrix": [
            [
                0.9999990463256836,
                0.0002375543990638107,
                -0.0013887876411899924,
                483.96051025390625
            ],
            [
                -0.0002375537296757102,
                1.0,
                6.394990350599983e-07,
                38.23194122314453
            ],
            [
                0.0013887877576053143,
                -3.095867100455507e-07,
                0.9999990463256836,
                -0.003472080221399665
            ],
            [
                0.0,
                0.0,
                0.0,
                1.0
            ]
        ]
    },
    {
        "class": "Car",
        "extent": [
            1.0239027738571167,
            1.6428436040878296,
            0.3725162446498871
        ],
        "position": [
            0.5540776460369541,
            42.11297457368046,
            -2.547059990842145
        ],
        "yaw": 1.1272782863920203,
        "num_points": 0,
        "distance": 42.19356756755991,
        "speed": 3.730384329487101,
        "brake": 0.0,
        "id": 1581,
        "ego_matrix": [
            [
                0.9999828338623047,
                -0.00015980728494469076,
                0.00585576519370079,
                481.9147033691406
            ],
            [
                0.00015980076568666846,
                1.0,
                1.5802206689841114e-06,
                52.23740768432617
            ],
            [
                -0.00585576519370079,
                -6.444376481340441e-07,
                0.9999828338623047,
                -0.01776067726314068
            ],
            [
                0.0,
                0.0,
                0.0,
                1.0
            ]
        ]
    },
    {
        "class": "Car",
        "extent": [
            2.0377910137176514,
            4.4804368019104,
            2.069315195083618
        ],
        "position": [
            5.609452321555133,
            47.77079938725382,
            -2.5273795321983576
        ],
        "yaw": 1.127162536721312,
        "num_points": 4,
        "distance": 48.16537009870084,
        "speed": 4.909337394251947,
        "brake": 0.0,
        "id": 1587,
        "ego_matrix": [
            [
                1.0,
                -4.405496292747557e-05,
                -0.00023400760255753994,
                478.9747619628906
            ],
            [
                4.405384243000299e-05,
                1.0,
                -4.803999217983801e-06,
                45.242801666259766
            ],
            [
                0.00023400782083626837,
                4.793690095539205e-06,
                1.0,
                0.002608547220006585
            ],
            [
                0.0,
                0.0,
                0.0,
                1.0
            ]
        ]
    },
    {
        "class": "Car",
        "extent": [
            1.0239027738571167,
            1.6428436040878296,
            0.3725162446498871
        ],
        "position": [
            32.10714164818087,
            -7.900847280697535,
            -2.560403095264667
        ],
        "yaw": 1.1272426576805128,
        "num_points": 2,
        "distance": 33.1639502559556,
        "speed": 3.730383542237953,
        "brake": 0.0,
        "id": 1594,
        "ego_matrix": [
            [
                0.9999828338623047,
                -0.000124180645798333,
                0.005857910495251417,
                540.6307373046875
            ],
            [
                0.00012417267134878784,
                1.0,
                1.7249674328922993e-06,
                45.20848083496094
            ],
            [
                -0.005857910495251417,
                -9.97545498648833e-07,
                0.9999828338623047,
                -0.017760714516043663
            ],
            [
                0.0,
                0.0,
                0.0,
                1.0
            ]
        ]
    },
    {
        "class": "Car",
        "extent": [
            1.300939917564392,
            4.717525005340576,
            1.894826889038086
        ],
        "position": [
            12.695264038143195,
            24.754191737846753,
            -2.5395248107181168
        ],
        "yaw": 1.1267898488316512,
        "num_points": 2,
        "distance": 27.935442073761873,
        "speed": 5.1123103191422645,
        "brake": 0.0,
        "id": 1614,
        "ego_matrix": [
            [
                0.9999999403953552,
                0.00032863407977856696,
                -7.70091064623557e-05,
                502.8045654296875
            ],
            [
                -0.0003286340506747365,
                0.9999999403953552,
                2.78041170531651e-07,
                48.72324752807617
            ],
            [
                7.700919377384707e-05,
                -2.5273334358644206e-07,
                1.0,
                -0.005291156470775604
            ],
            [
                0.0,
                0.0,
                0.0,
                1.0
            ]
        ]
    },
    {
        "class": "Car",
        "extent": [
            1.6171096563339233,
            3.987684965133667,
            1.8508483171463013
        ],
        "position": [
            18.989059795585327,
            27.825349434750155,
            -2.496711815148739
        ],
        "yaw": 1.126753629840826,
        "num_points": 5,
        "distance": 33.77969853290833,
        "speed": 5.034311124442304,
        "brake": 0.0,
        "id": 1617,
        "ego_matrix": [
            [
                0.9999999403953552,
                0.0003648530400823802,
                -5.006692845199723e-06,
                502.7324523925781
            ],
            [
                -0.0003648530400823802,
                0.9999999403953552,
                2.6550821985438233e-07,
                41.72049331665039
            ],
            [
                5.006789706385462e-06,
                -2.636814997458714e-07,
                1.0,
                0.03880041092634201
            ],
            [
                0.0,
                0.0,
                0.0,
                1.0
            ]
        ]
    },
    {
        "class": "Car",
        "extent": [
            1.2765706777572632,
            2.3557403087615967,
            0.7636788487434387
        ],
        "position": [
            23.01163960419612,
            3.056393155420414,
            -2.5692713235124263
        ],
        "yaw": 1.1266188739221774,
        "num_points": 8,
        "distance": 23.3554758360375,
        "speed": 4.715166231740795,
        "brake": 0.0,
        "id": 1625,
        "ego_matrix": [
            [
                0.9999950528144836,
                0.000499630463309586,
                0.00311314151622355,
                526.8300170898438
            ],
            [
                -0.0004996065399609506,
                0.9999998807907104,
                -8.479572898068e-06,
                48.71979522705078
            ],
            [
                -0.003113145474344492,
                6.924184617673745e-06,
                0.9999951720237732,
                -0.030108507722616196
            ],
            [
                0.0,
                0.0,
                0.0,
                1.0
            ]
        ]
    },
    {
        "class": "Car",
        "extent": [
            1.6672759056091309,
            4.611005783081055,
            2.241713285446167
        ],
        "position": [
            42.94694481858068,
            -14.380798511388136,
            -2.471657347764391
        ],
        "yaw": 1.1267994362115754,
        "num_points": 1,
        "distance": 45.35809216799264,
        "speed": 5.77231999630566,
        "brake": 0.0,
        "id": 1634,
        "ego_matrix": [
            [
                0.9999999403953552,
                0.00031904669594950974,
                -0.00011324872320983559,
                551.1364135742188
            ],
            [
                -0.0003190466668456793,
                0.9999999403953552,
                3.1073355444277695e-07,
                38.199825286865234
            ],
            [
                0.00011324881779728457,
                -2.746019163168967e-07,
                1.0,
                0.07443460077047348
            ],
            [
                0.0,
                0.0,
                0.0,
                1.0
            ]
        ]
    },
    {
        "class": "Car",
        "extent": [
            1.5248334407806396,
            4.513522624969482,
            2.006814479827881
        ],
        "position": [
            39.51762676353718,
            -15.321181145509511,
            -2.5093593650134665
        ],
        "yaw": 1.126810621488154,
        "num_points": 5,
        "distance": 42.45795922013359,
        "speed": 6.197861552327508,
        "brake": 0.0,
        "id": 1648,
        "ego_matrix": [
            [
                0.9999996423721313,
                0.0003078619483858347,
                -0.0007342096068896353,
                550.513671875
            ],
            [
                -0.00030786130810156465,
                0.9999999403953552,
                9.869160066955374e-07,
                41.70077896118164
            ],
            [
                0.0007342098979279399,
                -7.608809369230585e-07,
                0.9999997019767761,
                0.03595823049545288
            ],
            [
                0.0,
                0.0,
                0.0,
                1.0
            ]
        ]
    }
]