[
    {
        "class": "Car",
        "extent": [
            1.5107464790344238,
            4.901683330535889,
            2.128324270248413
        ],
        "position": [
            -1.3,
            0.0,
            -2.5
        ],
        "yaw": 0,
        "num_points": -1,
        "distance": -1,
        "speed": 3.883885478068828,
        "brake": 0.0,
        "id": 1374,
        "ego_matrix": [
            [
                0.43968918919563293,
                0.8981499075889587,
                -0.000326186214806512,
                519.9893188476562
            ],
            [
                -0.8981499671936035,
                0.43968918919563293,
                -3.5967823350802064e-06,
                70.28707885742188
            ],
            [
                0.00014019012451171875,
                0.000294545607175678,
                0.9999999403953552,
                0.03334762528538704
            ],
            [
                0.0,
                0.0,
                0.0,
                1.0
            ]
        ]
    },
    {
        "class": "Car",
        "extent": [
            1.1256572008132935,
            1.8354405164718628,
            0.3289288878440857
        ],
        "position": [
            17.48029000548023,
            34.538834562896746,
            -2.539280113529577
        ],
        "yaw": 1.1156434887187898,
        "num_points": 0,
        "distance": 38.793550689951154,
        "speed": 4.073583952594002,
        "brake": 0.0,
        "id": 1382,
        "ego_matrix": [
            [
                0.9999929666519165,
                -9.969049278879538e-05,
                -0.0037573487497866154,
                497.22576904296875
            ],
            [
                9.970244718715549e-05,
                1.0,
                2.9927416562713915e-06,
                38.23320770263672
            ],
            [
                0.0037573485169559717,
                -3.367337512827362e-06,
                0.9999929666519165,
                -0.013472937978804111
            ],
            [
                0.0,
                0.0,
                0.0,
                1.0
            ]
        ]
    },
    {
        "class": "Car",
        "extent": [
            2.098191261291504,
            6.273552894592285,
            2.3895740509033203
        ],
        "position": [
            9.85752503882753,
            34.20323450912392,
            -2.5277725116689087
        ],
        "yaw": 1.1151432461734894,
        "num_points": 7,
        "distance": 35.68503446331509,
        "speed": 4.790526084862583,
        "brake": 0.0,
        "id": 1426,
        "ego_matrix": [
            [
                0.9999999403953552,
                0.0004005393711850047,
                -5.793592208647169e-05,
                494.175537109375
            ],
            [
                -0.00040053940028883517,
                0.9999999403953552,
                -5.094265702609846e-07,
                45.22715377807617
            ],
            [
                5.793571108370088e-05,
                5.326321570464643e-07,
                1.0,
                -0.002935123397037387
            ],
            [
                0.0,
                0.0,
                0.0,
                1.0
            ]
        ]
    },
    {
        "class": "Car",
        "extent": [
            1.6355280876159668,
            5.0267767906188965,
            2.1515462398529053
        ],
        "position": [
            29.74271479093636,
            -21.884099045301557,
            -2.415126689252314
        ],
        "yaw": 1.1173903004041907,
        "num_points": 6,
        "distance": 37.00507682852032,
        "speed": 6.828668099719047,
        "brake": 0.0,
        "id": 1432,
        "ego_matrix": [
            [
                0.999964714050293,
                -0.0018486998742446303,
                -0.008191821165382862,
                553.2936401367188
            ],
            [
                0.0018464518943801522,
                0.9999982118606567,
                -0.000281975488178432,
                52.02826690673828
            ],
            [
                0.008192328736186028,
                0.00026683975011110306,
                0.9999663829803467,
                0.12901867926120758
            ],
            [
                0.0,
                0.0,
                0.0,
                1.0
            ]
        ]
    },
    {
        "class": "Car",
        "extent": [
            1.0239027738571167,
            1.6428436040878296,
            0.3725162446498871
        ],
        "position": [
            27.369788113739443,
            14.362519907977571,
            -2.5508274137507785
        ],
        "yaw": 1.114974401727869,
        "num_points": 1,
        "distance": 31.014416002768574,
        "speed": 3.5862990274092756,
        "brake": 0.0,
        "id": 1441,
        "ego_matrix": [
            [
                0.9999897480010986,
                0.0005693788989447057,
                0.004482611082494259,
                519.6954345703125
            ],
            [
                -0.000569378025829792,
                0.9999998211860657,
                -1.4666795777884545e-06,
                38.22226333618164
            ],
            [
                -0.004482611548155546,
                -1.0856360859179404e-06,
                0.999989926815033,
                -0.017690982669591904
            ],
            [
                0.0,
                0.0,
                0.0,
                1.0
            ]
        ]
    },
    {
        "class": "Car",
        "extent": [
            1.5542958974838257,
            4.974244117736816,
            2.0384013652801514
        ],
        "position": [
            8.264666567790703,
            21.54278848652644,
            -2.5500060096017525
        ],
        "yaw": 1.1151709430813355,
        "num_points": 6,
        "distance": 23.214197808689807,
        "speed": 6.057886366683691,
        "brake": 0.0,
        "id": 1523,
        "ego_matrix": [
            [
                0.9999991059303284,
                0.0003727441653609276,
                -0.0013089454732835293,
                504.8461608886719
            ],
            [
                -0.0003728421579580754,
                0.9999999403953552,
                -7.461311179213226e-05,
                52.22444152832031
            ],
            [
                0.0013089175336062908,
                7.510107388952747e-05,
                0.9999991655349731,
                -0.021662844344973564
            ],
            [
                0.0,
                0.0,
                0.0,
                1.0
            ]
        ]
    },
    {
        "class": "Car",
        "extent": [
            1.6355280876159668,
            5.0267767906188965,
            2.1515462398529053
        ],
        "position": [
            5.725769280863788,
            34.67744673778719,
            -2.395266255246005
        ],
        "yaw": 1.1152625557578157,
        "num_points": 9,
        "distance": 35.228497648115386,
        "speed": 4.742241907081609,
        "brake": 0.0,
        "id": 1556,
        "ego_matrix": [
            [
                0.9999746084213257,
                0.0002795647887978703,
                -0.00712085235863924,
                491.9328918457031
            ],
            [
                -0.0002812226884998381,
                0.9999999403953552,
                -0.0002318229671800509,
                48.729583740234375
            ],
            [
                0.007120787166059017,
                0.00023381963546853513,
                0.9999746680259705,
                0.1288522183895111
            ],
            [
                0.0,
                0.0,
                0.0,
                1.0
            ]
        ]
    },
    {
        "class": "Car",
        "extent": [
            1.488319993019104,
            4.791779518127441,
            2.163450002670288
        ],
        "position": [
            25.663451733995213,
            1.9365115468352658,
            -2.535224981299786
        ],
        "yaw": 1.1150505682325733,
        "num_points": 0,
        "distance": 25.86097827963851,
        "speed": 4.838193530200952,
        "brake": 0.0,
        "id": 1557,
        "ego_matrix": [
            [
                0.9999998807907104,
                0.000493217317853123,
                -2.9087055736454204e-05,
                530.1055908203125
            ],
            [
                -0.000493217317853123,
                0.9999998807907104,
                2.8251378125787596e-08,
                45.21839141845703
            ],
            [
                2.9087066650390625e-05,
                -1.3905133933178604e-08,
                1.0,
                0.0013322639279067516
            ],
            [
                0.0,
                0.0,
                0.0,
                1.0
            ]
        ]
    },
    {
        "class": "Car",
        "extent": [
            2.098191261291504,
            6.273552894592285,
            2.3895740509033203
        ],
        "position": [
            12.631992706202748,
            44.44645038221093,
            -2.5248689488822307
        ],
        "yaw": 1.1153136884507453,
        "num_points": 0,
        "distance": 46.27557838122531,
        "speed": 4.250211875161793,
        "brake": 0.0,
        "id": 1580,
        "ego_matrix": [
            [
                0.9999997615814209,
                0.00023009683354757726,
                0.0006498098373413086,
                486.19549560546875
            ],
            [
                -0.0002300970518263057,
                1.0,
                2.7086613840765494e-07,
                38.2314338684082
            ],
            [
                -0.0006498097209259868,
                -4.203853620765585e-07,
                0.9999997615814209,
                -0.002659702207893133
            ],
            [
                0.0,
                0.0,
                0.0,
                1.0
            ]
        ]
    },
    {
        "class": "Car",
        "extent": [
            1.0239027738571167,
            1.6428436040878296,
            0.3725162446498871
        ],
        "position": [
            -1.025314050329871,
            40.489215536600845,
            -2.5391513309720395
        ],
        "yaw": 1.115707723907459,
        "num_points": 0,
        "distance": 40.58170934242051,
        "speed": 3.5862996332498946,
        "brake": 0.0,
        "id": 1581,
        "ego_matrix": [
            [
                0.999989926815033,
                -0.00016394008707720786,
                0.0044857109896838665,
                483.7447204589844
            ],
            [
                0.00016393669648095965,
                1.0,
                1.1255450544922496e-06,
                52.23769760131836
            ],
            [
                -0.0044857109896838665,
                -3.9016109099065943e-07,
                0.999989926815033,
                -0.01769111678004265
            ],
            [
                0.0,
                0.0,
                0.0,
                1.0
            ]
        ]
    },
    {
        "class": "Car",
        "extent": [
            1.3787471055984497,
            2.2072951793670654,
            1.4809197187423706
        ],
        "position": [
            7.387881378299679,
            47.17922576999328,
            -2.5181255257847126
        ],
        "yaw": 1.1154809349712658,
        "num_points": 0,
        "distance": 47.820509111462144,
        "speed": 5.034029538700664,
        "brake": 0.0,
        "id": 1583,
        "ego_matrix": [
            [
                0.9999850392341614,
                6.28418565611355e-05,
                -0.0054704868234694,
                481.4352722167969
            ],
            [
                -6.28496563876979e-05,
                1.0,
                -1.254073140444234e-06,
                41.73986053466797
            ],
            [
                0.0054704868234694,
                1.5978725969034713e-06,
                0.9999850392341614,
                0.0025436209980398417
            ],
            [
                0.0,
                0.0,
                0.0,
                1.0
            ]
        ]
    },
    {
        "class": "Car",
        "extent": [
            2.0377910137176514,
            4.4804368019104,
            2.069315195083618
        ],
        "position": [
            4.239223118662209,
            45.64378071558027,
            -2.51807140924382
        ],
        "yaw": 1.1155878394125824,
        "num_points": 3,
        "distance": 45.909328183756166,
        "speed": 4.911404960121734,
        "brake": 0.0,
        "id": 1587,
        "ego_matrix": [
            [
                1.0,
                -4.405496292747557e-05,
                -0.00023400760255753994,
                481.4299011230469
            ],
            [
                4.405384243000299e-05,
                1.0,
                -4.803999217983801e-06,
                45.24294662475586
            ],
            [
                0.00023400782083626837,
                4.793690095539205e-06,
                1.0,
                0.0026085854042321444
            ],
            [
                0.0,
                0.0,
                0.0,
                1.0
            ]
        ]
    },
    {
        "class": "Car",
        "extent": [
            1.0239027738571167,
            1.6428436040878296,
            0.3725162446498871
        ],
        "position": [
            31.10451829658098,
            -9.156043446597605,
            -2.5582783134661784
        ],
        "yaw": 1.1156726843780809,
        "num_points": 1,
        "distance": 32.52489781671074,
        "speed": 3.586299578183337,
        "brake": 0.0,
        "id": 1594,
        "ego_matrix": [
            [
                0.999989926815033,
                -0.00012890131620224565,
                0.004487976431846619,
                542.4607543945312
            ],
            [
                0.00012889751815237105,
                1.0,
                1.1363174508005613e-06,
                45.20877456665039
            ],
            [
                -0.004487976431846619,
                -5.578169748332584e-07,
                0.999989926815033,
                -0.01769101992249489
            ],
            [
                0.0,
                0.0,
                0.0,
                1.0
            ]
        ]
    },
    {
        "class": "Car",
        "extent": [
            1.300939917564392,
            4.717525005340576,
            1.894826889038086
        ],
        "position": [
            11.756577838979839,
            22.374452858832996,
            -2.5340701201030305
        ],
        "yaw": 1.115224206270628,
        "num_points": 5,
        "distance": 25.40186557301906,
        "speed": 6.128434172049289,
        "brake": 0.0,
        "id": 1614,
        "ego_matrix": [
            [
                0.9999999403953552,
                0.0003195793542545289,
                -0.00021207320969551802,
                505.6345520019531
            ],
            [
                -0.00031957929604686797,
                0.9999999403953552,
                3.3263447107856337e-07,
                48.72250747680664
            ],
            [
                0.00021207331155892462,
                -2.64860261722788e-07,
                1.0,
                -0.005482387263327837
            ],
            [
                0.0,
                0.0,
                0.0,
                1.0
            ]
        ]
    },
    {
        "class": "Car",
        "extent": [
            1.6171096563339233,
            3.987684965133667,
            1.8508483171463013
        ],
        "position": [
            17.96356240568562,
            25.62257527831461,
            -2.4900405709996427
        ],
        "yaw": 1.115139517715454,
        "num_points": 12,
        "distance": 31.391180930973032,
        "speed": 5.947151450182655,
        "brake": 0.0,
        "id": 1617,
        "ego_matrix": [
            [
                0.9999997615814209,
                0.00040427010389976203,
                -0.0006149990949779749,
                505.4463806152344
            ],
            [
                -0.00040426780469715595,
                0.9999999403953552,
                3.902415301126894e-06,
                41.719539642333984
            ],
            [
                0.0006150006083771586,
                -3.653789690361009e-06,
                0.9999998211860657,
                0.03846059739589691
            ],
            [
                0.0,
                0.0,
                0.0,
                1.0
            ]
        ]
    },
    {
        "class": "Car",
        "extent": [
            1.2765706777572632,
            2.3557403087615967,
            0.7636788487434387
        ],
        "position": [
            22.11625695446069,
            1.2216526442977096,
            -2.566379413181023
        ],
        "yaw": 1.1150441766134478,
        "num_points": 11,
        "distance": 22.298151496288877,
        "speed": 4.717138902923948,
        "brake": 0.0,
        "id": 1625,
        "ego_matrix": [
            [
                0.9999950528144836,
                0.000499630463309586,
                0.00311314151622355,
                529.18798828125
            ],
            [
                -0.0004996065399609506,
                0.9999998807907104,
                -8.479572898068e-06,
                48.71862030029297
            ],
            [
                -0.003113145474344492,
                6.924184617673745e-06,
                0.9999951720237732,
                -0.030108889564871788
            ],
            [
                0.0,
                0.0,
                0.0,
                1.0
            ]
        ]
    },
    {
        "class": "Car",
        "extent": [
            1.6672759056091309,
            4.611005783081055,
            2.241713285446167
        ],
        "position": [
            42.581290290230896,
            -16.656835209060517,
            -2.471082429071959
        ],
        "yaw": 1.115229532592808,
        "num_points": 2,
        "distance": 45.78998460726951,
        "speed": 6.7628237796138455,
        "brake": 0.0,
        "id": 1634,
        "ego_matrix": [
            [
                0.9999966025352478,
                0.0003142544301226735,
                -0.0025789705105125904,
                554.2437744140625
            ],
            [
                -0.00031425192719325423,
                0.9999999403953552,
                1.3748692708759336e-06,
                38.19892883300781
            ],
            [
                0.0025789709761738777,
                -5.644181442221452e-07,
                0.9999966621398926,
                0.07332311570644379
            ],
            [
                0.0,
                0.0,
                0.0,
                1.0
            ]
        ]
    },
    {
        "class": "Car",
        "extent": [
            1.5248334407806396,
            4.513522624969482,
            2.006814479827881
        ],
        "position": [
            39.25718130466707,
            -17.829237756897175,
            -2.5083100759401704
        ],
        "yaw": 1.1152497726170927,
        "num_points": 6,
        "distance": 43.18911462876419,
        "speed": 7.083928982300046,
        "brake": 0.0,
        "id": 1648,
        "ego_matrix": [
            [
                0.9999997019767761,
                0.0002940134727396071,
                -0.0006926056230440736,
                553.835205078125
            ],
            [
                -0.00029401289066299796,
                0.9999999403953552,
                9.744443332238006e-07,
                41.69997024536133
            ],
            [
                0.0006926059140823781,
                -7.708091516178683e-07,
                0.9999997615814209,
                0.035974789410829544
            ],
            [
                0.0,
                0.0,
                0.0,
                1.0
            ]
        ]
    }
]