[
    {
        "class": "Car",
        "extent": [
            1.5107464790344238,
            4.901683330535889,
            2.128324270248413
        ],
        "position": [
            -1.3,
            0.0,
            -2.5
        ],
        "yaw": 0,
        "num_points": -1,
        "distance": -1,
        "speed": 3.732773616736224,
        "brake": 0.0,
        "id": 1374,
        "ego_matrix": [
            [
                0.46701300144195557,
                0.8842504620552063,
                -0.00024129597295541316,
                520.9285278320312
            ],
            [
                -0.8842504024505615,
                0.46701279282569885,
                -0.0006026584887877107,
                68.51885986328125
            ],
            [
                -0.00042021271656267345,
                0.0004948153509758413,
                0.9999998211860657,
                0.03362670913338661
            ],
            [
                0.0,
                0.0,
                0.0,
                1.0
            ]
        ]
    },
    {
        "class": "Car",
        "extent": [
            1.1256572008132935,
            1.8354405164718628,
            0.3289288878440857
        ],
        "position": [
            15.362411391046386,
            33.30038013143448,
            -2.523617038415701
        ],
        "yaw": 1.0849863175703978,
        "num_points": 2,
        "distance": 36.759864575408464,
        "speed": 4.079098848444705,
        "brake": 0.0,
        "id": 1382,
        "ego_matrix": [
            [
                0.9999927878379822,
                -9.969971142709255e-05,
                -0.0037989525590091944,
                499.26422119140625
            ],
            [
                9.970990504371002e-05,
                1.0,
                2.494876753189601e-06,
                38.233428955078125
            ],
            [
                0.0037989523261785507,
                -2.8736519652738934e-06,
                0.9999927878379822,
                -0.013469619676470757
            ],
            [
                0.0,
                0.0,
                0.0,
                1.0
            ]
        ]
    },
    {
        "class": "Car",
        "extent": [
            2.098191261291504,
            6.273552894592285,
            2.3895740509033203
        ],
        "position": [
            7.921259059375513,
            32.41570353102985,
            -2.5166470822972684
        ],
        "yaw": 1.0844860675479604,
        "num_points": 17,
        "distance": 33.46427487686226,
        "speed": 4.792835392182987,
        "brake": 0.0,
        "id": 1426,
        "ego_matrix": [
            [
                0.9999999403953552,
                0.0004005393711850047,
                -5.793592208647169e-05,
                496.5713806152344
            ],
            [
                -0.00040053940028883517,
                0.9999999403953552,
                -5.094265702609846e-07,
                45.22642135620117
            ],
            [
                5.793571108370088e-05,
                5.326321570464643e-07,
                1.0,
                -0.0029350470285862684
            ],
            [
                0.0,
                0.0,
                0.0,
                1.0
            ]
        ]
    },
    {
        "class": "Car",
        "extent": [
            1.6355280876159668,
            5.0267767906188965,
            2.1515462398529053
        ],
        "position": [
            30.127697449007755,
            -24.2171302532277,
            -2.4033560420043294
        ],
        "yaw": 1.0877205510406094,
        "num_points": 2,
        "distance": 38.72884805342632,
        "speed": 7.987937381639853,
        "brake": 0.0,
        "id": 1432,
        "ego_matrix": [
            [
                0.9999632835388184,
                -0.002835935913026333,
                -0.008092178963124752,
                557.0196533203125
            ],
            [
                0.0028338476549834013,
                0.9999959468841553,
                -0.000269542564637959,
                52.03855895996094
            ],
            [
                0.0080929109826684,
                0.0002466006553731859,
                0.9999672174453735,
                0.12904733419418335
            ],
            [
                0.0,
                0.0,
                0.0,
                1.0
            ]
        ]
    },
    {
        "class": "Car",
        "extent": [
            1.0239027738571167,
            1.6428436040878296,
            0.3725162446498871
        ],
        "position": [
            25.766587287111427,
            13.627086548911054,
            -2.533318463028724
        ],
        "yaw": 1.0843188209989942,
        "num_points": 0,
        "distance": 29.258028140511573,
        "speed": 3.7850401455671423,
        "brake": 0.0,
        "id": 1441,
        "ego_matrix": [
            [
                0.9999768733978271,
                0.0005677765002474189,
                0.00677723390981555,
                521.5192260742188
            ],
            [
                -0.0005677728331647813,
                0.9999998211860657,
                -2.462549673509784e-06,
                38.22121810913086
            ],
            [
                -0.006777234375476837,
                -1.385436803502671e-06,
                0.9999770522117615,
                -0.01780836097896099
            ],
            [
                0.0,
                0.0,
                0.0,
                1.0
            ]
        ]
    },
    {
        "class": "Car",
        "extent": [
            1.5542958974838257,
            4.974244117736816,
            2.0384013652801514
        ],
        "position": [
            7.155400787829362,
            18.883306643538607,
            -2.5429873258055
        ],
        "yaw": 1.084512166494134,
        "num_points": 13,
        "distance": 20.353029621350863,
        "speed": 7.218368336462687,
        "brake": 0.0,
        "id": 1523,
        "ego_matrix": [
            [
                0.9999982118606567,
                0.00037448309012688696,
                -0.0018751523457467556,
                508.17974853515625
            ],
            [
                -0.0003744398127309978,
                0.9999999403953552,
                2.3434371541952714e-05,
                52.22344970703125
            ],
            [
                0.0018751609604805708,
                -2.273219797643833e-05,
                0.9999982714653015,
                -0.022257423028349876
            ],
            [
                0.0,
                0.0,
                0.0,
                1.0
            ]
        ]
    },
    {
        "class": "Car",
        "extent": [
            1.6355280876159668,
            5.0267767906188965,
            2.1515462398529053
        ],
        "position": [
            3.7654786155305437,
            32.78421724087287,
            -2.3864237209312096
        ],
        "yaw": 1.0846053771322868,
        "num_points": 5,
        "distance": 33.08592975082591,
        "speed": 4.744661304916122,
        "brake": 0.0,
        "id": 1556,
        "ego_matrix": [
            [
                0.9999746084213257,
                0.0002795647887978703,
                -0.00712085235863924,
                494.3046875
            ],
            [
                -0.0002812226884998381,
                0.9999999403953552,
                -0.0002318229671800509,
                48.7289924621582
            ],
            [
                0.007120787166059017,
                0.00023381963546853513,
                0.9999746680259705,
                0.1288522481918335
            ],
            [
                0.0,
                0.0,
                0.0,
                1.0
            ]
        ]
    },
    {
        "class": "Car",
        "extent": [
            1.488319993019104,
            4.791779518127441,
            2.163450002670288
        ],
        "position": [
            24.720326418301674,
            0.6277564043225571,
            -2.52104975538494
        ],
        "yaw": 1.0843933896070443,
        "num_points": 0,
        "distance": 24.856474170720155,
        "speed": 4.840399856196123,
        "brake": 0.0,
        "id": 1557,
        "ego_matrix": [
            [
                0.9999998807907104,
                0.000493217317853123,
                -2.9087055736454204e-05,
                532.5252685546875
            ],
            [
                -0.000493217317853123,
                0.9999998807907104,
                2.8251378125787596e-08,
                45.217220306396484
            ],
            [
                2.9087066650390625e-05,
                -1.3905133933178604e-08,
                1.0,
                0.0013322639279067516
            ],
            [
                0.0,
                0.0,
                0.0,
                1.0
            ]
        ]
    },
    {
        "class": "Car",
        "extent": [
            2.098191261291504,
            6.273552894592285,
            2.3895740509033203
        ],
        "position": [
            10.164615146141939,
            43.147125521926185,
            -2.5101427805033327
        ],
        "yaw": 1.0846623688121237,
        "num_points": 0,
        "distance": 44.39926416791775,
        "speed": 3.655043284291906,
        "brake": 0.0,
        "id": 1580,
        "ego_matrix": [
            [
                0.9999998211860657,
                0.00022423786867875606,
                0.0005900859832763672,
                488.1297912597656
            ],
            [
                -0.00022423808695748448,
                1.0,
                2.994382839460741e-07,
                38.23101806640625
            ],
            [
                -0.0005900858668610454,
                -4.317579396229121e-07,
                0.9999998211860657,
                -0.00268350588157773
            ],
            [
                0.0,
                0.0,
                0.0,
                1.0
            ]
        ]
    },
    {
        "class": "Car",
        "extent": [
            1.0239027738571167,
            1.6428436040878296,
            0.3725162446498871
        ],
        "position": [
            -3.4171867261109226,
            38.87048271826413,
            -2.5330911693317666
        ],
        "yaw": 1.085053038159356,
        "num_points": 0,
        "distance": 39.10253371258857,
        "speed": 3.785045690159548,
        "brake": 0.0,
        "id": 1581,
        "ego_matrix": [
            [
                0.9999769926071167,
                -0.00016643213166389614,
                0.006780452560633421,
                485.56854248046875
            ],
            [
                0.0001664273877395317,
                1.0,
                1.2635533721550019e-06,
                52.23799133300781
            ],
            [
                -0.006780452560633421,
                -1.3507126084277843e-07,
                0.9999769926071167,
                -0.017808495089411736
            ],
            [
                0.0,
                0.0,
                0.0,
                1.0
            ]
        ]
    },
    {
        "class": "Car",
        "extent": [
            1.3787471055984497,
            2.2072951793670654,
            1.4809197187423706
        ],
        "position": [
            5.131526625955526,
            45.16379403511077,
            -2.5056679421542802
        ],
        "yaw": 1.0848269521431086,
        "num_points": 0,
        "distance": 45.523392107741024,
        "speed": 5.3198403234829765,
        "brake": 0.0,
        "id": 1583,
        "ego_matrix": [
            [
                0.9999757409095764,
                5.964367665001191e-05,
                -0.006962242536246777,
                483.99603271484375
            ],
            [
                -5.9653353673638776e-05,
                1.0,
                -1.182565597446228e-06,
                41.739715576171875
            ],
            [
                0.006962242536246777,
                1.597858044988243e-06,
                0.9999757409095764,
                0.002908420516178012
            ],
            [
                0.0,
                0.0,
                0.0,
                1.0
            ]
        ]
    },
    {
        "class": "Car",
        "extent": [
            2.0377910137176514,
            4.4804368019104,
            2.069315195083618
        ],
        "position": [
            1.9823541538974807,
            43.624817645803454,
            -2.5080526474185305
        ],
        "yaw": 1.0849306607870535,
        "num_points": 9,
        "distance": 43.741796610373726,
        "speed": 4.913459651282293,
        "brake": 0.0,
        "id": 1587,
        "ego_matrix": [
            [
                1.0,
                -4.405496292747557e-05,
                -0.00023400760255753994,
                483.88616943359375
            ],
            [
                4.405384243000299e-05,
                1.0,
                -4.803999217983801e-06,
                45.24309539794922
            ],
            [
                0.00023400782083626837,
                4.793690095539205e-06,
                1.0,
                0.002608547220006585
            ],
            [
                0.0,
                0.0,
                0.0,
                1.0
            ]
        ]
    },
    {
        "class": "Car",
        "extent": [
            1.0239027738571167,
            1.6428436040878296,
            0.3725162446498871
        ],
        "position": [
            30.21928165817747,
            -9.76657167557321,
            -2.5430231570666066
        ],
        "yaw": 1.085018501069192,
        "num_points": 1,
        "distance": 31.859972897159647,
        "speed": 3.785044184153225,
        "brake": 0.0,
        "id": 1594,
        "ego_matrix": [
            [
                0.9999769926071167,
                -0.00013189825403969735,
                0.006782955955713987,
                544.2845458984375
            ],
            [
                0.00013189107994548976,
                1.0,
                1.5045773125166306e-06,
                45.20906448364258
            ],
            [
                -0.006782955955713987,
                -6.099313054619415e-07,
                0.9999769926071167,
                -0.017808590084314346
            ],
            [
                0.0,
                0.0,
                0.0,
                1.0
            ]
        ]
    },
    {
        "class": "Car",
        "extent": [
            1.300939917564392,
            4.717525005340576,
            1.894826889038086
        ],
        "position": [
            10.631438619588142,
            19.799987641144295,
            -2.5243312869804133
        ],
        "yaw": 1.084571288702843,
        "num_points": 11,
        "distance": 22.615022576994374,
        "speed": 7.258676047466216,
        "brake": 0.0,
        "id": 1614,
        "ego_matrix": [
            [
                0.9999998807907104,
                0.00031531829154118896,
                -0.0002481935953255743,
                508.9925231933594
            ],
            [
                -0.0003153182042296976,
                0.9999999403953552,
                3.272477897553472e-07,
                48.721649169921875
            ],
            [
                0.0002481937117408961,
                -2.4898778860915627e-07,
                0.9999999403953552,
                -0.005515651777386665
            ],
            [
                0.0,
                0.0,
                0.0,
                1.0
            ]
        ]
    },
    {
        "class": "Car",
        "extent": [
            1.6171096563339233,
            3.987684965133667,
            1.8508483171463013
        ],
        "position": [
            16.66600029294134,
            23.370188969232522,
            -2.4760433304762035
        ],
        "yaw": 1.0844205537851446,
        "num_points": 9,
        "distance": 28.81062458185095,
        "speed": 6.892525641285146,
        "brake": 0.0,
        "id": 1617,
        "ego_matrix": [
            [
                0.9999997019767761,
                0.0004660552949644625,
                -0.0005934219807386398,
                508.6537780761719
            ],
            [
                -0.0004660530248656869,
                0.9999998807907104,
                3.934781489078887e-06,
                41.71822738647461
            ],
            [
                0.0005934237269684672,
                -3.658214154711459e-06,
                0.9999998211860657,
                0.03846990317106247
            ],
            [
                0.0,
                0.0,
                0.0,
                1.0
            ]
        ]
    },
    {
        "class": "Car",
        "extent": [
            1.2765706777572632,
            2.3557403087615967,
            0.7636788487434387
        ],
        "position": [
            21.168537851788304,
            -0.1421125434611803,
            -2.554364442940428
        ],
        "yaw": 1.0843869979879188,
        "num_points": 8,
        "distance": 21.322569462073787,
        "speed": 4.719732882292959,
        "brake": 0.0,
        "id": 1625,
        "ego_matrix": [
            [
                0.9999950528144836,
                0.000499630463309586,
                0.00311314151622355,
                531.5473022460938
            ],
            [
                -0.0004996065399609506,
                0.9999998807907104,
                -8.479572898068e-06,
                48.71744918823242
            ],
            [
                -0.003113145474344492,
                6.924184617673745e-06,
                0.9999951720237732,
                -0.030108965933322906
            ],
            [
                0.0,
                0.0,
                0.0,
                1.0
            ]
        ]
    },
    {
        "class": "Car",
        "extent": [
            1.6672759056091309,
            4.611005783081055,
            2.241713285446167
        ],
        "position": [
            42.758408876577946,
            -18.495698004354054,
            -2.450821813993402
        ],
        "yaw": 1.0845728865669877,
        "num_points": 2,
        "distance": 46.65167630309582,
        "speed": 7.69164300840864,
        "brake": 0.0,
        "id": 1634,
        "ego_matrix": [
            [
                0.9999972581863403,
                0.00031372177181765437,
                -0.0023131342604756355,
                557.8591918945312
            ],
            [
                -0.0003137195308227092,
                0.9999999403953552,
                1.326056462858105e-06,
                38.19789505004883
            ],
            [
                0.002313134726136923,
                -6.003775183671678e-07,
                0.9999973177909851,
                0.07344293594360352
            ],
            [
                0.0,
                0.0,
                0.0,
                1.0
            ]
        ]
    },
    {
        "class": "Car",
        "extent": [
            1.5248334407806396,
            4.513522624969482,
            2.006814479827881
        ],
        "position": [
            39.53200349702627,
            -19.883703755358773,
            -2.4903011228776295
        ],
        "yaw": 1.0846027140362153,
        "num_points": 5,
        "distance": 44.32090449440727,
        "speed": 7.871913070948146,
        "brake": 0.0,
        "id": 1648,
        "ego_matrix": [
            [
                0.9999997615814209,
                0.0002838934015017003,
                -0.000618338177446276,
                557.5797729492188
            ],
            [
                -0.0002838928485289216,
                0.9999999403953552,
                9.874279385257978e-07,
                41.6990852355957
            ],
            [
                0.0006183384684845805,
                -8.118859682326729e-07,
                0.9999998211860657,
                0.03600621968507767
            ],
            [
                0.0,
                0.0,
                0.0,
                1.0
            ]
        ]
    },
    {
        "class": "Car",
        "extent": [
            1.5107464790344238,
            4.901683330535889,
            2.128324270248413
        ],
        "position": [
            -8.181202200763948,
            47.89127324794831,
            -2.479054248328948
        ],
        "yaw": 1.0847518510328777,
        "num_points": 1,
        "distance": 48.64824593678165,
        "speed": 3.674194877714231,
        "brake": 0.0,
        "id": 1653,
        "ego_matrix": [
            [
                0.9999997615814209,
                0.00013475540617946535,
                0.000706791877746582,
                475.3670349121094
            ],
            [
                -0.0001347558863926679,
                1.0,
                6.277052762015956e-07,
                52.23771667480469
            ],
            [
                -0.0007067917613312602,
                -7.229494940474979e-07,
                0.9999997615814209,
                0.03376668691635132
            ],
            [
                0.0,
                0.0,
                0.0,
                1.0
            ]
        ]
    }
]