[
    {
        "class": "Car",
        "extent": [
            1.5107464790344238,
            4.901683330535889,
            2.128324270248413
        ],
        "position": [
            -1.3,
            0.0,
            -2.5
        ],
        "yaw": 0,
        "num_points": -1,
        "distance": -1,
        "speed": 4.154411339239226,
        "brake": 0.0,
        "id": 1374,
        "ego_matrix": [
            [
                0.5046507120132446,
                0.8633231520652771,
                -0.0009084403282031417,
                521.9102783203125
            ],
            [
                -0.8633233904838562,
                0.5046510100364685,
                0.0001018051989376545,
                66.86177062988281
            ],
            [
                0.0005463361158035696,
                0.0007329016807489097,
                0.9999995231628418,
                0.0331454835832119
            ],
            [
                0.0,
                0.0,
                0.0,
                1.0
            ]
        ]
    },
    {
        "class": "Car",
        "extent": [
            1.1256572008132935,
            1.8354405164718628,
            0.3289288878440857
        ],
        "position": [
            13.01661283578044,
            32.236633055675135,
            -2.5308125720300128
        ],
        "yaw": 1.0419180955801752,
        "num_points": 0,
        "distance": 34.85739136478225,
        "speed": 4.086818818770407,
        "brake": 0.0,
        "id": 1382,
        "ego_matrix": [
            [
                0.9999929070472717,
                -9.925305494107306e-05,
                -0.0037659318186342716,
                501.3045654296875
            ],
            [
                9.926355414791033e-05,
                1.0,
                2.601916321509634e-06,
                38.23365020751953
            ],
            [
                0.003765931585803628,
                -2.9757175070699304e-06,
                0.9999929070472717,
                -0.013471679762005806
            ],
            [
                0.0,
                0.0,
                0.0,
                1.0
            ]
        ]
    },
    {
        "class": "Car",
        "extent": [
            2.098191261291504,
            6.273552894592285,
            2.3895740509033203
        ],
        "position": [
            5.80141747476856,
            30.7247323599151,
            -2.5174462834029274
        ],
        "yaw": 1.04141935715848,
        "num_points": 17,
        "distance": 31.368824636807535,
        "speed": 4.805292268668182,
        "brake": 0.0,
        "id": 1426,
        "ego_matrix": [
            [
                0.9999999403953552,
                0.0003994741418864578,
                -6.85455379425548e-05,
                498.9686584472656
            ],
            [
                -0.00039947417099028826,
                0.9999999403953552,
                -5.052500569036056e-07,
                45.22568130493164
            ],
            [
                6.85453342157416e-05,
                5.326322138898831e-07,
                1.0,
                -0.002939243335276842
            ],
            [
                0.0,
                0.0,
                0.0,
                1.0
            ]
        ]
    },
    {
        "class": "Car",
        "extent": [
            1.6355280876159668,
            5.0267767906188965,
            2.1515462398529053
        ],
        "position": [
            31.311945955859766,
            -26.44193514789467,
            -2.4410924204750124
        ],
        "yaw": 1.0447869833937569,
        "num_points": 2,
        "distance": 41.05572829841715,
        "speed": 8.504805552916775,
        "brake": 0.0,
        "id": 1432,
        "ego_matrix": [
            [
                0.9999678730964661,
                -0.002969861263409257,
                -0.007446457166224718,
                561.19580078125
            ],
            [
                0.0029680654406547546,
                0.9999955892562866,
                -0.00025220043607987463,
                52.05106735229492
            ],
            [
                0.007447173353284597,
                0.00023009076539892703,
                0.9999722838401794,
                0.1292494684457779
            ],
            [
                0.0,
                0.0,
                0.0,
                1.0
            ]
        ]
    },
    {
        "class": "Car",
        "extent": [
            1.0239027738571167,
            1.6428436040878296,
            0.3725162446498871
        ],
        "position": [
            24.21757316464648,
            13.101610350912603,
            -2.5552696314879624
        ],
        "yaw": 1.041252643274241,
        "num_points": 2,
        "distance": 27.652711379930725,
        "speed": 3.9979623132180113,
        "brake": 0.0,
        "id": 1441,
        "ego_matrix": [
            [
                0.9999797344207764,
                0.0005661802715621889,
                0.006342606153339148,
                523.4768676757812
            ],
            [
                -0.0005661766626872122,
                0.9999998211860657,
                -2.366967692069011e-06,
                38.2201042175293
            ],
            [
                -0.006342606619000435,
                -1.2241157492098864e-06,
                0.9999799132347107,
                -0.017785148695111275
            ],
            [
                0.0,
                0.0,
                0.0,
                1.0
            ]
        ]
    },
    {
        "class": "Car",
        "extent": [
            1.5542958974838257,
            4.974244117736816,
            2.0384013652801514
        ],
        "position": [
            6.370820104793888,
            15.886430859576977,
            -2.548035301114701
        ],
        "yaw": 1.0414438583055272,
        "num_points": 24,
        "distance": 17.304869781639283,
        "speed": 8.272952779351861,
        "brake": 0.0,
        "id": 1523,
        "ego_matrix": [
            [
                0.9999977946281433,
                0.0003750126052182168,
                -0.0020723252091556787,
                512.0662841796875
            ],
            [
                -0.00037497220910154283,
                0.9999999403953552,
                1.9877112208632752e-05,
                52.22226333618164
            ],
            [
                0.0020723326597362757,
                -1.910000355564989e-05,
                0.9999978542327881,
                -0.022342147305607796
            ],
            [
                0.0,
                0.0,
                0.0,
                1.0
            ]
        ]
    },
    {
        "class": "Car",
        "extent": [
            1.6355280876159668,
            5.0267767906188965,
            2.1515462398529053
        ],
        "position": [
            1.6213556229135941,
            30.934841278935636,
            -2.3832170653874787
        ],
        "yaw": 1.0415376015108795,
        "num_points": 17,
        "distance": 31.068841667974166,
        "speed": 4.747068791686545,
        "brake": 0.0,
        "id": 1556,
        "ego_matrix": [
            [
                0.9999746084213257,
                0.0002795647887978703,
                -0.00712085235863924,
                496.67767333984375
            ],
            [
                -0.0002812226884998381,
                0.9999999403953552,
                -0.0002318229671800509,
                48.72840881347656
            ],
            [
                0.007120787166059017,
                0.00023381963546853513,
                0.9999746680259705,
                0.1288522183895111
            ],
            [
                0.0,
                0.0,
                0.0,
                1.0
            ]
        ]
    },
    {
        "class": "Car",
        "extent": [
            1.488319993019104,
            4.791779518127441,
            2.163450002670288
        ],
        "position": [
            23.965749135611542,
            -0.33052061066927974,
            -2.545859067552378
        ],
        "yaw": 1.041325613985637,
        "num_points": 5,
        "distance": 24.102858210116516,
        "speed": 4.842602844081844,
        "brake": 0.0,
        "id": 1557,
        "ego_matrix": [
            [
                0.9999998807907104,
                0.000493217317853123,
                -2.9087055736454204e-05,
                534.946044921875
            ],
            [
                -0.000493217317853123,
                0.9999998807907104,
                2.8251378125787596e-08,
                45.21604919433594
            ],
            [
                2.9087066650390625e-05,
                -1.3905133933178604e-08,
                1.0,
                0.0013322639279067516
            ],
            [
                0.0,
                0.0,
                0.0,
                1.0
            ]
        ]
    },
    {
        "class": "Car",
        "extent": [
            2.098191261291504,
            6.273552894592285,
            2.3895740509033203
        ],
        "position": [
            7.349373207311822,
            41.937791851204146,
            -2.5106239169511637
        ],
        "yaw": 1.0416020500092593,
        "num_points": 0,
        "distance": 42.65084881157285,
        "speed": 4.278300754554317,
        "brake": 0.0,
        "id": 1580,
        "ego_matrix": [
            [
                0.9999989867210388,
                0.00021678186021745205,
                -0.001432179706171155,
                490.0693359375
            ],
            [
                -0.00021678108896594495,
                1.0,
                6.937377179383475e-07,
                38.230613708496094
            ],
            [
                0.0014321798225864768,
                -3.8326751905515266e-07,
                0.9999989867210388,
                -0.0034892463590949774
            ],
            [
                0.0,
                0.0,
                0.0,
                1.0
            ]
        ]
    },
    {
        "class": "Car",
        "extent": [
            1.0239027738571167,
            1.6428436040878296,
            0.3725162446498871
        ],
        "position": [
            -6.0272037264850145,
            37.06440505320177,
            -2.5211835615193827
        ],
        "yaw": 1.0419875663738492,
        "num_points": 0,
        "distance": 37.635803077113145,
        "speed": 3.9979645107547603,
        "brake": 0.0,
        "id": 1581,
        "ego_matrix": [
            [
                0.9999798536300659,
                -0.0001687360490905121,
                0.006345229223370552,
                487.5261535644531
            ],
            [
                0.0001687316398601979,
                1.0,
                1.2287659956200514e-06,
                52.238285064697266
            ],
            [
                -0.006345229223370552,
                -1.581003488126953e-07,
                0.9999798536300659,
                -0.01778528094291687
            ],
            [
                0.0,
                0.0,
                0.0,
                1.0
            ]
        ]
    },
    {
        "class": "Car",
        "extent": [
            1.3787471055984497,
            2.2072951793670654,
            1.4809197187423706
        ],
        "position": [
            2.5296325013759784,
            43.22985188222058,
            -2.50066501577591
        ],
        "yaw": 1.041759176513574,
        "num_points": 0,
        "distance": 43.3759433312046,
        "speed": 5.133462134080512,
        "brake": 0.0,
        "id": 1583,
        "ego_matrix": [
            [
                0.9999805092811584,
                5.9644837165251374e-05,
                -0.006240326911211014,
                486.5215759277344
            ],
            [
                -5.965364471194334e-05,
                1.0,
                -1.2256311947567156e-06,
                41.73957061767578
            ],
            [
                0.006240326911211014,
                1.5978655483195325e-06,
                0.9999805092811584,
                0.00288949953392148
            ],
            [
                0.0,
                0.0,
                0.0,
                1.0
            ]
        ]
    },
    {
        "class": "Car",
        "extent": [
            2.0377910137176514,
            4.4804368019104,
            2.069315195083618
        ],
        "position": [
            -0.5850462776319518,
            41.615479974862986,
            -2.500427482406347
        ],
        "yaw": 1.0418628851656462,
        "num_points": 1,
        "distance": 41.69463502994079,
        "speed": 4.915508619637884,
        "brake": 0.0,
        "id": 1587,
        "ego_matrix": [
            [
                1.0,
                -4.405496292747557e-05,
                -0.00023400760255753994,
                486.3434753417969
            ],
            [
                4.405384243000299e-05,
                1.0,
                -4.803999217983801e-06,
                45.24324035644531
            ],
            [
                0.00023400782083626837,
                4.793690095539205e-06,
                1.0,
                0.002608547220006585
            ],
            [
                0.0,
                0.0,
                0.0,
                1.0
            ]
        ]
    },
    {
        "class": "Car",
        "extent": [
            1.0239027738571167,
            1.6428436040878296,
            0.3725162446498871
        ],
        "position": [
            29.67212156477008,
            -10.079351406842672,
            -2.5752391000754677
        ],
        "yaw": 1.041953361138524,
        "num_points": 3,
        "distance": 31.442963908634194,
        "speed": 3.99796514010735,
        "brake": 0.0,
        "id": 1594,
        "ego_matrix": [
            [
                0.9999798536300659,
                -0.00013453306746669114,
                0.006347851362079382,
                546.2421875
            ],
            [
                0.00013452711573336273,
                1.0,
                1.3656414239449077e-06,
                45.20935821533203
            ],
            [
                -0.006347851362079382,
                -5.116557986184489e-07,
                0.9999798536300659,
                -0.017785225063562393
            ],
            [
                0.0,
                0.0,
                0.0,
                1.0
            ]
        ]
    },
    {
        "class": "Car",
        "extent": [
            1.300939917564392,
            4.717525005340576,
            1.894826889038086
        ],
        "position": [
            9.807664946179028,
            16.94557619761772,
            -2.5322825283006885
        ],
        "yaw": 1.0415067088422345,
        "num_points": 14,
        "distance": 19.74222123189065,
        "speed": 8.151135526339043,
        "brake": 0.0,
        "id": 1614,
        "ego_matrix": [
            [
                0.9999999403953552,
                0.0003121225454378873,
                -0.0001964568073162809,
                512.8862915039062
            ],
            [
                -0.0003121224872302264,
                0.9999999403953552,
                3.1315357773564756e-07,
                48.72065734863281
            ],
            [
                0.00019645689462777227,
                -2.5183499019476585e-07,
                1.0,
                -0.005487957037985325
            ],
            [
                0.0,
                0.0,
                0.0,
                1.0
            ]
        ]
    },
    {
        "class": "Car",
        "extent": [
            1.6171096563339233,
            3.987684965133667,
            1.8508483171463013
        ],
        "position": [
            15.573409970171877,
            20.961195152600443,
            -2.488522666335575
        ],
        "yaw": 1.0412877970331393,
        "num_points": 14,
        "distance": 26.23157535081176,
        "speed": 7.802079439448675,
        "brake": 0.0,
        "id": 1617,
        "ego_matrix": [
            [
                0.9999997019767761,
                0.0005310364649631083,
                -0.000574467412661761,
                512.3291625976562
            ],
            [
                -0.0005310341948643327,
                0.9999998807907104,
                4.085498403583188e-06,
                41.71647262573242
            ],
            [
                0.000574469449929893,
                -3.7804350085934857e-06,
                0.9999998211860657,
                0.03847886994481087
            ],
            [
                0.0,
                0.0,
                0.0,
                1.0
            ]
        ]
    },
    {
        "class": "Car",
        "extent": [
            1.2765706777572632,
            2.3557403087615967,
            0.7636788487434387
        ],
        "position": [
            20.419939280600534,
            -1.2005299050488145,
            -2.5760007354534604
        ],
        "yaw": 1.0413192223665115,
        "num_points": 4,
        "distance": 20.61676434519699,
        "speed": 4.722194782713541,
        "brake": 0.0,
        "id": 1625,
        "ego_matrix": [
            [
                0.9999950528144836,
                0.000499630463309586,
                0.00311314151622355,
                533.9077758789062
            ],
            [
                -0.0004996065399609506,
                0.9999998807907104,
                -8.479572898068e-06,
                48.716278076171875
            ],
            [
                -0.003113145474344492,
                6.924184617673745e-06,
                0.9999951720237732,
                -0.030108965933322906
            ],
            [
                0.0,
                0.0,
                0.0,
                1.0
            ]
        ]
    },
    {
        "class": "Car",
        "extent": [
            1.6672759056091309,
            4.611005783081055,
            2.241713285446167
        ],
        "position": [
            43.63386206426235,
            -20.06817064920707,
            -2.4987387853877188
        ],
        "yaw": 1.0415051109455804,
        "num_points": 3,
        "distance": 48.09250552182086,
        "speed": 8.455007196019753,
        "brake": 0.0,
        "id": 1634,
        "ego_matrix": [
            [
                0.9999982714653015,
                0.000313721364364028,
                -0.0018237815238535404,
                561.9114990234375
            ],
            [
                -0.0003137198509648442,
                0.9999999403953552,
                1.1082029232056811e-06,
                38.19673538208008
            ],
            [
                0.001823781756684184,
                -5.360445243240974e-07,
                0.9999983310699463,
                0.07366368919610977
            ],
            [
                0.0,
                0.0,
                0.0,
                1.0
            ]
        ]
    },
    {
        "class": "Car",
        "extent": [
            1.5248334407806396,
            4.513522624969482,
            2.006814479827881
        ],
        "position": [
            40.48890645920217,
            -21.62639289218277,
            -2.535731930064845
        ],
        "yaw": 1.0415434604327682,
        "num_points": 3,
        "distance": 45.97262611826985,
        "speed": 8.419506505607663,
        "brake": 0.0,
        "id": 1648,
        "ego_matrix": [
            [
                0.9999998807907104,
                0.00027537124697119,
                -0.00040984124643728137,
                561.669677734375
            ],
            [
                -0.00027537086862139404,
                0.9999999403953552,
                9.489886565461347e-07,
                41.698204040527344
            ],
            [
                0.0004098415083717555,
                -8.361302548109961e-07,
                0.9999999403953552,
                0.03609437867999077
            ],
            [
                0.0,
                0.0,
                0.0,
                1.0
            ]
        ]
    },
    {
        "class": "Car",
        "extent": [
            1.5107464790344238,
            4.901683330535889,
            2.128324270248413
        ],
        "position": [
            -11.287002793029632,
            46.06400673646235,
            -2.460417214917692
        ],
        "yaw": 1.0416941953992307,
        "num_points": 0,
        "distance": 47.490449582396785,
        "speed": 3.3882441121256925,
        "brake": 0.0,
        "id": 1653,
        "ego_matrix": [
            [
                1.0,
                0.00012463575694710016,
                0.00019335755496285856,
                477.1021728515625
            ],
            [
                -0.00012463591701816767,
                1.0,
                8.203597872125101e-07,
                52.23754119873047
            ],
            [
                -0.00019335745309945196,
                -8.444590662293194e-07,
                1.0,
                0.03351160138845444
            ],
            [
                0.0,
                0.0,
                0.0,
                1.0
            ]
        ]
    }
]