[
    {
        "class": "Car",
        "extent": [
            1.5107464790344238,
            4.901683330535889,
            2.128324270248413
        ],
        "position": [
            -1.3,
            0.0,
            -2.5
        ],
        "yaw": 0,
        "num_points": -1,
        "distance": -1,
        "speed": 3.7405149672588274,
        "brake": 0.0,
        "id": 1374,
        "ego_matrix": [
            [
                0.552141547203064,
                0.833750307559967,
                -0.0004288702621124685,
                522.9931030273438
            ],
            [
                -0.833750307559967,
                0.5521413683891296,
                -0.0005842715036123991,
                65.25611877441406
            ],
            [
                -0.0002503395080566406,
                0.0006801712443120778,
                0.9999997019767761,
                0.03354213759303093
            ],
            [
                0.0,
                0.0,
                0.0,
                1.0
            ]
        ]
    },
    {
        "class": "Car",
        "extent": [
            1.1256572008132935,
            1.8354405164718628,
            0.3289288878440857
        ],
        "position": [
            10.406947100592344,
            31.26302825561439,
            -2.522881533631308
        ],
        "yaw": 0.9859564309161537,
        "num_points": 0,
        "distance": 33.04612556561826,
        "speed": 4.26111428162121,
        "brake": 0.0,
        "id": 1382,
        "ego_matrix": [
            [
                0.9999955296516418,
                -9.07427238416858e-05,
                -0.002980585442855954,
                503.3914489746094
            ],
            [
                9.074684930965304e-05,
                1.0,
                1.2507483688750654e-06,
                38.23385238647461
            ],
            [
                0.0029805852100253105,
                -1.521221520306426e-06,
                0.9999955296516418,
                -0.013534316793084145
            ],
            [
                0.0,
                0.0,
                0.0,
                1.0
            ]
        ]
    },
    {
        "class": "Car",
        "extent": [
            2.098191261291504,
            6.273552894592285,
            2.3895740509033203
        ],
        "position": [
            3.5871857751481624,
            28.899288103556202,
            -2.5155680457904457
        ],
        "yaw": 0.9854736664139315,
        "num_points": 18,
        "distance": 29.22951996305742,
        "speed": 5.7913582070180265,
        "brake": 0.0,
        "id": 1426,
        "ego_matrix": [
            [
                0.9999983310699463,
                0.0003920162853319198,
                -0.0017777672037482262,
                501.59674072265625
            ],
            [
                -0.0003920166054740548,
                0.9999999403953552,
                1.6428327853645897e-07,
                45.224945068359375
            ],
            [
                0.0017777670873329043,
                5.326313043951814e-07,
                0.9999983906745911,
                -0.002905826549977064
            ],
            [
                0.0,
                0.0,
                0.0,
                1.0
            ]
        ]
    },
    {
        "class": "Car",
        "extent": [
            1.6355280876159668,
            5.0267767906188965,
            2.1515462398529053
        ],
        "position": [
            33.13905373786312,
            -28.1099855613356,
            -2.414774392069999
        ],
        "yaw": 0.9886497751514821,
        "num_points": 6,
        "distance": 43.5224000517443,
        "speed": 8.642165114743973,
        "brake": 0.0,
        "id": 1432,
        "ego_matrix": [
            [
                0.9999687671661377,
                -0.0027857585810124874,
                -0.007396687753498554,
                565.4450073242188
            ],
            [
                0.002784011885523796,
                0.9999961256980896,
                -0.0002464300487190485,
                52.06317901611328
            ],
            [
                0.007397345267236233,
                0.00022582986275665462,
                0.9999726414680481,
                0.12926587462425232
            ],
            [
                0.0,
                0.0,
                0.0,
                1.0
            ]
        ]
    },
    {
        "class": "Car",
        "extent": [
            1.0239027738571167,
            1.6428436040878296,
            0.3725162446498871
        ],
        "position": [
            22.622628574739988,
            12.844007809127552,
            -2.5365642239347244
        ],
        "yaw": 0.9853005610080949,
        "num_points": 1,
        "distance": 26.137827344554047,
        "speed": 4.051362227884945,
        "brake": 0.0,
        "id": 1441,
        "ego_matrix": [
            [
                0.9999841451644897,
                0.0005651153041981161,
                0.005594701040536165,
                525.4931030273438
            ],
            [
                -0.0005651137325912714,
                0.9999998211860657,
                -1.8644735746420338e-06,
                38.21893310546875
            ],
            [
                -0.005594701040536165,
                -1.29719819597085e-06,
                0.9999843239784241,
                -0.017746983096003532
            ],
            [
                0.0,
                0.0,
                0.0,
                1.0
            ]
        ]
    },
    {
        "class": "Car",
        "extent": [
            1.2765706777572632,
            2.3557403087615967,
            0.7636788487434387
        ],
        "position": [
            -13.031290602970037,
            47.62839093066422,
            -2.5341924157566895
        ],
        "yaw": 0.985645173923114,
        "num_points": 1,
        "distance": 49.443910531260684,
        "speed": 4.7246447100190645,
        "brake": 0.0,
        "id": 1455,
        "ego_matrix": [
            [
                0.9999951720237732,
                0.00022052632994018495,
                0.003114813007414341,
                476.80560302734375
            ],
            [
                -0.00022050867846701294,
                1.0,
                -6.013168331264751e-06,
                48.739505767822266
            ],
            [
                -0.0031148141715675592,
                5.326295649865642e-06,
                0.9999951720237732,
                -0.030108928680419922
            ],
            [
                0.0,
                0.0,
                0.0,
                1.0
            ]
        ]
    },
    {
        "class": "Car",
        "extent": [
            1.5542958974838257,
            4.974244117736816,
            2.0384013652801514
        ],
        "position": [
            5.8814970420968296,
            12.764138513974858,
            -2.546637040004806
        ],
        "yaw": 0.9854917758768348,
        "num_points": 76,
        "distance": 14.282877849847155,
        "speed": 8.498852596717223,
        "brake": 0.0,
        "id": 1523,
        "ego_matrix": [
            [
                0.999990701675415,
                0.0003744658606592566,
                -0.004296955652534962,
                516.3162231445312
            ],
            [
                -0.00037390433135442436,
                0.9999999403953552,
                0.00013147965364623815,
                52.22096252441406
            ],
            [
                0.004297004546970129,
                -0.00012987179798074067,
                0.9999907612800598,
                -0.023574505001306534
            ],
            [
                0.0,
                0.0,
                0.0,
                1.0
            ]
        ]
    },
    {
        "class": "Car",
        "extent": [
            1.6355280876159668,
            5.0267767906188965,
            2.1515462398529053
        ],
        "position": [
            -0.7385065623899767,
            29.086849689633407,
            -2.3847652889220425
        ],
        "yaw": 0.9855844538502603,
        "num_points": 14,
        "distance": 29.193789104761095,
        "speed": 4.749470560181647,
        "brake": 0.0,
        "id": 1556,
        "ego_matrix": [
            [
                0.9999746084213257,
                0.0002795647887978703,
                -0.00712085235863924,
                499.0519104003906
            ],
            [
                -0.0002812226884998381,
                0.9999999403953552,
                -0.0002318229671800509,
                48.72785568237305
            ],
            [
                0.007120787166059017,
                0.00023381963546853513,
                0.9999746680259705,
                0.1288522183895111
            ],
            [
                0.0,
                0.0,
                0.0,
                1.0
            ]
        ]
    },
    {
        "class": "Car",
        "extent": [
            1.488319993019104,
            4.791779518127441,
            2.163450002670288
        ],
        "position": [
            23.3463322952651,
            -0.9193880387304362,
            -2.5266652697217564
        ],
        "yaw": 0.9853724663250178,
        "num_points": 8,
        "distance": 23.50064985041726,
        "speed": 4.844801540579966,
        "brake": 0.0,
        "id": 1557,
        "ego_matrix": [
            [
                0.9999998807907104,
                0.000493217317853123,
                -2.9087055736454204e-05,
                537.367919921875
            ],
            [
                -0.000493217317853123,
                0.9999998807907104,
                2.8251378125787596e-08,
                45.21487808227539
            ],
            [
                2.9087066650390625e-05,
                -1.3905133933178604e-08,
                1.0,
                0.0013322639279067516
            ],
            [
                0.0,
                0.0,
                0.0,
                1.0
            ]
        ]
    },
    {
        "class": "Car",
        "extent": [
            2.098191261291504,
            6.273552894592285,
            2.3895740509033203
        ],
        "position": [
            4.298442991803832,
            40.49370879334244,
            -2.507644711034183
        ],
        "yaw": 0.9856542286708203,
        "num_points": 0,
        "distance": 40.79834979494372,
        "speed": 4.602550843047907,
        "brake": 1.0,
        "id": 1580,
        "ego_matrix": [
            [
                0.9999999403953552,
                0.00021145513164810836,
                -0.0003215073375031352,
                492.3226013183594
            ],
            [
                -0.00021145497157704085,
                1.0,
                5.132739602231595e-07,
                38.23017120361328
            ],
            [
                0.0003215074248146266,
                -4.4528960074785573e-07,
                0.9999999403953552,
                -0.0030467414762824774
            ],
            [
                0.0,
                0.0,
                0.0,
                1.0
            ]
        ]
    },
    {
        "class": "Car",
        "extent": [
            1.0239027738571167,
            1.6428436040878296,
            0.3725162446498871
        ],
        "position": [
            -8.916121394386915,
            35.07707495634414,
            -2.52933739881248
        ],
        "yaw": 0.986033761554174,
        "num_points": 1,
        "distance": 36.28079320921004,
        "speed": 4.051363958791356,
        "brake": 0.0,
        "id": 1581,
        "ego_matrix": [
            [
                0.9999843239784241,
                -0.00016807846259325743,
                0.005597323644906282,
                489.54241943359375
            ],
            [
                0.0001680752611719072,
                1.0,
                1.0426135759189492e-06,
                52.23857879638672
            ],
            [
                -0.005597323644906282,
                -1.0182554177617931e-07,
                0.9999843239784241,
                -0.0177470576018095
            ],
            [
                0.0,
                0.0,
                0.0,
                1.0
            ]
        ]
    },
    {
        "class": "Car",
        "extent": [
            1.3787471055984497,
            2.2072951793670654,
            1.4809197187423706
        ],
        "position": [
            -0.4198690023746494,
            41.26278845857749,
            -2.5024414254870226
        ],
        "yaw": 0.9858060288570185,
        "num_points": 0,
        "distance": 41.34073311450178,
        "speed": 5.242967928497371,
        "brake": 0.0,
        "id": 1583,
        "ego_matrix": [
            [
                0.9999792575836182,
                5.964451338513754e-05,
                -0.006441548001021147,
                489.0762023925781
            ],
            [
                -5.9653568314388394e-05,
                1.0,
                -1.213627456309041e-06,
                41.73942184448242
            ],
            [
                0.006441548001021147,
                1.5978635019564535e-06,
                0.9999792575836182,
                0.00281461700797081
            ],
            [
                0.0,
                0.0,
                0.0,
                1.0
            ]
        ]
    },
    {
        "class": "Car",
        "extent": [
            2.0377910137176514,
            4.4804368019104,
            2.069315195083618
        ],
        "position": [
            -3.4928213380048136,
            39.55689400990528,
            -2.5045771158300014
        ],
        "yaw": 0.985909737505027,
        "num_points": 2,
        "distance": 39.78970433591133,
        "speed": 4.91755043510914,
        "brake": 0.0,
        "id": 1587,
        "ego_matrix": [
            [
                1.0,
                -4.405496292747557e-05,
                -0.00023400760255753994,
                488.8017883300781
            ],
            [
                4.405384243000299e-05,
                1.0,
                -4.803999217983801e-06,
                45.24339294433594
            ],
            [
                0.00023400782083626837,
                4.793690095539205e-06,
                1.0,
                0.002608509035781026
            ],
            [
                0.0,
                0.0,
                0.0,
                1.0
            ]
        ]
    },
    {
        "class": "Car",
        "extent": [
            1.0239027738571167,
            1.6428436040878296,
            0.3725162446498871
        ],
        "position": [
            29.36605140948398,
            -9.999859149429232,
            -2.55043612008244
        ],
        "yaw": 0.9860000367980375,
        "num_points": 3,
        "distance": 31.12662658875036,
        "speed": 4.0975325214000975,
        "brake": 0.0,
        "id": 1594,
        "ego_matrix": [
            [
                0.9999817609786987,
                -0.00013435372966341674,
                0.006036721169948578,
                548.2625122070312
            ],
            [
                0.00013435068831313401,
                1.0,
                9.104635410039918e-07,
                45.209651947021484
            ],
            [
                -0.006036721169948578,
                -9.940929857066294e-08,
                0.9999817609786987,
                -0.017769278958439827
            ],
            [
                0.0,
                0.0,
                0.0,
                1.0
            ]
        ]
    },
    {
        "class": "Car",
        "extent": [
            1.300939917564392,
            4.717525005340576,
            1.894826889038086
        ],
        "position": [
            9.151680842457859,
            14.167407562188526,
            -2.526699433430715
        ],
        "yaw": 0.9855572896396507,
        "num_points": 1,
        "distance": 17.054410259585815,
        "speed": 8.144107092778857,
        "brake": 1.0,
        "id": 1614,
        "ego_matrix": [
            [
                0.9999999403953552,
                0.0003083940246142447,
                -3.421298970351927e-05,
                516.9518432617188
            ],
            [
                -0.0003083940246142447,
                0.9999999403953552,
                2.509725902655191e-07,
                48.71963119506836
            ],
            [
                3.421306610107422e-05,
                -2.4042151380854193e-07,
                1.0,
                -0.00541002256795764
            ],
            [
                0.0,
                0.0,
                0.0,
                1.0
            ]
        ]
    },
    {
        "class": "Car",
        "extent": [
            1.6171096563339233,
            3.987684965133667,
            1.8508483171463013
        ],
        "position": [
            14.647981162191726,
            18.555332732846296,
            -2.478190305763626
        ],
        "yaw": 0.9853218662643063,
        "num_points": 7,
        "distance": 23.769837023970982,
        "speed": 7.993366453490568,
        "brake": 0.0,
        "id": 1617,
        "ego_matrix": [
            [
                0.9999998807907104,
                0.0005438174121081829,
                -3.445117181399837e-05,
                516.328125
            ],
            [
                -0.0005438174121081829,
                0.9999998807907104,
                5.810215952806175e-07,
                41.71430587768555
            ],
            [
                3.4451481042196974e-05,
                -5.622863454846083e-07,
                1.0,
                0.038738612085580826
            ],
            [
                0.0,
                0.0,
                0.0,
                1.0
            ]
        ]
    },
    {
        "class": "Car",
        "extent": [
            1.2765706777572632,
            2.3557403087615967,
            0.7636788487434387
        ],
        "position": [
            19.82155723876674,
            -1.9362059248058814,
            -2.559680507966939
        ],
        "yaw": 0.9853660747058923,
        "num_points": 9,
        "distance": 20.079715860933526,
        "speed": 4.724644761557264,
        "brake": 0.0,
        "id": 1625,
        "ego_matrix": [
            [
                0.9999950528144836,
                0.000499630463309586,
                0.00311314151622355,
                536.26953125
            ],
            [
                -0.0004996065399609506,
                0.9999998807907104,
                -8.479572898068e-06,
                48.71510696411133
            ],
            [
                -0.003113145474344492,
                6.924184617673745e-06,
                0.9999951720237732,
                -0.030108965933322906
            ],
            [
                0.0,
                0.0,
                0.0,
                1.0
            ]
        ]
    },
    {
        "class": "Car",
        "extent": [
            1.5248334407806396,
            4.513522624969482,
            2.006814479827881
        ],
        "position": [
            42.004302633130486,
            -22.722772887199994,
            -2.5016588793426706
        ],
        "yaw": 0.9855892475402224,
        "num_points": 2,
        "distance": 47.822004815016676,
        "speed": 7.997085517810463,
        "brake": 0.0,
        "id": 1648,
        "ego_matrix": [
            [
                0.9999998211860657,
                0.0002764354576356709,
                0.0005439522210508585,
                565.8483276367188
            ],
            [
                -0.00027643609791994095,
                0.9999999403953552,
                1.061121110979002e-06,
                41.697322845458984
            ],
            [
                -0.0005439519300125539,
                -1.2114891205783351e-06,
                0.9999998807907104,
                0.03649785742163658
            ],
            [
                0.0,
                0.0,
                0.0,
                1.0
            ]
        ]
    },
    {
        "class": "Car",
        "extent": [
            1.5107464790344238,
            4.901683330535889,
            2.128324270248413
        ],
        "position": [
            -14.776522045275682,
            43.92863362825198,
            -2.473965458679091
        ],
        "yaw": 0.9857458414204464,
        "num_points": 0,
        "distance": 46.41326277359141,
        "speed": 4.02571632503164,
        "brake": 0.0,
        "id": 1653,
        "ego_matrix": [
            [
                0.9999997615814209,
                0.00011984294542344287,
                -0.0006906983908265829,
                478.9266357421875
            ],
            [
                -0.00011984221055172384,
                1.0,
                1.1072476127083064e-06,
                52.23734664916992
            ],
            [
                0.0006906985072419047,
                -1.024472567223711e-06,
                0.9999997615814209,
                0.03307138383388519
            ],
            [
                0.0,
                0.0,
                0.0,
                1.0
            ]
        ]
    },
    {
        "class": "Car",
        "extent": [
            1.385296106338501,
            4.181210041046143,
            1.9941171407699585
        ],
        "position": [
            -50.52906603834343,
            -7.366776638232909,
            -2.562546209920492
        ],
        "yaw": -0.1013928011278784,
        "num_points": 0,
        "distance": 51.127512709136006,
        "speed": 4.650858340805718,
        "brake": 0.0,
        "id": 1654,
        "ego_matrix": [
            [
                0.46491435170173645,
                0.8853555917739868,
                0.00025167662533931434,
                501.9537658691406
            ],
            [
                -0.8853556513786316,
                0.46491432189941406,
                0.00014750901027582586,
                110.368408203125
            ],
            [
                1.3589859008789062e-05,
                -0.0002914023934863508,
                0.9999999403953552,
                -0.011669406667351723
            ],
            [
                0.0,
                0.0,
                0.0,
                1.0
            ]
        ]
    }
]