[
    {
        "class": "Car",
        "extent": [
            1.5107464790344238,
            4.901683330535889,
            2.128324270248413
        ],
        "position": [
            -1.3,
            0.0,
            -2.5
        ],
        "yaw": 0,
        "num_points": -1,
        "distance": -1,
        "speed": 3.2377588815527667,
        "brake": 0.0,
        "id": 1374,
        "ego_matrix": [
            [
                0.6004838347434998,
                0.7996368408203125,
                -1.1574506061151624e-05,
                524.096435546875
            ],
            [
                -0.7996366024017334,
                0.6004836559295654,
                -0.0008219191804528236,
                63.824676513671875
            ],
            [
                -0.0006502866162918508,
                0.0005028045852668583,
                0.9999996423721313,
                0.0337413027882576
            ],
            [
                0.0,
                0.0,
                0.0,
                1.0
            ]
        ]
    },
    {
        "class": "Car",
        "extent": [
            1.1256572008132935,
            1.8354405164718628,
            0.3289288878440857
        ],
        "position": [
            8.03656631538307,
            30.183736397502376,
            -2.5260268610495435
        ],
        "yaw": 0.9267690414532068,
        "num_points": 2,
        "distance": 31.337280557798938,
        "speed": 4.432565886945547,
        "brake": 0.0,
        "id": 1382,
        "ego_matrix": [
            [
                0.9999955296516418,
                -7.89283003541641e-05,
                -0.002991790883243084,
                505.5668640136719
            ],
            [
                7.893002475611866e-05,
                1.0,
                4.5668167558687855e-07,
                38.2339973449707
            ],
            [
                0.002991790883243084,
                -6.928217999302433e-07,
                0.9999955296516418,
                -0.013533515855669975
            ],
            [
                0.0,
                0.0,
                0.0,
                1.0
            ]
        ]
    },
    {
        "class": "Car",
        "extent": [
            2.098191261291504,
            6.273552894592285,
            2.3895740509033203
        ],
        "position": [
            1.8420848177229867,
            26.791782267392918,
            -2.520679357303449
        ],
        "yaw": 0.9263034201239873,
        "num_points": 20,
        "distance": 26.973073572757905,
        "speed": 5.847774567187491,
        "brake": 0.0,
        "id": 1426,
        "ego_matrix": [
            [
                0.9999999403953552,
                0.0003866910410579294,
                0.00016403174959123135,
                504.55950927734375
            ],
            [
                -0.000386690953746438,
                0.9999999403953552,
                -5.960617954769987e-07,
                45.22414016723633
            ],
            [
                -0.00016403196786995977,
                5.326321570464643e-07,
                1.0,
                -0.0024523353204131126
            ],
            [
                0.0,
                0.0,
                0.0,
                1.0
            ]
        ]
    },
    {
        "class": "Car",
        "extent": [
            1.6355280876159668,
            5.0267767906188965,
            2.1515462398529053
        ],
        "position": [
            35.59792647662863,
            -29.566726916025676,
            -2.395357631972538
        ],
        "yaw": 0.9289604540905297,
        "num_points": 0,
        "distance": 46.33725766753298,
        "speed": 9.063026142222053,
        "brake": 0.0,
        "id": 1432,
        "ego_matrix": [
            [
                0.9999698400497437,
                -0.0022719393018633127,
                -0.007425923831760883,
                569.8956909179688
            ],
            [
                0.0022702785208821297,
                0.9999974370002747,
                -0.00023204338504001498,
                52.07399368286133
            ],
            [
                0.007426431402564049,
                0.00021517746790777892,
                0.999972403049469,
                0.12925569713115692
            ],
            [
                0.0,
                0.0,
                0.0,
                1.0
            ]
        ]
    },
    {
        "class": "Car",
        "extent": [
            1.0239027738571167,
            1.6428436040878296,
            0.3725162446498871
        ],
        "position": [
            21.208249650763594,
            12.670587787901008,
            -2.53042417519092
        ],
        "yaw": 0.9261271188273147,
        "num_points": 2,
        "distance": 24.83418399397111,
        "speed": 3.90190777871622,
        "brake": 0.0,
        "id": 1441,
        "ego_matrix": [
            [
                0.9999898076057434,
                0.0005629867664538324,
                0.004480465315282345,
                527.4804077148438
            ],
            [
                -0.0005629865336231887,
                0.9999998211860657,
                -1.3179960660636425e-06,
                38.21780014038086
            ],
            [
                -0.004480465780943632,
                -1.204459294967819e-06,
                0.9999899864196777,
                -0.0176905058324337
            ],
            [
                0.0,
                0.0,
                0.0,
                1.0
            ]
        ]
    },
    {
        "class": "Car",
        "extent": [
            1.2765706777572632,
            2.3557403087615967,
            0.7636788487434387
        ],
        "position": [
            -16.215404529545058,
            44.984663203023295,
            -2.550931039143017
        ],
        "yaw": 0.9264696013434989,
        "num_points": 0,
        "distance": 47.885974112600984,
        "speed": 4.727095161364134,
        "brake": 0.0,
        "id": 1455,
        "ego_matrix": [
            [
                0.9999951720237732,
                0.00022052632994018495,
                0.003114813007414341,
                479.1685791015625
            ],
            [
                -0.00022050867846701294,
                1.0,
                -6.013168331264751e-06,
                48.73906707763672
            ],
            [
                -0.0031148141715675592,
                5.326295649865642e-06,
                0.9999951720237732,
                -0.030108928680419922
            ],
            [
                0.0,
                0.0,
                0.0,
                1.0
            ]
        ]
    },
    {
        "class": "Car",
        "extent": [
            1.8548461198806763,
            4.6045098304748535,
            1.9315931797027588
        ],
        "position": [
            -10.448846161742452,
            48.965640622715114,
            -2.5043525428494195
        ],
        "yaw": 0.9263684012870945,
        "num_points": 1,
        "distance": 50.130670545720065,
        "speed": 4.846211360906317,
        "brake": 0.0,
        "id": 1470,
        "ego_matrix": [
            [
                0.9999998211860657,
                0.00032170998747460544,
                -0.0005172488745301962,
                479.4479675292969
            ],
            [
                -0.0003217097546439618,
                0.9999999403953552,
                5.476578053276171e-07,
                41.73736572265625
            ],
            [
                0.0005172490491531789,
                -3.812537272551708e-07,
                0.9999998807907104,
                0.010717983357608318
            ],
            [
                0.0,
                0.0,
                0.0,
                1.0
            ]
        ]
    },
    {
        "class": "Car",
        "extent": [
            1.4738311767578125,
            4.1928300857543945,
            1.8161858320236206
        ],
        "position": [
            -6.079314696992471,
            48.972348903916334,
            -2.5178028162705446
        ],
        "yaw": 0.92665282683056,
        "num_points": 0,
        "distance": 49.41243118258404,
        "speed": 4.717385809736214,
        "brake": 0.0,
        "id": 1506,
        "ego_matrix": [
            [
                0.9999998807907104,
                3.728448791662231e-05,
                -0.000431656779255718,
                482.0664367675781
            ],
            [
                -3.728424781002104e-05,
                1.0,
                5.607110438177187e-07,
                38.23931121826172
            ],
            [
                0.00043165680835954845,
                -5.446169666356582e-07,
                0.9999998807907104,
                -0.00557710649445653
            ],
            [
                0.0,
                0.0,
                0.0,
                1.0
            ]
        ]
    },
    {
        "class": "Car",
        "extent": [
            1.5542958974838257,
            4.974244117736816,
            2.0384013652801514
        ],
        "position": [
            5.961254967643271,
            9.656758531533711,
            -2.546264291088986
        ],
        "yaw": 0.9263140727683475,
        "num_points": 150,
        "distance": 11.63069249725379,
        "speed": 9.349180375547794,
        "brake": 0.0,
        "id": 1523,
        "ego_matrix": [
            [
                0.999998152256012,
                0.0003758515231311321,
                -0.0018957017455250025,
                520.7348022460938
            ],
            [
                -0.00037603764212690294,
                0.9999999403953552,
                -9.782411507330835e-05,
                52.21962356567383
            ],
            [
                0.0018956648418679833,
                9.853678784566e-05,
                0.9999982118606567,
                -0.022100333124399185
            ],
            [
                0.0,
                0.0,
                0.0,
                1.0
            ]
        ]
    },
    {
        "class": "Car",
        "extent": [
            1.6355280876159668,
            5.0267767906188965,
            2.1515462398529053
        ],
        "position": [
            -2.7754582752574737,
            27.106681308166237,
            -2.391433864992896
        ],
        "yaw": 0.926414740192534,
        "num_points": 17,
        "distance": 27.35314051641637,
        "speed": 5.033054591038928,
        "brake": 0.0,
        "id": 1556,
        "ego_matrix": [
            [
                0.9999734163284302,
                0.0002736672468017787,
                -0.007286070846021175,
                501.5349426269531
            ],
            [
                -0.00027536359266377985,
                0.9999999403953552,
                -0.00023181918368209153,
                48.727298736572266
            ],
            [
                0.007286007050424814,
                0.00023381935898214579,
                0.999973475933075,
                0.12963750958442688
            ],
            [
                0.0,
                0.0,
                0.0,
                1.0
            ]
        ]
    },
    {
        "class": "Car",
        "extent": [
            1.488319993019104,
            4.791779518127441,
            2.163450002670288
        ],
        "position": [
            23.006304907395144,
            -1.3742652018478654,
            -2.5172939287151377
        ],
        "yaw": 0.9261968937454027,
        "num_points": 11,
        "distance": 23.184379203692085,
        "speed": 4.846994991430242,
        "brake": 0.0,
        "id": 1557,
        "ego_matrix": [
            [
                0.9999998807907104,
                0.000493217317853123,
                -2.9087055736454204e-05,
                539.7908935546875
            ],
            [
                -0.000493217317853123,
                0.9999998807907104,
                2.8251378125787596e-08,
                45.21370315551758
            ],
            [
                2.9087066650390625e-05,
                -1.3905133933178604e-08,
                1.0,
                0.0013323021121323109
            ],
            [
                0.0,
                0.0,
                0.0,
                1.0
            ]
        ]
    },
    {
        "class": "Car",
        "extent": [
            2.098191261291504,
            6.273552894592285,
            2.3895740509033203
        ],
        "position": [
            1.347403597592194,
            39.09844383915196,
            -2.514957007967368
        ],
        "yaw": 0.9264823845167313,
        "num_points": 0,
        "distance": 39.202408291456386,
        "speed": 3.950499271972405,
        "brake": 0.0,
        "id": 1580,
        "ego_matrix": [
            [
                0.9999997019767761,
                0.00020772614516317844,
                0.0008096694364212453,
                494.4216003417969
            ],
            [
                -0.00020772650896105915,
                1.0,
                3.5260939057479845e-07,
                38.22975158691406
            ],
            [
                -0.0008096693200059235,
                -5.207990625422099e-07,
                0.9999997019767761,
                -0.002596149453893304
            ],
            [
                0.0,
                0.0,
                0.0,
                1.0
            ]
        ]
    },
    {
        "class": "Car",
        "extent": [
            1.0239027738571167,
            1.6428436040878296,
            0.3725162446498871
        ],
        "position": [
            -11.591317381349517,
            32.998654034750565,
            -2.5415323098537046
        ],
        "yaw": 0.9268520727903985,
        "num_points": 0,
        "distance": 35.06749482387308,
        "speed": 3.9019095290280097,
        "brake": 0.0,
        "id": 1581,
        "ego_matrix": [
            [
                0.999989926815033,
                -0.00016195932403206825,
                0.0044832075946033,
                491.52972412109375
            ],
            [
                0.00016196008073166013,
                1.0,
                1.9347578472661553e-07,
                52.23887252807617
            ],
            [
                -0.0044832075946033,
                5.326268706085102e-07,
                0.999989926815033,
                -0.017690563574433327
            ],
            [
                0.0,
                0.0,
                0.0,
                1.0
            ]
        ]
    },
    {
        "class": "Car",
        "extent": [
            1.3787471055984497,
            2.2072951793670654,
            1.4809197187423706
        ],
        "position": [
            -3.15154398044323,
            39.24498534027277,
            -2.5123607039000664
        ],
        "yaw": 0.9266272604922225,
        "num_points": 0,
        "distance": 39.45140124413066,
        "speed": 5.089094174764775,
        "brake": 0.0,
        "id": 1583,
        "ego_matrix": [
            [
                0.9999843239784241,
                6.284163828240708e-05,
                -0.005601376760751009,
                491.6028747558594
            ],
            [
                -6.28496054559946e-05,
                1.0,
                -1.2458468745535356e-06,
                41.73927688598633
            ],
            [
                0.005601376760751009,
                1.5978716874087695e-06,
                0.9999843239784241,
                0.0028520773630589247
            ],
            [
                0.0,
                0.0,
                0.0,
                1.0
            ]
        ]
    },
    {
        "class": "Car",
        "extent": [
            2.0377910137176514,
            4.4804368019104,
            2.069315195083618
        ],
        "position": [
            -6.158904368384353,
            37.41402296636057,
            -2.5154805357065206
        ],
        "yaw": 0.9267341649254118,
        "num_points": 8,
        "distance": 38.00090604014302,
        "speed": 4.919586526772046,
        "brake": 0.0,
        "id": 1587,
        "ego_matrix": [
            [
                1.0,
                -4.405496292747557e-05,
                -0.00023400760255753994,
                491.2611083984375
            ],
            [
                4.405384243000299e-05,
                1.0,
                -4.803999217983801e-06,
                45.24353790283203
            ],
            [
                0.00023400782083626837,
                4.793690095539205e-06,
                1.0,
                0.002608509035781026
            ],
            [
                0.0,
                0.0,
                0.0,
                1.0
            ]
        ]
    },
    {
        "class": "Car",
        "extent": [
            1.0239027738571167,
            1.6428436040878296,
            0.3725162446498871
        ],
        "position": [
            29.30362687545528,
            -9.753837209698242,
            -2.536435957058042
        ],
        "yaw": 0.9268198972888898,
        "num_points": 2,
        "distance": 30.98827836026803,
        "speed": 3.946839860229593,
        "brake": 0.0,
        "id": 1594,
        "ego_matrix": [
            [
                0.9999898672103882,
                -0.00012978380254935473,
                0.004504545591771603,
                550.27294921875
            ],
            [
                0.00012978489394299686,
                1.0,
                5.1995698413520586e-08,
                45.20994567871094
            ],
            [
                -0.004504545591771603,
                5.326267569216725e-07,
                0.9999898672103882,
                -0.01769149675965309
            ],
            [
                0.0,
                0.0,
                0.0,
                1.0
            ]
        ]
    },
    {
        "class": "Car",
        "extent": [
            1.300939917564392,
            4.717525005340576,
            1.894826889038086
        ],
        "position": [
            8.836674869354809,
            11.657889621767481,
            -2.526635770030972
        ],
        "yaw": 0.9263859781177797,
        "num_points": 0,
        "distance": 14.845103620197495,
        "speed": 7.527082143024458,
        "brake": 0.0,
        "id": 1614,
        "ego_matrix": [
            [
                0.9999999403953552,
                0.0003041329327970743,
                9.584433428244665e-05,
                520.8612670898438
            ],
            [
                -0.0003041329619009048,
                0.9999999403953552,
                2.2635136076587514e-07,
                48.71866989135742
            ],
            [
                -9.584426152287051e-05,
                -2.5550079385538993e-07,
                1.0,
                -0.005347843281924725
            ],
            [
                0.0,
                0.0,
                0.0,
                1.0
            ]
        ]
    },
    {
        "class": "Car",
        "extent": [
            1.6171096563339233,
            3.987684965133667,
            1.8508483171463013
        ],
        "position": [
            14.178937300084883,
            16.212028851689865,
            -2.4769842774582074
        ],
        "yaw": 0.926114335719101,
        "num_points": 15,
        "distance": 21.67965852033971,
        "speed": 8.540702363605133,
        "brake": 0.0,
        "id": 1617,
        "ego_matrix": [
            [
                0.9999997019767761,
                0.0005757766775786877,
                -0.0004483442462515086,
                520.4275512695312
            ],
            [
                -0.0005757752223871648,
                0.9999998211860657,
                3.342442596476758e-06,
                41.712074279785156
            ],
            [
                0.0004483461088966578,
                -3.0842959404253634e-06,
                0.9999998807907104,
                0.038539789617061615
            ],
            [
                0.0,
                0.0,
                0.0,
                1.0
            ]
        ]
    },
    {
        "class": "Car",
        "extent": [
            1.2765706777572632,
            2.3557403087615967,
            0.7636788487434387
        ],
        "position": [
            19.511818966373742,
            -2.549793613470803,
            -2.5515986861572024
        ],
        "yaw": 0.9261905021262772,
        "num_points": 6,
        "distance": 19.84245908911085,
        "speed": 4.727095692853758,
        "brake": 0.0,
        "id": 1625,
        "ego_matrix": [
            [
                0.9999950528144836,
                0.000499630463309586,
                0.00311314151622355,
                538.6325073242188
            ],
            [
                -0.0004996065399609506,
                0.9999998807907104,
                -8.479572898068e-06,
                48.71393585205078
            ],
            [
                -0.003113145474344492,
                6.924184617673745e-06,
                0.9999951720237732,
                -0.030108965933322906
            ],
            [
                0.0,
                0.0,
                0.0,
                1.0
            ]
        ]
    },
    {
        "class": "Car",
        "extent": [
            1.5107464790344238,
            4.901683330535889,
            2.128324270248413
        ],
        "position": [
            -17.865450596434812,
            41.356597002294755,
            -2.4904999091684066
        ],
        "yaw": 0.926572399361576,
        "num_points": 1,
        "distance": 45.1192312702847,
        "speed": 4.475235623947265,
        "brake": 0.0,
        "id": 1653,
        "ego_matrix": [
            [
                0.9999999403953552,
                0.00011771208664868027,
                -0.00039279446355067194,
                481.0788879394531
            ],
            [
                -0.00011771171557484195,
                1.0,
                9.73551436800335e-07,
                52.2370491027832
            ],
            [
                0.00039279457996599376,
                -9.273148862121161e-07,
                0.9999999403953552,
                0.03321939334273338
            ],
            [
                0.0,
                0.0,
                0.0,
                1.0
            ]
        ]
    },
    {
        "class": "Car",
        "extent": [
            1.385296106338501,
            4.181210041046143,
            1.9941171407699585
        ],
        "position": [
            -49.53299309841414,
            -9.785744650751697,
            -2.5816969702268855
        ],
        "yaw": -0.19511097120539345,
        "num_points": 0,
        "distance": 50.55633850372608,
        "speed": 4.654463063705867,
        "brake": 0.0,
        "id": 1654,
        "ego_matrix": [
            [
                0.43406063318252563,
                0.900883674621582,
                0.00017095041403081268,
                502.9583435058594
            ],
            [
                -0.900883674621582,
                0.43406063318252563,
                9.917198622133583e-05,
                108.26979064941406
            ],
            [
                1.5139578863454517e-05,
                -0.00019705308659467846,
                1.0,
                -0.011670054867863655
            ],
            [
                0.0,
                0.0,
                0.0,
                1.0
            ]
        ]
    }
]