[
    {
        "class": "Car",
        "extent": [
            1.5107464790344238,
            4.901683330535889,
            2.128324270248413
        ],
        "position": [
            -1.3,
            0.0,
            -2.5
        ],
        "yaw": 0,
        "num_points": -1,
        "distance": -1,
        "speed": 2.9103407828217467,
        "brake": 0.0,
        "id": 1374,
        "ego_matrix": [
            [
                0.6386341452598572,
                0.7695103883743286,
                -0.00032832639408297837,
                525.0408935546875
            ],
            [
                -0.7695105075836182,
                0.6386340856552124,
                -0.00033832466579042375,
                62.7332763671875
            ],
            [
                -5.0663944421103224e-05,
                0.00046871628728695214,
                0.9999998807907104,
                0.03344257175922394
            ],
            [
                0.0,
                0.0,
                0.0,
                1.0
            ]
        ]
    },
    {
        "class": "Car",
        "extent": [
            1.1256572008132935,
            1.8354405164718628,
            0.3289288878440857
        ],
        "position": [
            6.562231938265764,
            28.888329576677783,
            -2.5331386841373744
        ],
        "yaw": 0.8781328248415955,
        "num_points": 0,
        "distance": 29.732394207924543,
        "speed": 4.719202599928112,
        "brake": 0.0,
        "id": 1382,
        "ego_matrix": [
            [
                0.9999985098838806,
                -5.845314444741234e-05,
                -0.0017337789759039879,
                507.8321228027344
            ],
            [
                5.845305713592097e-05,
                1.0,
                -1.0134483119372817e-07,
                38.23414611816406
            ],
            [
                0.0017337789759039879,
                -0.0,
                0.9999985098838806,
                -0.013634871691465378
            ],
            [
                0.0,
                0.0,
                0.0,
                1.0
            ]
        ]
    },
    {
        "class": "Car",
        "extent": [
            2.098191261291504,
            6.273552894592285,
            2.3895740509033203
        ],
        "position": [
            1.168315302084366,
            24.4437570707633,
            -2.5251683804494034
        ],
        "yaw": 0.8776935396625887,
        "num_points": 25,
        "distance": 24.601599454693933,
        "speed": 7.114442920904425,
        "brake": 0.0,
        "id": 1426,
        "ego_matrix": [
            [
                0.9999977350234985,
                0.0003808308974839747,
                -0.0021059494465589523,
                507.8075256347656
            ],
            [
                -0.00038083118852227926,
                0.9999999403953552,
                2.6938084829453146e-07,
                45.22327423095703
            ],
            [
                0.0021059494465589523,
                5.326310201780871e-07,
                0.9999977946281433,
                -0.00330804823897779
            ],
            [
                0.0,
                0.0,
                0.0,
                1.0
            ]
        ]
    },
    {
        "class": "Car",
        "extent": [
            1.0239027738571167,
            1.6428436040878296,
            0.3725162446498871
        ],
        "position": [
            20.3743310980606,
            12.273020106218736,
            -2.5443764055507616
        ],
        "yaw": 0.8775135100379179,
        "num_points": 1,
        "distance": 23.921000010747296,
        "speed": 4.010288564944354,
        "brake": 0.0,
        "id": 1441,
        "ego_matrix": [
            [
                0.9999799132347107,
                0.000560852640774101,
                0.006313758436590433,
                529.4386596679688
            ],
            [
                -0.0005608504288829863,
                0.9999998211860657,
                -2.1204859876888804e-06,
                38.216697692871094
            ],
            [
                -0.006313758436590433,
                -1.4206306104824762e-06,
                0.999980092048645,
                -0.017784500494599342
            ],
            [
                0.0,
                0.0,
                0.0,
                1.0
            ]
        ]
    },
    {
        "class": "Car",
        "extent": [
            1.2765706777572632,
            2.3557403087615967,
            0.7636788487434387
        ],
        "position": [
            -18.3167376536272,
            42.41743753435524,
            -2.5445318948732885
        ],
        "yaw": 0.8778538619602114,
        "num_points": 0,
        "distance": 46.273280927731506,
        "speed": 4.72953655264257,
        "brake": 0.0,
        "id": 1455,
        "ego_matrix": [
            [
                0.9999951720237732,
                0.00022052632994018495,
                0.003114813007414341,
                481.53277587890625
            ],
            [
                -0.00022050867846701294,
                1.0,
                -6.013168331264751e-06,
                48.73862838745117
            ],
            [
                -0.0031148141715675592,
                5.326295649865642e-06,
                0.9999951720237732,
                -0.030108928680419922
            ],
            [
                0.0,
                0.0,
                0.0,
                1.0
            ]
        ]
    },
    {
        "class": "Car",
        "extent": [
            1.8548461198806763,
            4.6045098304748535,
            1.9315931797027588
        ],
        "position": [
            -12.712372233861,
            46.628321262566274,
            -2.501447367574798
        ],
        "yaw": 0.8777526619038071,
        "num_points": 2,
        "distance": 48.394855000403474,
        "speed": 4.848395746707564,
        "brake": 0.0,
        "id": 1470,
        "ego_matrix": [
            [
                0.9999998211860657,
                0.00032170998747460544,
                -0.0005172488745301962,
                481.87158203125
            ],
            [
                -0.0003217097546439618,
                0.9999999403953552,
                5.476578053276171e-07,
                41.73678207397461
            ],
            [
                0.0005172490491531789,
                -3.812537272551708e-07,
                0.9999998807907104,
                0.010717945173382759
            ],
            [
                0.0,
                0.0,
                0.0,
                1.0
            ]
        ]
    },
    {
        "class": "Car",
        "extent": [
            1.4738311767578125,
            4.1928300857543945,
            1.8161858320236206
        ],
        "position": [
            -8.530740276325668,
            47.0663962357539,
            -2.517270374755226
        ],
        "yaw": 0.8780189779477964,
        "num_points": 0,
        "distance": 47.89943459397756,
        "speed": 4.066427018410594,
        "brake": 0.0,
        "id": 1506,
        "ego_matrix": [
            [
                0.9999999403953552,
                5.53931895410642e-05,
                0.0003281832323409617,
                484.20501708984375
            ],
            [
                -5.539374615182169e-05,
                1.0,
                1.6899966794881038e-06,
                38.23920822143555
            ],
            [
                -0.0003281831450294703,
                -1.7081758869608166e-06,
                0.9999999403953552,
                -0.005522251129150391
            ],
            [
                0.0,
                0.0,
                0.0,
                1.0
            ]
        ]
    },
    {
        "class": "Car",
        "extent": [
            1.5542958974838257,
            4.974244117736816,
            2.0384013652801514
        ],
        "position": [
            7.173557271544577,
            6.255035302586624,
            -2.5526036755002073
        ],
        "yaw": 0.8776972680881148,
        "num_points": 244,
        "distance": 9.85399290079469,
        "speed": 10.222352579259866,
        "brake": 0.0,
        "id": 1523,
        "ego_matrix": [
            [
                0.9999970197677612,
                0.0003771521442104131,
                -0.0024119513109326363,
                525.6390991210938
            ],
            [
                -0.0003771024930756539,
                0.9999999403953552,
                2.1038098566350527e-05,
                52.21812438964844
            ],
            [
                0.0024119592271745205,
                -2.0128483811276965e-05,
                0.999997079372406,
                -0.02252223901450634
            ],
            [
                0.0,
                0.0,
                0.0,
                1.0
            ]
        ]
    },
    {
        "class": "Car",
        "extent": [
            1.6355280876159668,
            5.0267767906188965,
            2.1515462398529053
        ],
        "position": [
            -3.871243507692175,
            25.03018278042953,
            -2.3926934540835476
        ],
        "yaw": 0.8778064577090627,
        "num_points": 19,
        "distance": 25.440549488617066,
        "speed": 5.598804898500857,
        "brake": 0.0,
        "id": 1556,
        "ego_matrix": [
            [
                0.9999692440032959,
                0.00026607754989527166,
                -0.007836203090846539,
                504.1377868652344
            ],
            [
                -0.0002679057652130723,
                0.9999999403953552,
                -0.00023225872428156435,
                48.72671127319336
            ],
            [
                0.007836141623556614,
                0.00023435096954926848,
                0.9999693036079407,
                0.12914732098579407
            ],
            [
                0.0,
                0.0,
                0.0,
                1.0
            ]
        ]
    },
    {
        "class": "Car",
        "extent": [
            1.488319993019104,
            4.791779518127441,
            2.163450002670288
        ],
        "position": [
            23.06818024272824,
            -1.927339300149823,
            -2.5316619877831
        ],
        "yaw": 0.8775811542970966,
        "num_points": 14,
        "distance": 23.28658173518143,
        "speed": 4.176460086517919,
        "brake": 0.0,
        "id": 1557,
        "ego_matrix": [
            [
                0.9999998211860657,
                0.0004932173760607839,
                0.0003196000470779836,
                542.0863647460938
            ],
            [
                -0.000493217317853123,
                0.9999998807907104,
                -1.5763231431265012e-07,
                45.212581634521484
            ],
            [
                -0.0003196000761818141,
                -0.0,
                0.9999999403953552,
                0.001449375064112246
            ],
            [
                0.0,
                0.0,
                0.0,
                1.0
            ]
        ]
    },
    {
        "class": "Car",
        "extent": [
            2.098191261291504,
            6.273552894592285,
            2.3895740509033203
        ],
        "position": [
            -0.6741548037215193,
            37.61519463257049,
            -2.519159393864702
        ],
        "yaw": 0.877871971455624,
        "num_points": 0,
        "distance": 37.70548389819759,
        "speed": 4.453955614196918,
        "brake": 0.0,
        "id": 1580,
        "ego_matrix": [
            [
                0.9999993443489075,
                0.00020240068261045963,
                -0.001156806480139494,
                496.49530029296875
            ],
            [
                -0.00020240011508576572,
                1.0,
                6.089458111091517e-07,
                38.22934341430664
            ],
            [
                0.0011568065965548158,
                -3.748076267129363e-07,
                0.9999993443489075,
                -0.003379383124411106
            ],
            [
                0.0,
                0.0,
                0.0,
                1.0
            ]
        ]
    },
    {
        "class": "Car",
        "extent": [
            1.0239027738571167,
            1.6428436040878296,
            0.3725162446498871
        ],
        "position": [
            -13.375456448936951,
            30.982244128789674,
            -2.5373171542860598
        ],
        "yaw": 0.878223962955578,
        "num_points": 0,
        "distance": 33.841398682896745,
        "speed": 4.010291256269221,
        "brake": 0.0,
        "id": 1581,
        "ego_matrix": [
            [
                0.9999800324440002,
                -0.00014957779785618186,
                0.006315785460174084,
                493.4879455566406
            ],
            [
                0.00014958827523514628,
                1.0,
                -1.185742348752683e-06,
                52.23916244506836
            ],
            [
                -0.006315784994512796,
                2.130486109308549e-06,
                0.9999800324440002,
                -0.01778467185795307
            ],
            [
                0.0,
                0.0,
                0.0,
                1.0
            ]
        ]
    },
    {
        "class": "Car",
        "extent": [
            1.3787471055984497,
            2.2072951793670654,
            1.4809197187423706
        ],
        "position": [
            -4.879195568032141,
            37.18621134122115,
            -2.514514113832035
        ],
        "yaw": 0.8780045968941645,
        "num_points": 0,
        "distance": 37.589142641642276,
        "speed": 4.916332442844129,
        "brake": 0.0,
        "id": 1583,
        "ego_matrix": [
            [
                0.9999889135360718,
                6.97672730893828e-05,
                -0.004710895009338856,
                494.1399230957031
            ],
            [
                -6.977403245400637e-05,
                1.0,
                -1.2691948541032616e-06,
                41.73912811279297
            ],
            [
                0.004710895009338856,
                1.5978789633663837e-06,
                0.9999889135360718,
                0.0016800117446109653
            ],
            [
                0.0,
                0.0,
                0.0,
                1.0
            ]
        ]
    },
    {
        "class": "Car",
        "extent": [
            2.0377910137176514,
            4.4804368019104,
            2.069315195083618
        ],
        "position": [
            -7.84318317662731,
            35.27016690111182,
            -2.514633903248603
        ],
        "yaw": 0.8781184255421244,
        "num_points": 10,
        "distance": 36.21910516898203,
        "speed": 4.921622141314987,
        "brake": 0.0,
        "id": 1587,
        "ego_matrix": [
            [
                1.0,
                -4.405496292747557e-05,
                -0.00023400760255753994,
                493.721435546875
            ],
            [
                4.405384243000299e-05,
                1.0,
                -4.803999217983801e-06,
                45.24359893798828
            ],
            [
                0.00023400782083626837,
                4.793690095539205e-06,
                1.0,
                0.0026084708515554667
            ],
            [
                0.0,
                0.0,
                0.0,
                1.0
            ]
        ]
    },
    {
        "class": "Car",
        "extent": [
            1.0239027738571167,
            1.6428436040878296,
            0.3725162446498871
        ],
        "position": [
            29.568935757590495,
            -9.756626536340276,
            -2.5542592674543756
        ],
        "yaw": 0.8781948441970141,
        "num_points": 2,
        "distance": 31.24160629051441,
        "speed": 4.112913271419016,
        "brake": 0.0,
        "id": 1594,
        "ego_matrix": [
            [
                0.9999770522117615,
                -0.00012046527990605682,
                0.006772227585315704,
                552.2626953125
            ],
            [
                0.0001204697327921167,
                1.0,
                -2.493971464900824e-07,
                45.21023941040039
            ],
            [
                -0.006772227585315704,
                1.0652398714228184e-06,
                0.9999770522117615,
                -0.01780754141509533
            ],
            [
                0.0,
                0.0,
                0.0,
                1.0
            ]
        ]
    },
    {
        "class": "Car",
        "extent": [
            1.300939917564392,
            4.717525005340576,
            1.894826889038086
        ],
        "position": [
            9.141385030540961,
            9.364893594001492,
            -2.533890821233361
        ],
        "yaw": 0.8777702387344922,
        "num_points": 0,
        "distance": 13.329919542048978,
        "speed": 7.096388522506228,
        "brake": 0.0,
        "id": 1614,
        "ego_matrix": [
            [
                0.9999999403953552,
                0.0003041329619009048,
                5.757815233664587e-05,
                524.5027465820312
            ],
            [
                -0.0003041329619009048,
                0.9999999403953552,
                2.1816926221163158e-07,
                48.71779251098633
            ],
            [
                -5.757808321504854e-05,
                -2.3568067319956754e-07,
                1.0,
                -0.005366725847125053
            ],
            [
                0.0,
                0.0,
                0.0,
                1.0
            ]
        ]
    },
    {
        "class": "Car",
        "extent": [
            1.6171096563339233,
            3.987684965133667,
            1.8508483171463013
        ],
        "position": [
            14.773300671247267,
            13.552716100505709,
            -2.4877335470801336
        ],
        "yaw": 0.8774463983134293,
        "num_points": 11,
        "distance": 20.201864879887935,
        "speed": 9.22877301309937,
        "brake": 0.0,
        "id": 1617,
        "ego_matrix": [
            [
                0.9999997019767761,
                0.000627974804956466,
                -0.00044226431054994464,
                524.8768920898438
            ],
            [
                -0.0006279732915572822,
                0.9999998211860657,
                3.5150060284649953e-06,
                41.70947265625
            ],
            [
                0.000442266435129568,
                -3.2372747682529734e-06,
                0.9999998807907104,
                0.038542307913303375
            ],
            [
                0.0,
                0.0,
                0.0,
                1.0
            ]
        ]
    },
    {
        "class": "Car",
        "extent": [
            1.2765706777572632,
            2.3557403087615967,
            0.7636788487434387
        ],
        "position": [
            19.67886260457952,
            -3.324153123463091,
            -2.564046757657051
        ],
        "yaw": 0.8775747627429897,
        "num_points": 6,
        "distance": 20.121678935257847,
        "speed": 4.729535657009817,
        "brake": 0.0,
        "id": 1625,
        "ego_matrix": [
            [
                0.9999950528144836,
                0.000499630463309586,
                0.00311314151622355,
                540.9967041015625
            ],
            [
                -0.0004996065399609506,
                0.9999998807907104,
                -8.479572898068e-06,
                48.71276092529297
            ],
            [
                -0.003113145474344492,
                6.924184617673745e-06,
                0.9999951720237732,
                -0.030108965933322906
            ],
            [
                0.0,
                0.0,
                0.0,
                1.0
            ]
        ]
    },
    {
        "class": "Car",
        "extent": [
            1.5107464790344238,
            4.901683330535889,
            2.128324270248413
        ],
        "position": [
            -19.916497255617678,
            38.867474010702566,
            -2.482418489414793
        ],
        "yaw": 0.87796092104416,
        "num_points": 4,
        "distance": 43.74368297779983,
        "speed": 3.929400056987024,
        "brake": 0.0,
        "id": 1653,
        "ego_matrix": [
            [
                0.9999997615814209,
                0.00011345017264829949,
                0.0006721019744873047,
                483.2428283691406
            ],
            [
                -0.00011345062375767156,
                1.0,
                6.400600796041545e-07,
                52.23676681518555
            ],
            [
                -0.0006721019162796438,
                -7.163102964113932e-07,
                0.9999997615814209,
                0.03374944627285004
            ],
            [
                0.0,
                0.0,
                0.0,
                1.0
            ]
        ]
    },
    {
        "class": "Car",
        "extent": [
            1.385296106338501,
            4.181210041046143,
            1.9941171407699585
        ],
        "position": [
            -48.19928953397507,
            -11.468657259812089,
            -2.5528647006738887
        ],
        "yaw": -0.26756879340566986,
        "num_points": 0,
        "distance": 49.61067152441041,
        "speed": 4.657497967863875,
        "brake": 0.0,
        "id": 1654,
        "ego_matrix": [
            [
                0.4124603569507599,
                0.9109755754470825,
                0.0001157299629994668,
                503.9146728515625
            ],
            [
                -0.9109755754470825,
                0.4124603569507599,
                7.058818300720304e-05,
                106.14706420898438
            ],
            [
                1.657008942856919e-05,
                -0.00013454198779072613,
                1.0,
                -0.011670474894344807
            ],
            [
                0.0,
                0.0,
                0.0,
                1.0
            ]
        ]
    }
]