[
    {
        "class": "Car",
        "extent": [
            1.5107464790344238,
            4.901683330535889,
            2.128324270248413
        ],
        "position": [
            -1.3,
            0.0,
            -2.5
        ],
        "yaw": 0,
        "num_points": -1,
        "distance": -1,
        "speed": 2.787077048242278,
        "brake": 0.0,
        "id": 1374,
        "ego_matrix": [
            [
                0.6752997636795044,
                0.7375432848930359,
                4.593371704686433e-05,
                526.0846557617188
            ],
            [
                -0.7375432252883911,
                0.6752997040748596,
                -0.00048081649583764374,
                61.635398864746094
            ],
            [
                -0.00038564205169677734,
                0.0002908171736635268,
                0.9999998807907104,
                0.03360908478498459
            ],
            [
                0.0,
                0.0,
                0.0,
                1.0
            ]
        ]
    },
    {
        "class": "Car",
        "extent": [
            1.1256572008132935,
            1.8354405164718628,
            0.3289288878440857
        ],
        "position": [
            5.262159764915443,
            27.48604694610149,
            -2.5366258121880647
        ],
        "yaw": 0.8294548607437321,
        "num_points": 0,
        "distance": 28.09995680825593,
        "speed": 4.905873115719447,
        "brake": 0.0,
        "id": 1382,
        "ego_matrix": [
            [
                0.999995768070221,
                -2.972231959574856e-05,
                -0.0029035762418061495,
                510.2439270019531
            ],
            [
                2.971755384351127e-05,
                1.0,
                -1.6841842125359108e-06,
                38.23421859741211
            ],
            [
                0.0029035762418061495,
                1.5978899909896427e-06,
                0.999995768070221,
                -0.0135407829657197
            ],
            [
                0.0,
                0.0,
                0.0,
                1.0
            ]
        ]
    },
    {
        "class": "Car",
        "extent": [
            2.098191261291504,
            6.273552894592285,
            2.3895740509033203
        ],
        "position": [
            1.0314348588291888,
            21.75866195638802,
            -2.529394681160036
        ],
        "yaw": 0.8290496374157921,
        "num_points": 29,
        "distance": 21.92945656995303,
        "speed": 8.054403859185364,
        "brake": 0.0,
        "id": 1426,
        "ego_matrix": [
            [
                0.9999990463256836,
                0.0003755049256142229,
                -0.0013465877855196595,
                511.6111145019531
            ],
            [
                -0.0003755053039640188,
                0.9999999403953552,
                -2.6980899292539107e-08,
                45.222259521484375
            ],
            [
                0.0013465876691043377,
                5.326317591425322e-07,
                0.9999991059303284,
                -0.003012485336512327
            ],
            [
                0.0,
                0.0,
                0.0,
                1.0
            ]
        ]
    },
    {
        "class": "Car",
        "extent": [
            1.0239027738571167,
            1.6428436040878296,
            0.3725162446498871
        ],
        "position": [
            19.610799444291846,
            11.842557111320179,
            -2.5398576574051357
        ],
        "yaw": 0.8288664119327946,
        "num_points": 0,
        "distance": 23.049522569871097,
        "speed": 4.100051131108691,
        "brake": 0.0,
        "id": 1441,
        "ego_matrix": [
            [
                0.9999830722808838,
                0.0005587215418927372,
                0.005785909481346607,
                531.4713134765625
            ],
            [
                -0.0005587217747233808,
                0.9999998211860657,
                -1.570057065691799e-06,
                38.21552276611328
            ],
            [
                -0.005785909481346607,
                -1.6626831893518101e-06,
                0.9999832510948181,
                -0.017756670713424683
            ],
            [
                0.0,
                0.0,
                0.0,
                1.0
            ]
        ]
    },
    {
        "class": "Car",
        "extent": [
            1.2765706777572632,
            2.3557403087615967,
            0.7636788487434387
        ],
        "position": [
            -20.27623145834,
            39.823844698777435,
            -2.559454555029117
        ],
        "yaw": 0.8292046333262161,
        "num_points": 0,
        "distance": 44.761757967753894,
        "speed": 4.731977945637095,
        "brake": 0.0,
        "id": 1455,
        "ego_matrix": [
            [
                0.9999951720237732,
                0.00022052632994018495,
                0.003114813007414341,
                483.898193359375
            ],
            [
                -0.00022050867846701294,
                1.0,
                -6.013168331264751e-06,
                48.73818588256836
            ],
            [
                -0.0031148141715675592,
                5.326295649865642e-06,
                0.9999951720237732,
                -0.030108889564871788
            ],
            [
                0.0,
                0.0,
                0.0,
                1.0
            ]
        ]
    },
    {
        "class": "Car",
        "extent": [
            1.8548461198806763,
            4.6045098304748535,
            1.9315931797027588
        ],
        "position": [
            -14.844518703603974,
            44.2601661742865,
            -2.5152105876884225
        ],
        "yaw": 0.8291055637986837,
        "num_points": 5,
        "distance": 46.75091795481158,
        "speed": 4.8341753333203155,
        "brake": 0.0,
        "id": 1470,
        "ego_matrix": [
            [
                0.9999998807907104,
                0.0003195794706698507,
                -0.00037622428499162197,
                484.29425048828125
            ],
            [
                -0.00031957923783920705,
                0.9999999403953552,
                6.556439871019393e-07,
                41.7361946105957
            ],
            [
                0.00037622448871843517,
                -5.354104359867051e-07,
                0.9999999403953552,
                0.010750217363238335
            ],
            [
                0.0,
                0.0,
                0.0,
                1.0
            ]
        ]
    },
    {
        "class": "Car",
        "extent": [
            1.4738311767578125,
            4.1928300857543945,
            1.8161858320236206
        ],
        "position": [
            -10.911921085775363,
            45.14371217929575,
            -2.529775602845819
        ],
        "yaw": 0.8293825324951607,
        "num_points": 0,
        "distance": 46.512627701625696,
        "speed": 4.483038609939525,
        "brake": 0.0,
        "id": 1506,
        "ego_matrix": [
            [
                0.9999998211860657,
                4.261087087797932e-05,
                -0.0005874633206985891,
                486.29827880859375
            ],
            [
                -4.261056164978072e-05,
                1.0,
                5.417904276328045e-07,
                38.23908233642578
            ],
            [
                0.0005874633206985891,
                -5.167581775822327e-07,
                0.9999998211860657,
                -0.005588321480900049
            ],
            [
                0.0,
                0.0,
                0.0,
                1.0
            ]
        ]
    },
    {
        "class": "Car",
        "extent": [
            1.5542958974838257,
            4.974244117736816,
            2.0384013652801514
        ],
        "position": [
            8.942185349867042,
            2.761577085291688,
            -2.5513879536527777
        ],
        "yaw": 0.8290475068544108,
        "num_points": 237,
        "distance": 9.700441604351289,
        "speed": 11.046742746088137,
        "brake": 0.0,
        "id": 1523,
        "ego_matrix": [
            [
                0.9999969005584717,
                0.0003776620142161846,
                -0.002465598750859499,
                530.9644165039062
            ],
            [
                -0.0003776350640691817,
                0.9999999403953552,
                1.1401302799640689e-05,
                52.21647644042969
            ],
            [
                0.0024656029418110847,
                -1.0470171218912583e-05,
                0.9999969601631165,
                -0.022531794384121895
            ],
            [
                0.0,
                0.0,
                0.0,
                1.0
            ]
        ]
    },
    {
        "class": "Car",
        "extent": [
            1.6355280876159668,
            5.0267767906188965,
            2.1515462398529053
        ],
        "position": [
            -4.509859352322117,
            22.622007906800363,
            -2.3992378483867927
        ],
        "yaw": 0.8291737406738259,
        "num_points": 19,
        "distance": 23.19160225957226,
        "speed": 6.777298625778786,
        "brake": 0.0,
        "id": 1556,
        "ego_matrix": [
            [
                0.9999666213989258,
                0.0002494888613000512,
                -0.008164968341588974,
                507.2323303222656
            ],
            [
                -0.000251393998041749,
                0.9999999403953552,
                -0.0002323054795851931,
                48.72612380981445
            ],
            [
                0.008164910599589348,
                0.0002343503583688289,
                0.9999666810035706,
                0.12903021275997162
            ],
            [
                0.0,
                0.0,
                0.0,
                1.0
            ]
        ]
    },
    {
        "class": "Car",
        "extent": [
            1.488319993019104,
            4.791779518127441,
            2.163450002670288
        ],
        "position": [
            22.954359074123623,
            -2.1690875837034342,
            -2.523515068463383
        ],
        "yaw": 0.8289319257281199,
        "num_points": 14,
        "distance": 23.194302527783407,
        "speed": 3.8552496225751702,
        "brake": 0.0,
        "id": 1557,
        "ego_matrix": [
            [
                0.9999998807907104,
                0.000493217317853123,
                8.785726095084101e-05,
                544.0634155273438
            ],
            [
                -0.000493217317853123,
                0.9999998807907104,
                -3.031217943316733e-09,
                45.21155548095703
            ],
            [
                -8.785724639892578e-05,
                -4.0301500803252566e-08,
                1.0,
                0.0013713263906538486
            ],
            [
                0.0,
                0.0,
                0.0,
                1.0
            ]
        ]
    },
    {
        "class": "Car",
        "extent": [
            2.098191261291504,
            6.273552894592285,
            2.3895740509033203
        ],
        "position": [
            -2.4626946042906432,
            35.930775625851915,
            -2.526631122205291
        ],
        "yaw": 0.8292270038793728,
        "num_points": 5,
        "distance": 36.103592156695605,
        "speed": 4.712172436024698,
        "brake": 0.0,
        "id": 1580,
        "ego_matrix": [
            [
                0.9999999403953552,
                0.00019813928520306945,
                -0.0002617834834381938,
                498.7989807128906
            ],
            [
                -0.00019813916878774762,
                1.0,
                4.6075084014773893e-07,
                38.228904724121094
            ],
            [
                0.00026178357074968517,
                -4.088812204372516e-07,
                0.9999999403953552,
                -0.0030229378025978804
            ],
            [
                0.0,
                0.0,
                0.0,
                1.0
            ]
        ]
    },
    {
        "class": "Car",
        "extent": [
            1.0239027738571167,
            1.6428436040878296,
            0.3725162446498871
        ],
        "position": [
            -15.00996356455801,
            28.88740938516869,
            -2.54825207813139
        ],
        "yaw": 0.8295535333714305,
        "num_points": 1,
        "distance": 32.65386678250207,
        "speed": 4.100049495158001,
        "brake": 0.0,
        "id": 1581,
        "ego_matrix": [
            [
                0.9999832510948181,
                -0.00012837490066885948,
                0.005788056179881096,
                495.5205993652344
            ],
            [
                0.00012838815746363252,
                1.0,
                -1.9200306269340217e-06,
                52.23945236206055
            ],
            [
                -0.005788055714219809,
                2.6631162199919345e-06,
                0.9999832510948181,
                -0.017756804823875427
            ],
            [
                0.0,
                0.0,
                0.0,
                1.0
            ]
        ]
    },
    {
        "class": "Car",
        "extent": [
            1.3787471055984497,
            2.2072951793670654,
            1.4809197187423706
        ],
        "position": [
            -6.49016496175652,
            35.13166499635011,
            -2.522395789576794
        ],
        "yaw": 0.8293441829673363,
        "num_points": 0,
        "distance": 35.81506117774837,
        "speed": 5.018979651325263,
        "brake": 0.0,
        "id": 1583,
        "ego_matrix": [
            [
                0.999975860118866,
                8.094899385469034e-05,
                -0.00694638816639781,
                496.6686096191406
            ],
            [
                -8.095813973341137e-05,
                1.0,
                -1.0355164477005019e-06,
                41.738975524902344
            ],
            [
                0.00694638816639781,
                1.5978581586750806e-06,
                0.999975860118866,
                0.0029979513492435217
            ],
            [
                0.0,
                0.0,
                0.0,
                1.0
            ]
        ]
    },
    {
        "class": "Car",
        "extent": [
            2.0377910137176514,
            4.4804368019104,
            2.069315195083618
        ],
        "position": [
            -9.403110442755652,
            33.123361734111135,
            -2.5244927118628073
        ],
        "yaw": 0.8294611002823641,
        "num_points": 5,
        "distance": 34.524609223272705,
        "speed": 4.923653464531366,
        "brake": 0.0,
        "id": 1587,
        "ego_matrix": [
            [
                1.0,
                -3.5958215448772535e-05,
                -0.00023400766076520085,
                496.1827087402344
            ],
            [
                3.595721864257939e-05,
                1.0,
                -4.269471446605166e-06,
                45.24360656738281
            ],
            [
                0.00023400782083626837,
                4.261057256371714e-06,
                1.0,
                0.0026084326673299074
            ],
            [
                0.0,
                0.0,
                0.0,
                1.0
            ]
        ]
    },
    {
        "class": "Car",
        "extent": [
            1.0239027738571167,
            1.6428436040878296,
            0.3725162446498871
        ],
        "position": [
            29.93180574717513,
            -9.788124100664472,
            -2.5422296638386497
        ],
        "yaw": 0.8295271852415441,
        "num_points": 2,
        "distance": 31.59403900042437,
        "speed": 4.401193722654321,
        "brake": 0.0,
        "id": 1594,
        "ego_matrix": [
            [
                0.9999754428863525,
                -0.00010201977420365438,
                0.007009925786405802,
                554.3946533203125
            ],
            [
                0.00010203967394772917,
                1.0,
                -2.480485363776097e-06,
                45.21052932739258
            ],
            [
                -0.0070099253207445145,
                3.1957149531081086e-06,
                0.9999754428863525,
                -0.01781831681728363
            ],
            [
                0.0,
                0.0,
                0.0,
                1.0
            ]
        ]
    },
    {
        "class": "Car",
        "extent": [
            1.300939917564392,
            4.717525005340576,
            1.894826889038086
        ],
        "position": [
            9.50783193298259,
            7.326025740272274,
            -2.5326939959381156
        ],
        "yaw": 0.829121542732715,
        "num_points": 112,
        "distance": 12.267194466952759,
        "speed": 6.851716223302836,
        "brake": 0.0,
        "id": 1614,
        "ego_matrix": [
            [
                0.9999999403953552,
                0.0003036003326997161,
                2.2411417376133613e-05,
                527.9799194335938
            ],
            [
                -0.0003036003326997161,
                0.9999999403953552,
                2.402355505637388e-07,
                48.7169075012207
            ],
            [
                -2.241134461655747e-05,
                -2.470396793796681e-07,
                1.0,
                -0.005383396055549383
            ],
            [
                0.0,
                0.0,
                0.0,
                1.0
            ]
        ]
    },
    {
        "class": "Car",
        "extent": [
            1.6171096563339233,
            3.987684965133667,
            1.8508483171463013
        ],
        "position": [
            15.815900608794632,
            10.817793987338014,
            -2.4853166546075967
        ],
        "yaw": 0.828743906522651,
        "num_points": 28,
        "distance": 19.322116284026105,
        "speed": 9.896522840378836,
        "brake": 0.0,
        "id": 1617,
        "ego_matrix": [
            [
                0.9999996423721313,
                0.000681237899698317,
                -0.0004347539506852627,
                529.6644287109375
            ],
            [
                -0.0006812364445067942,
                0.9999997615814209,
                3.5628618206828833e-06,
                41.7064208984375
            ],
            [
                0.0004347562789916992,
                -3.2666901006450644e-06,
                0.9999998807907104,
                0.038545817136764526
            ],
            [
                0.0,
                0.0,
                0.0,
                1.0
            ]
        ]
    },
    {
        "class": "Car",
        "extent": [
            1.2765706777572632,
            2.3557403087615967,
            0.7636788487434387
        ],
        "position": [
            19.89936096866225,
            -4.015415937429836,
            -2.556710444315223
        ],
        "yaw": 0.8289255341089944,
        "num_points": 6,
        "distance": 20.460813776772287,
        "speed": 4.731976578884109,
        "brake": 0.0,
        "id": 1625,
        "ego_matrix": [
            [
                0.9999950528144836,
                0.000499630463309586,
                0.00311314151622355,
                543.3621215820312
            ],
            [
                -0.0004996065399609506,
                0.9999998807907104,
                -8.479572898068e-06,
                48.71158981323242
            ],
            [
                -0.003113145474344492,
                6.924184617673745e-06,
                0.9999951720237732,
                -0.030108965933322906
            ],
            [
                0.0,
                0.0,
                0.0,
                1.0
            ]
        ]
    },
    {
        "class": "Car",
        "extent": [
            1.5107464790344238,
            4.901683330535889,
            2.128324270248413
        ],
        "position": [
            -22.064639429337376,
            36.59648725536806,
            -2.4974290502211307
        ],
        "yaw": 0.8293164860919995,
        "num_points": 9,
        "distance": 42.80640541367465,
        "speed": 3.550605672459161,
        "brake": 0.0,
        "id": 1653,
        "ego_matrix": [
            [
                0.9999999403953552,
                0.00010865676449611783,
                0.000261545239482075,
                485.07080078125
            ],
            [
                -0.00010865696094697341,
                1.0,
                7.600932008244854e-07,
                52.23661804199219
            ],
            [
                -0.0002615451521705836,
                -7.885118407102709e-07,
                0.9999999403953552,
                0.033544864505529404
            ],
            [
                0.0,
                0.0,
                0.0,
                1.0
            ]
        ]
    },
    {
        "class": "Car",
        "extent": [
            1.385296106338501,
            4.181210041046143,
            1.9941171407699585
        ],
        "position": [
            -46.899077794910475,
            -12.945798278733221,
            -2.566629311331761
        ],
        "yaw": -0.3317517080458793,
        "num_points": 0,
        "distance": 48.72068120530032,
        "speed": 4.6603613412845,
        "brake": 0.0,
        "id": 1654,
        "ego_matrix": [
            [
                0.39826035499572754,
                0.9172723889350891,
                7.189549069153145e-05,
                504.8396911621094
            ],
            [
                -0.9172723889350891,
                0.39826035499572754,
                4.992983303964138e-05,
                104.00901794433594
            ],
            [
                1.7166135876323096e-05,
                -8.583282760810107e-05,
                1.0,
                -0.011670436710119247
            ],
            [
                0.0,
                0.0,
                0.0,
                1.0
            ]
        ]
    }
]