[
    {
        "class": "Car",
        "extent": [
            1.5107464790344238,
            4.901683330535889,
            2.128324270248413
        ],
        "position": [
            -1.3,
            0.0,
            -2.5
        ],
        "yaw": 0,
        "num_points": -1,
        "distance": -1,
        "speed": 3.1199704492878504,
        "brake": 0.0,
        "id": 1374,
        "ego_matrix": [
            [
                0.708544909954071,
                0.7056655287742615,
                -0.0005643367767333984,
                527.1502685546875
            ],
            [
                -0.705665647983551,
                0.7085450291633606,
                -0.00010849676618818194,
                60.61296844482422
            ],
            [
                0.0003232955641578883,
                0.00047510789590887725,
                0.9999998211860657,
                0.0332564152777195
            ],
            [
                0.0,
                0.0,
                0.0,
                1.0
            ]
        ]
    },
    {
        "class": "Car",
        "extent": [
            1.1256572008132935,
            1.8354405164718628,
            0.3289288878440857
        ],
        "position": [
            4.2798895744430405,
            26.02689563346316,
            -2.5354235201726247
        ],
        "yaw": 0.7833558517359859,
        "num_points": 0,
        "distance": 26.498021124439735,
        "speed": 5.105472790624649,
        "brake": 0.0,
        "id": 1382,
        "ego_matrix": [
            [
                0.9999962449073792,
                6.3842994677543174e-06,
                -0.0027365649584680796,
                512.7376098632812
            ],
            [
                -6.391563147190027e-06,
                1.0,
                -2.6456698378751753e-06,
                38.23421096801758
            ],
            [
                0.0027365649584680796,
                2.663150780790602e-06,
                0.9999962449073792,
                -0.012728729285299778
            ],
            [
                0.0,
                0.0,
                0.0,
                1.0
            ]
        ]
    },
    {
        "class": "Car",
        "extent": [
            2.098191261291504,
            6.273552894592285,
            2.3895740509033203
        ],
        "position": [
            1.5688345537242891,
            18.86594915618814,
            -2.5282338645407605
        ],
        "yaw": 0.7829909986996623,
        "num_points": 64,
        "distance": 19.099142543440166,
        "speed": 8.946470921561662,
        "brake": 0.0,
        "id": 1426,
        "ego_matrix": [
            [
                0.9999990463256836,
                0.0003712438920047134,
                -0.0013508792035281658,
                515.8699340820312
            ],
            [
                -0.0003712442994583398,
                0.9999999403953552,
                -3.112558033535606e-08,
                45.221160888671875
            ],
            [
                0.001350879087112844,
                5.326317591425322e-07,
                0.9999991059303284,
                -0.0030133246909826994
            ],
            [
                0.0,
                0.0,
                0.0,
                1.0
            ]
        ]
    },
    {
        "class": "Car",
        "extent": [
            1.0239027738571167,
            1.6428436040878296,
            0.3725162446498871
        ],
        "position": [
            19.026481175559248,
            11.36826022710702,
            -2.552168185545107
        ],
        "yaw": 0.7828056426552834,
        "num_points": 0,
        "distance": 22.31048831743587,
        "speed": 4.129027825090051,
        "brake": 0.0,
        "id": 1441,
        "ego_matrix": [
            [
                0.9999847412109375,
                0.0005565914907492697,
                0.005488129332661629,
                533.5303344726562
            ],
            [
                -0.0005565923056565225,
                0.9999998211860657,
                -1.378408114760532e-06,
                38.214351654052734
            ],
            [
                -0.005488129332661629,
                -1.6762636505518458e-06,
                0.9999849200248718,
                -0.017741451039910316
            ],
            [
                0.0,
                0.0,
                0.0,
                1.0
            ]
        ]
    },
    {
        "class": "Car",
        "extent": [
            1.2765706777572632,
            2.3557403087615967,
            0.7636788487434387
        ],
        "position": [
            -21.889253071583628,
            37.26560262204897,
            -2.539003753785344
        ],
        "yaw": 0.7831417335848514,
        "num_points": 3,
        "distance": 43.29331448246983,
        "speed": 4.734407896401467,
        "brake": 0.0,
        "id": 1455,
        "ego_matrix": [
            [
                0.9999951720237732,
                0.00022052632994018495,
                0.003114813007414341,
                486.26483154296875
            ],
            [
                -0.00022050867846701294,
                1.0,
                -6.013168331264751e-06,
                48.73774719238281
            ],
            [
                -0.0031148141715675592,
                5.326295649865642e-06,
                0.9999951720237732,
                -0.030108928680419922
            ],
            [
                0.0,
                0.0,
                0.0,
                1.0
            ]
        ]
    },
    {
        "class": "Car",
        "extent": [
            1.8548461198806763,
            4.6045098304748535,
            1.9315931797027588
        ],
        "position": [
            -16.620288786645716,
            41.90046005517108,
            -2.4979971201207993
        ],
        "yaw": 0.7830447945211726,
        "num_points": 3,
        "distance": 45.145570566763475,
        "speed": 4.972741644507208,
        "brake": 0.0,
        "id": 1470,
        "ego_matrix": [
            [
                0.9999980926513672,
                0.0003174497978761792,
                -0.0019128306303173304,
                486.7274475097656
            ],
            [
                -0.00031744822626933455,
                0.9999999403953552,
                1.130743157773395e-06,
                41.73561096191406
            ],
            [
                0.001912830863147974,
                -5.235163484940131e-07,
                0.999998152256012,
                0.010399074293673038
            ],
            [
                0.0,
                0.0,
                0.0,
                1.0
            ]
        ]
    },
    {
        "class": "Car",
        "extent": [
            1.4738311767578125,
            4.1928300857543945,
            1.8161858320236206
        ],
        "position": [
            -12.802780060890395,
            43.03337621205996,
            -2.5146599979738715
        ],
        "yaw": 0.7833308180202152,
        "num_points": 0,
        "distance": 44.96783473107896,
        "speed": 4.78475548979294,
        "brake": 0.0,
        "id": 1506,
        "ego_matrix": [
            [
                0.9999999403953552,
                3.14255194098223e-05,
                -0.00030291074654087424,
                488.63287353515625
            ],
            [
                -3.142529749311507e-05,
                1.0,
                7.332999985010247e-07,
                38.23900604248047
            ],
            [
                0.0003029107756447047,
                -7.23780885891756e-07,
                0.9999999403953552,
                -0.005567874759435654
            ],
            [
                0.0,
                0.0,
                0.0,
                1.0
            ]
        ]
    },
    {
        "class": "Car",
        "extent": [
            1.5542958974838257,
            4.974244117736816,
            2.0384013652801514
        ],
        "position": [
            11.388063465634051,
            -0.7836487860166288,
            -2.5603027383378993
        ],
        "yaw": 0.782982476584174,
        "num_points": 114,
        "distance": 11.698600131172743,
        "speed": 11.832457052995641,
        "brake": 0.0,
        "id": 1523,
        "ego_matrix": [
            [
                0.9999967217445374,
                0.00037979838089086115,
                -0.0025412957184016705,
                536.693359375
            ],
            [
                -0.0003797655226662755,
                0.9999999403953552,
                1.3418261914921459e-05,
                52.21469497680664
            ],
            [
                0.002541300607845187,
                -1.2453121598809958e-05,
                0.9999967813491821,
                -0.022572001442313194
            ],
            [
                0.0,
                0.0,
                0.0,
                1.0
            ]
        ]
    },
    {
        "class": "Car",
        "extent": [
            1.6355280876159668,
            5.0267767906188965,
            2.1515462398529053
        ],
        "position": [
            -4.501684540976605,
            19.965908281571036,
            -2.3935138045657927
        ],
        "yaw": 0.783119895696422,
        "num_points": 31,
        "distance": 20.606590342587527,
        "speed": 7.325148125221631,
        "brake": 0.0,
        "id": 1556,
        "ego_matrix": [
            [
                0.9999714493751526,
                0.00024057745758909732,
                -0.00755332363769412,
                510.79241943359375
            ],
            [
                -0.00024234071315731853,
                1.0,
                -0.00023252764367498457,
                48.72553253173828
            ],
            [
                0.007553266827017069,
                0.00023435146431438625,
                0.9999714493751526,
                0.12922154366970062
            ],
            [
                0.0,
                0.0,
                0.0,
                1.0
            ]
        ]
    },
    {
        "class": "Car",
        "extent": [
            1.488319993019104,
            4.791779518127441,
            2.163450002670288
        ],
        "position": [
            22.998266981807927,
            -2.4614104758362645,
            -2.5410510439937513
        ],
        "yaw": 0.7828690259217366,
        "num_points": 8,
        "distance": 23.268772337733136,
        "speed": 4.459001842428976,
        "brake": 0.0,
        "id": 1557,
        "ego_matrix": [
            [
                0.9999998211860657,
                0.0004932173760607839,
                -0.0003311633481644094,
                546.1036376953125
            ],
            [
                -0.000493217317853123,
                0.9999998807907104,
                2.3203746479794063e-07,
                45.210540771484375
            ],
            [
                0.0003311634063720703,
                -6.87019223732932e-08,
                0.9999999403953552,
                0.0012303352123126388
            ],
            [
                0.0,
                0.0,
                0.0,
                1.0
            ]
        ]
    },
    {
        "class": "Car",
        "extent": [
            2.098191261291504,
            6.273552894592285,
            2.3895740509033203
        ],
        "position": [
            -3.761980521779236,
            34.04427252373102,
            -2.5190515955239583
        ],
        "yaw": 0.7831678325635342,
        "num_points": 9,
        "distance": 34.344003989884826,
        "speed": 5.61473921552767,
        "brake": 0.0,
        "id": 1580,
        "ego_matrix": [
            [
                0.9999988675117493,
                0.00019441133190412074,
                -0.001510142465122044,
                501.3819885253906
            ],
            [
                -0.0001944105461006984,
                1.0,
                6.734650241924101e-07,
                38.22840881347656
            ],
            [
                0.001510142581537366,
                -3.798766385898489e-07,
                0.9999988675117493,
                -0.002765827113762498
            ],
            [
                0.0,
                0.0,
                0.0,
                1.0
            ]
        ]
    },
    {
        "class": "Car",
        "extent": [
            1.0239027738571167,
            1.6428436040878296,
            0.3725162446498871
        ],
        "position": [
            -16.34337791171455,
            26.79984892056097,
            -2.5334017656713455
        ],
        "yaw": 0.7834593551899234,
        "num_points": 4,
        "distance": 31.49215820226233,
        "speed": 4.1290280962891615,
        "brake": 0.0,
        "id": 1581,
        "ego_matrix": [
            [
                0.9999849200248718,
                -9.708847210276872e-05,
                0.00549027556553483,
                497.57965087890625
            ],
            [
                9.711040183901787e-05,
                1.0,
                -3.727886451088125e-06,
                52.23966979980469
            ],
            [
                -0.005490275099873543,
                4.260993136995239e-06,
                0.9999849200248718,
                -0.017741622403264046
            ],
            [
                0.0,
                0.0,
                0.0,
                1.0
            ]
        ]
    },
    {
        "class": "Car",
        "extent": [
            1.3787471055984497,
            2.2072951793670654,
            1.4809197187423706
        ],
        "position": [
            -7.802532991927748,
            33.11416727152244,
            -2.5124890744658024
        ],
        "yaw": 0.7832658369079037,
        "num_points": 0,
        "distance": 34.113636518638685,
        "speed": 5.050719568075572,
        "brake": 0.0,
        "id": 1583,
        "ego_matrix": [
            [
                0.9999825358390808,
                9.639697964303195e-05,
                -0.005906189326196909,
                499.1754150390625
            ],
            [
                -9.640473581384867e-05,
                1.0,
                -1.0285023108735913e-06,
                41.73870849609375
            ],
            [
                0.005906189326196909,
                1.5978689589246642e-06,
                0.9999825358390808,
                0.0029323005583137274
            ],
            [
                0.0,
                0.0,
                0.0,
                1.0
            ]
        ]
    },
    {
        "class": "Car",
        "extent": [
            2.0377910137176514,
            4.4804368019104,
            2.069315195083618
        ],
        "position": [
            -10.651636378263145,
            31.005063037102307,
            -2.512893930140021
        ],
        "yaw": 0.7833743987632742,
        "num_points": 12,
        "distance": 32.879871158104635,
        "speed": 4.925675732077932,
        "brake": 0.0,
        "id": 1587,
        "ego_matrix": [
            [
                1.0,
                -1.2156437151134014e-05,
                -0.00023400776262860745,
                498.64501953125
            ],
            [
                1.2155440344940871e-05,
                1.0,
                -4.263901701051509e-06,
                45.24361801147461
            ],
            [
                0.00023400782083626837,
                4.261057256371714e-06,
                1.0,
                0.002608394483104348
            ],
            [
                0.0,
                0.0,
                0.0,
                1.0
            ]
        ]
    },
    {
        "class": "Car",
        "extent": [
            1.0239027738571167,
            1.6428436040878296,
            0.3725162446498871
        ],
        "position": [
            30.471314752682776,
            -9.904280219643661,
            -2.566021770703389
        ],
        "yaw": 0.78343819461631,
        "num_points": 2,
        "distance": 32.143121459404206,
        "speed": 4.595786885230114,
        "brake": 0.0,
        "id": 1594,
        "ego_matrix": [
            [
                0.9999793171882629,
                -7.591703615617007e-05,
                0.006431416142731905,
                556.6508178710938
            ],
            [
                7.594971975777298e-05,
                1.0,
                -4.837846972804982e-06,
                45.21067810058594
            ],
            [
                -0.006431415677070618,
                5.326211066858377e-06,
                0.9999793171882629,
                -0.017788218334317207
            ],
            [
                0.0,
                0.0,
                0.0,
                1.0
            ]
        ]
    },
    {
        "class": "Car",
        "extent": [
            1.300939917564392,
            4.717525005340576,
            1.894826889038086
        ],
        "position": [
            10.081576040711745,
            5.4552728636665515,
            -2.5397370859178774
        ],
        "yaw": 0.7830586429913503,
        "num_points": 123,
        "distance": 11.740887613264015,
        "speed": 6.7150966501153455,
        "brake": 0.0,
        "id": 1614,
        "ego_matrix": [
            [
                0.9999999403953552,
                0.0003036003326997161,
                7.9871024354361e-06,
                531.3650512695312
            ],
            [
                -0.0003036003326997161,
                0.9999999403953552,
                2.6683360943025036e-07,
                48.71607971191406
            ],
            [
                -7.987021490407642e-06,
                -2.6925849283543357e-07,
                1.0,
                -0.005392894614487886
            ],
            [
                0.0,
                0.0,
                0.0,
                1.0
            ]
        ]
    },
    {
        "class": "Car",
        "extent": [
            1.6171096563339233,
            3.987684965133667,
            1.8508483171463013
        ],
        "position": [
            17.45156968891306,
            8.013251714381015,
            -2.4969632980310847
        ],
        "yaw": 0.7826277434294475,
        "num_points": 26,
        "distance": 19.365028101108805,
        "speed": 10.549516547074225,
        "brake": 0.0,
        "id": 1617,
        "ego_matrix": [
            [
                0.9999995827674866,
                0.0007345012854784727,
                -0.0004295084218028933,
                534.7819213867188
            ],
            [
                -0.000734499713871628,
                0.9999997019767761,
                3.72195381714846e-06,
                41.702880859375
            ],
            [
                0.0004295110411476344,
                -3.4064785268128617e-06,
                0.9999998807907104,
                0.03854825720191002
            ],
            [
                0.0,
                0.0,
                0.0,
                1.0
            ]
        ]
    },
    {
        "class": "Car",
        "extent": [
            1.2765706777572632,
            2.3557403087615967,
            0.7636788487434387
        ],
        "position": [
            20.262895373900424,
            -4.67667826356674,
            -2.5725585075703994
        ],
        "yaw": 0.7828626343676297,
        "num_points": 7,
        "distance": 20.95409997564738,
        "speed": 4.734407003589402,
        "brake": 0.0,
        "id": 1625,
        "ego_matrix": [
            [
                0.9999950528144836,
                0.000499630463309586,
                0.00311314151622355,
                545.728759765625
            ],
            [
                -0.0004996065399609506,
                0.9999998807907104,
                -8.479572898068e-06,
                48.710418701171875
            ],
            [
                -0.003113145474344492,
                6.924184617673745e-06,
                0.9999951720237732,
                -0.030108965933322906
            ],
            [
                0.0,
                0.0,
                0.0,
                1.0
            ]
        ]
    },
    {
        "class": "Car",
        "extent": [
            1.5107464790344238,
            4.901683330535889,
            2.128324270248413
        ],
        "position": [
            -23.82453570314265,
            34.25517868987777,
            -2.4766036650868983
        ],
        "yaw": 0.7832535863587621,
        "num_points": 3,
        "distance": 41.79903508766317,
        "speed": 4.234852419636473,
        "brake": 0.0,
        "id": 1653,
        "ego_matrix": [
            [
                0.9999998211860657,
                0.00010865760123124346,
                -0.0006421802099794149,
                487.0179138183594
            ],
            [
                -0.00010865693911910057,
                1.0,
                1.0675028079276672e-06,
                52.23642349243164
            ],
            [
                0.0006421803263947368,
                -9.977252375392709e-07,
                0.9999998211860657,
                0.03309575840830803
            ],
            [
                0.0,
                0.0,
                0.0,
                1.0
            ]
        ]
    },
    {
        "class": "Car",
        "extent": [
            1.385296106338501,
            4.181210041046143,
            1.9941171407699585
        ],
        "position": [
            -45.573653989375636,
            -14.122035557986191,
            -2.537323177168222
        ],
        "yaw": -0.387327419201007,
        "num_points": 0,
        "distance": 47.77894761450649,
        "speed": 4.6630824461012415,
        "brake": 0.0,
        "id": 1654,
        "ego_matrix": [
            [
                0.38951656222343445,
                0.9210194945335388,
                3.6500267015071586e-05,
                505.745849609375
            ],
            [
                -0.9210194945335388,
                0.38951656222343445,
                3.4333708754274994e-05,
                101.86146545410156
            ],
            [
                1.7404556274414062e-05,
                -4.699100099969655e-05,
                1.0,
                -0.011670742183923721
            ],
            [
                0.0,
                0.0,
                0.0,
                1.0
            ]
        ]
    }
]