[
    {
        "class": "Car",
        "extent": [
            1.5107464790344238,
            4.901683330535889,
            2.128324270248413
        ],
        "position": [
            -1.3,
            0.0,
            -2.5
        ],
        "yaw": 0,
        "num_points": -1,
        "distance": -1,
        "speed": 2.927508208654616,
        "brake": 0.0,
        "id": 1374,
        "ego_matrix": [
            [
                0.7376105785369873,
                0.6752263307571411,
                -0.0002215616259491071,
                528.2257080078125
            ],
            [
                -0.6752263307571411,
                0.7376105785369873,
                -0.0001235686067957431,
                59.66495132446289
            ],
            [
                7.99894260126166e-05,
                0.0002407497668173164,
                1.0,
                0.03337749466300011
            ],
            [
                0.0,
                0.0,
                0.0,
                1.0
            ]
        ]
    },
    {
        "class": "Car",
        "extent": [
            1.1256572008132935,
            1.8354405164718628,
            0.3289288878440857
        ],
        "position": [
            3.6359855369166816,
            24.535917540706045,
            -2.540807622077252
        ],
        "yaw": 0.7412145232752342,
        "num_points": 0,
        "distance": 24.933658852270355,
        "speed": 5.016605512012248,
        "brake": 0.0,
        "id": 1382,
        "ego_matrix": [
            [
                0.9999927282333374,
                5.696525113307871e-05,
                -0.003812780836597085,
                515.2992553710938
            ],
            [
                -5.6991237215697765e-05,
                1.0,
                -6.706922249577474e-06,
                38.23409652709961
            ],
            [
                0.0038127803709357977,
                6.9241682467691135e-06,
                0.9999927282333374,
                -0.012942314147949219
            ],
            [
                0.0,
                0.0,
                0.0,
                1.0
            ]
        ]
    },
    {
        "class": "Car",
        "extent": [
            2.098191261291504,
            6.273552894592285,
            2.3895740509033203
        ],
        "position": [
            2.8050264928312414,
            15.825623562432323,
            -2.5328976448046423
        ],
        "yaw": 0.7409055966253579,
        "num_points": 83,
        "distance": 16.270651653955202,
        "speed": 9.811775478245972,
        "brake": 0.0,
        "id": 1426,
        "ego_matrix": [
            [
                0.9999990463256836,
                0.0003659175999928266,
                -0.0013210771139711142,
                520.5677490234375
            ],
            [
                -0.0003659179783426225,
                0.9999999403953552,
                -4.922583229927113e-08,
                45.21998596191406
            ],
            [
                0.0013210769975557923,
                5.326317022991134e-07,
                0.9999991059303284,
                -0.003001804230734706
            ],
            [
                0.0,
                0.0,
                0.0,
                1.0
            ]
        ]
    },
    {
        "class": "Car",
        "extent": [
            1.0239027738571167,
            1.6428436040878296,
            0.3725162446498871
        ],
        "position": [
            18.595435704435502,
            10.869995594065454,
            -2.550042192523129
        ],
        "yaw": 0.7407186426843251,
        "num_points": 0,
        "distance": 21.689853582641934,
        "speed": 3.987200493653642,
        "brake": 0.0,
        "id": 1441,
        "ego_matrix": [
            [
                0.9999898076057434,
                0.0005528639885596931,
                0.004477843176573515,
                535.5610961914062
            ],
            [
                -0.000552866724319756,
                0.9999998211860657,
                -6.324306696114945e-07,
                38.21321105957031
            ],
            [
                -0.004477843176573515,
                -1.8432265278534032e-06,
                0.9999899864196777,
                -0.01769021898508072
            ],
            [
                0.0,
                0.0,
                0.0,
                1.0
            ]
        ]
    },
    {
        "class": "Car",
        "extent": [
            1.2765706777572632,
            2.3557403087615967,
            0.7636788487434387
        ],
        "position": [
            -23.125601513365424,
            34.79460821139885,
            -2.55336381639347
        ],
        "yaw": 0.741051005188367,
        "num_points": 1,
        "distance": 41.85663475147735,
        "speed": 4.7368368946428925,
        "brake": 0.0,
        "id": 1455,
        "ego_matrix": [
            [
                0.9999951720237732,
                0.00022052632994018495,
                0.003114813007414341,
                488.6326904296875
            ],
            [
                -0.00022050867846701294,
                1.0,
                -6.013168331264751e-06,
                48.737308502197266
            ],
            [
                -0.0031148141715675592,
                5.326295649865642e-06,
                0.9999951720237732,
                -0.030108928680419922
            ],
            [
                0.0,
                0.0,
                0.0,
                1.0
            ]
        ]
    },
    {
        "class": "Car",
        "extent": [
            1.8548461198806763,
            4.6045098304748535,
            1.9315931797027588
        ],
        "position": [
            -17.957421265559358,
            39.55672569849285,
            -2.5111423164727573
        ],
        "yaw": 0.7409540661246882,
        "num_points": 4,
        "distance": 43.514473020227975,
        "speed": 5.019902877956063,
        "brake": 0.0,
        "id": 1470,
        "ego_matrix": [
            [
                0.9999998211860657,
                0.00031744909938424826,
                -0.0004837510350625962,
                489.2292785644531
            ],
            [
                -0.00031744877924211323,
                0.9999999403953552,
                7.462129474333778e-07,
                41.735023498535156
            ],
            [
                0.0004837512387894094,
                -5.926466997152602e-07,
                0.9999998807907104,
                0.011379489675164223
            ],
            [
                0.0,
                0.0,
                0.0,
                1.0
            ]
        ]
    },
    {
        "class": "Car",
        "extent": [
            1.4738311767578125,
            4.1928300857543945,
            1.8161858320236206
        ],
        "position": [
            -14.252062976873505,
            40.904505200398305,
            -2.5280480897019038
        ],
        "yaw": 0.7412438180533206,
        "num_points": 1,
        "distance": 43.38998584846538,
        "speed": 4.873012989001518,
        "brake": 0.0,
        "id": 1506,
        "ego_matrix": [
            [
                1.0,
                2.769699494820088e-05,
                -0.00011610981164267287,
                491.0523376464844
            ],
            [
                -2.7696873075910844e-05,
                1.0,
                1.0476317129359813e-06,
                38.23893356323242
            ],
            [
                0.00011610984074650332,
                -1.04441585335735e-06,
                1.0,
                -0.005554370582103729
            ],
            [
                0.0,
                0.0,
                0.0,
                1.0
            ]
        ]
    },
    {
        "class": "Car",
        "extent": [
            1.5542958974838257,
            4.974244117736816,
            2.0384013652801514
        ],
        "position": [
            14.329603605274261,
            -4.204666729697273,
            -2.5591706470909465
        ],
        "yaw": 0.7408933460843437,
        "num_points": 39,
        "distance": 15.15143940993872,
        "speed": 11.747453996566794,
        "brake": 0.0,
        "id": 1523,
        "ego_matrix": [
            [
                0.9999904036521912,
                0.0003784063155762851,
                -0.004362070932984352,
                542.5933837890625
            ],
            [
                -0.00037816521944478154,
                0.9999999403953552,
                5.609498475678265e-05,
                52.21284484863281
            ],
            [
                0.004362091887742281,
                -5.444485941552557e-05,
                0.9999904632568359,
                -0.02353067323565483
            ],
            [
                0.0,
                0.0,
                0.0,
                1.0
            ]
        ]
    },
    {
        "class": "Car",
        "extent": [
            1.6355280876159668,
            5.0267767906188965,
            2.1515462398529053
        ],
        "position": [
            -4.03363785383824,
            17.33410369924594,
            -2.399674068506326
        ],
        "yaw": 0.7410334283414272,
        "num_points": 43,
        "distance": 17.958280013052203,
        "speed": 7.485124957718544,
        "brake": 0.0,
        "id": 1556,
        "ego_matrix": [
            [
                0.9999735951423645,
                0.00023638362472411245,
                -0.00726651307195425,
                514.5048828125
            ],
            [
                -0.00023808029072824866,
                1.0,
                -0.00023262811009772122,
                48.724945068359375
            ],
            [
                0.007266457192599773,
                0.00023435197363141924,
                0.9999735951423645,
                0.12931157648563385
            ],
            [
                0.0,
                0.0,
                0.0,
                1.0
            ]
        ]
    },
    {
        "class": "Car",
        "extent": [
            1.488319993019104,
            4.791779518127441,
            2.163450002670288
        ],
        "position": [
            23.47654789126619,
            -3.0830954943783495,
            -2.5340495156645613
        ],
        "yaw": 0.7407772323258347,
        "num_points": 15,
        "distance": 23.81334049784303,
        "speed": 5.342129808949417,
        "brake": 0.0,
        "id": 1557,
        "ego_matrix": [
            [
                0.9999998211860657,
                0.0004942826344631612,
                -0.00037729725590907037,
                548.5829467773438
            ],
            [
                -0.0004942825180478394,
                0.9999998807907104,
                3.001645438871492e-07,
                45.20930099487305
            ],
            [
                0.0003772973723243922,
                -1.1367303898168757e-07,
                0.9999999403953552,
                0.002052097348496318
            ],
            [
                0.0,
                0.0,
                0.0,
                1.0
            ]
        ]
    },
    {
        "class": "Car",
        "extent": [
            2.098191261291504,
            6.273552894592285,
            2.3895740509033203
        ],
        "position": [
            -4.503151488089878,
            31.995157680859126,
            -2.527864683956377
        ],
        "yaw": 0.7410776367992679,
        "num_points": 7,
        "distance": 32.40923615588801,
        "speed": 5.63124126854844,
        "brake": 0.3299822211265564,
        "id": 1580,
        "ego_matrix": [
            [
                1.0,
                0.00019387801876291633,
                0.00021147738152649254,
                504.2590637207031
            ],
            [
                -0.00019387812062632293,
                1.0,
                4.633217258742661e-07,
                38.227840423583984
            ],
            [
                -0.00021147727966308594,
                -5.043225428380538e-07,
                1.0,
                -0.00244623189792037
            ],
            [
                0.0,
                0.0,
                0.0,
                1.0
            ]
        ]
    },
    {
        "class": "Car",
        "extent": [
            1.0239027738571167,
            1.6428436040878296,
            0.3725162446498871
        ],
        "position": [
            -17.393303544222206,
            24.798669682421338,
            -2.5438102644446197
        ],
        "yaw": 0.7413272908768385,
        "num_points": 1,
        "distance": 30.396907685828662,
        "speed": 3.9872005533186115,
        "brake": 0.0,
        "id": 1581,
        "ego_matrix": [
            [
                0.9999899864196777,
                -5.574970055022277e-05,
                0.004479989409446716,
                499.61041259765625
            ],
            [
                5.5775388318579644e-05,
                1.0,
                -5.6090780162776355e-06,
                52.23981857299805
            ],
            [
                -0.004479988943785429,
                5.858894837729167e-06,
                0.9999899864196777,
                -0.01769033446907997
            ],
            [
                0.0,
                0.0,
                0.0,
                1.0
            ]
        ]
    },
    {
        "class": "Car",
        "extent": [
            1.3787471055984497,
            2.2072951793670654,
            1.4809197187423706
        ],
        "position": [
            -8.713938007332326,
            31.090429410620562,
            -2.5222712063761588
        ],
        "yaw": 0.7411554011193527,
        "num_points": 0,
        "distance": 32.38687031145376,
        "speed": 5.308024364174481,
        "brake": 0.0,
        "id": 1583,
        "ego_matrix": [
            [
                0.999969482421875,
                0.00011610132060013711,
                -0.007811704650521278,
                501.7640380859375
            ],
            [
                -0.00011611026275204495,
                1.0,
                -6.908499585733807e-07,
                41.73841094970703
            ],
            [
                0.007811704650521278,
                1.5978479268596857e-06,
                0.999969482421875,
                0.00302824005484581
            ],
            [
                0.0,
                0.0,
                0.0,
                1.0
            ]
        ]
    },
    {
        "class": "Car",
        "extent": [
            2.0377910137176514,
            4.4804368019104,
            2.069315195083618
        ],
        "position": [
            -11.56783925112934,
            28.951034523048925,
            -2.5228667828482374
        ],
        "yaw": 0.741252340166777,
        "num_points": 12,
        "distance": 31.278461626153202,
        "speed": 4.8988614118735585,
        "brake": 0.0,
        "id": 1587,
        "ego_matrix": [
            [
                1.0,
                1.9174794942955486e-05,
                2.1815267245983705e-05,
                501.1035461425781
            ],
            [
                -1.917476038215682e-05,
                1.0,
                -1.598314952389046e-06,
                45.24348068237305
            ],
            [
                -2.1815298168803565e-05,
                1.5978966985130683e-06,
                1.0,
                0.002719440497457981
            ],
            [
                0.0,
                0.0,
                0.0,
                1.0
            ]
        ]
    },
    {
        "class": "Car",
        "extent": [
            1.0239027738571167,
            1.6428436040878296,
            0.3725162446498871
        ],
        "position": [
            31.096489101978474,
            -10.060631770110337,
            -2.5560796626911735
        ],
        "yaw": 0.7413112982035682,
        "num_points": 0,
        "distance": 32.783250133646646,
        "speed": 4.443818094531683,
        "brake": 0.0,
        "id": 1594,
        "ego_matrix": [
            [
                0.9999900460243225,
                -3.975233994424343e-05,
                0.004468187689781189,
                558.9149169921875
            ],
            [
                3.9782880776328966e-05,
                1.0,
                -6.746458893758245e-06,
                45.21082305908203
            ],
            [
                -0.004468187224119902,
                6.924148692633025e-06,
                0.9999900460243225,
                -0.0176886934787035
            ],
            [
                0.0,
                0.0,
                0.0,
                1.0
            ]
        ]
    },
    {
        "class": "Car",
        "extent": [
            1.300939917564392,
            4.717525005340576,
            1.894826889038086
        ],
        "position": [
            10.868252796929632,
            3.7055918339274143,
            -2.538857058180463
        ],
        "yaw": 0.7409679145948659,
        "num_points": 105,
        "distance": 11.75993728127455,
        "speed": 6.639893705674547,
        "brake": 0.0,
        "id": 1614,
        "ego_matrix": [
            [
                0.9999999403953552,
                0.0003036003326997161,
                -2.384095523666474e-06,
                534.6990356445312
            ],
            [
                -0.0003036003326997161,
                0.9999999403953552,
                2.966647230095987e-07,
                48.71534729003906
            ],
            [
                2.3841855636419496e-06,
                -2.959409073355346e-07,
                1.0,
                -0.005398349836468697
            ],
            [
                0.0,
                0.0,
                0.0,
                1.0
            ]
        ]
    },
    {
        "class": "Car",
        "extent": [
            1.6171096563339233,
            3.987684965133667,
            1.8508483171463013
        ],
        "position": [
            19.607757464597736,
            5.217568525239293,
            -2.4950484776191546
        ],
        "yaw": 0.7405327540402376,
        "num_points": 23,
        "distance": 20.442906863059513,
        "speed": 10.662929567671831,
        "brake": 0.0,
        "id": 1617,
        "ego_matrix": [
            [
                0.9999997019767761,
                0.0007387608056887984,
                -2.0146140741417184e-05,
                540.1244506835938
            ],
            [
                -0.0007387608056887984,
                0.9999997019767761,
                3.151133114442928e-07,
                41.69894790649414
            ],
            [
                2.0146368115092628e-05,
                -3.002300559273863e-07,
                1.0,
                0.03874528780579567
            ],
            [
                0.0,
                0.0,
                0.0,
                1.0
            ]
        ]
    },
    {
        "class": "Car",
        "extent": [
            1.2765706777572632,
            2.3557403087615967,
            0.7636788487434387
        ],
        "position": [
            20.756999541121832,
            -5.3385293033297065,
            -2.5665465314828677
        ],
        "yaw": 0.7407724386358726,
        "num_points": 0,
        "distance": 21.585645373046148,
        "speed": 4.770211107592126,
        "brake": 0.0,
        "id": 1625,
        "ego_matrix": [
            [
                0.9999947547912598,
                0.0004990985034964979,
                0.0032080314122140408,
                548.0999145507812
            ],
            [
                -0.0004990737070329487,
                0.9999998807907104,
                -8.52527045935858e-06,
                48.70924758911133
            ],
            [
                -0.003208035370334983,
                6.92418188918964e-06,
                0.9999948740005493,
                -0.030119456350803375
            ],
            [
                0.0,
                0.0,
                0.0,
                1.0
            ]
        ]
    },
    {
        "class": "Car",
        "extent": [
            1.5107464790344238,
            4.901683330535889,
            2.128324270248413
        ],
        "position": [
            -25.047570252459842,
            31.81056062962855,
            -2.4905426359350433
        ],
        "yaw": 0.7411628579541504,
        "num_points": 0,
        "distance": 40.56470566569657,
        "speed": 4.537354320983191,
        "brake": 0.0,
        "id": 1653,
        "ego_matrix": [
            [
                0.9999999403953552,
                0.00010865723015740514,
                -0.00027787673752754927,
                489.22991943359375
            ],
            [
                -0.00010865696094697341,
                1.0,
                9.655200301494915e-07,
                52.23612976074219
            ],
            [
                0.00027787682483904064,
                -9.353266818834527e-07,
                0.9999999403953552,
                0.03327691927552223
            ],
            [
                0.0,
                0.0,
                0.0,
                1.0
            ]
        ]
    },
    {
        "class": "Car",
        "extent": [
            1.385296106338501,
            4.181210041046143,
            1.9941171407699585
        ],
        "position": [
            -44.21712080386433,
            -14.942613083700932,
            -2.545329407319075
        ],
        "yaw": -0.43485086306319864,
        "num_points": 0,
        "distance": 46.74306536529762,
        "speed": 4.979780184809339,
        "brake": 0.0,
        "id": 1654,
        "ego_matrix": [
            [
                0.3845071494579315,
                0.923121988773346,
                -8.969353802967817e-05,
                506.65924072265625
            ],
            [
                -0.9231219291687012,
                0.3845071792602539,
                0.00028173773898743093,
                99.66555786132812
            ],
            [
                0.00029456612537615,
                -2.553210470068734e-05,
                0.9999999403953552,
                -0.011787394993007183
            ],
            [
                0.0,
                0.0,
                0.0,
                1.0
            ]
        ]
    }
]