[
    {
        "class": "Car",
        "extent": [
            1.5107464790344238,
            4.901683330535889,
            2.128324270248413
        ],
        "position": [
            -1.3,
            0.0,
            -2.5
        ],
        "yaw": 0,
        "num_points": -1,
        "distance": -1,
        "speed": 2.7977430434234423,
        "brake": 0.0,
        "id": 1374,
        "ego_matrix": [
            [
                0.7671607732772827,
                0.641454815864563,
                8.499051909893751e-05,
                529.4072265625
            ],
            [
                -0.6414546966552734,
                0.7671607136726379,
                -0.00048208373482339084,
                58.711063385009766
            ],
            [
                -0.00037443634937517345,
                0.00031531817512586713,
                0.9999998807907104,
                0.03360363095998764
            ],
            [
                0.0,
                0.0,
                0.0,
                1.0
            ]
        ]
    },
    {
        "class": "Car",
        "extent": [
            1.1256572008132935,
            1.8354405164718628,
            0.3289288878440857
        ],
        "position": [
            3.031229088421653,
            23.070712494738668,
            -2.5376907060381826
        ],
        "yaw": 0.6962891928056878,
        "num_points": 0,
        "distance": 23.406964752417107,
        "speed": 5.150450806302414,
        "brake": 0.0,
        "id": 1382,
        "ego_matrix": [
            [
                0.9999924302101135,
                0.00010384045890532434,
                -0.0038943197578191757,
                517.93115234375
            ],
            [
                -0.00010386249050498009,
                1.0,
                -5.4544766499020625e-06,
                38.233848571777344
            ],
            [
                0.0038943190593272448,
                5.858908934897045e-06,
                0.9999924302101135,
                -0.012983455322682858
            ],
            [
                0.0,
                0.0,
                0.0,
                1.0
            ]
        ]
    },
    {
        "class": "Car",
        "extent": [
            2.098191261291504,
            6.273552894592285,
            2.3895740509033203
        ],
        "position": [
            4.503673050443429,
            12.734768103380135,
            -2.5303914229729068
        ],
        "yaw": 0.6960313988365501,
        "num_points": 174,
        "distance": 13.74264422684417,
        "speed": 10.615789866959183,
        "brake": 1.0,
        "id": 1426,
        "ego_matrix": [
            [
                0.9999991655349731,
                0.0003616565663833171,
                -0.0012571808183565736,
                525.6907958984375
            ],
            [
                -0.00036165694473311305,
                0.9999999403953552,
                -7.796359113854123e-08,
                45.21866989135742
            ],
            [
                0.0012571807019412518,
                5.326317591425322e-07,
                0.9999992251396179,
                -0.0029763984493911266
            ],
            [
                0.0,
                0.0,
                0.0,
                1.0
            ]
        ]
    },
    {
        "class": "Car",
        "extent": [
            1.0239027738571167,
            1.6428436040878296,
            0.3725162446498871
        ],
        "position": [
            18.092507202537078,
            10.50568691103989,
            -2.5408051623001473
        ],
        "yaw": 0.6958423144316637,
        "num_points": 2,
        "distance": 21.075197869045546,
        "speed": 4.044167314961515,
        "brake": 0.0,
        "id": 1441,
        "ego_matrix": [
            [
                0.9999809861183167,
                0.0005507300375029445,
                0.006136974319815636,
                537.5454711914062
            ],
            [
                -0.0005507312598638237,
                0.9999998211860657,
                -1.4937329524400411e-06,
                38.21211624145508
            ],
            [
                -0.006136974319815636,
                -1.8861190937968786e-06,
                0.999981164932251,
                -0.01777542009949684
            ],
            [
                0.0,
                0.0,
                0.0,
                1.0
            ]
        ]
    },
    {
        "class": "Car",
        "extent": [
            1.2765706777572632,
            2.3557403087615967,
            0.7636788487434387
        ],
        "position": [
            -24.365165982413135,
            32.28721418011021,
            -2.5621682578372798
        ],
        "yaw": 0.6961725463418149,
        "num_points": 1,
        "distance": 40.53011496460775,
        "speed": 4.739259690459667,
        "brake": 0.0,
        "id": 1455,
        "ego_matrix": [
            [
                0.9999951720237732,
                0.00022052632994018495,
                0.003114813007414341,
                491.0017395019531
            ],
            [
                -0.00022050867846701294,
                1.0,
                -6.013168331264751e-06,
                48.73686981201172
            ],
            [
                -0.0031148141715675592,
                5.326295649865642e-06,
                0.9999951720237732,
                -0.030108928680419922
            ],
            [
                0.0,
                0.0,
                0.0,
                1.0
            ]
        ]
    },
    {
        "class": "Car",
        "extent": [
            1.8548461198806763,
            4.6045098304748535,
            1.9315931797027588
        ],
        "position": [
            -19.30918745789784,
            37.18740059016294,
            -2.5174881938962534
        ],
        "yaw": 0.696077205272318,
        "num_points": 2,
        "distance": 41.977198926844764,
        "speed": 4.999148585580349,
        "brake": 0.0,
        "id": 1470,
        "ego_matrix": [
            [
                0.9999998211860657,
                0.0003158511535730213,
                -0.0004961487138643861,
                491.73724365234375
            ],
            [
                -0.00031585077522322536,
                0.9999999403953552,
                8.417280241701519e-07,
                41.73443603515625
            ],
            [
                0.0004961490049026906,
                -6.85018960666639e-07,
                0.9999998807907104,
                0.011132869869470596
            ],
            [
                0.0,
                0.0,
                0.0,
                1.0
            ]
        ]
    },
    {
        "class": "Car",
        "extent": [
            1.4738311767578125,
            4.1928300857543945,
            1.8161858320236206
        ],
        "position": [
            -15.716926048520047,
            38.74028599202735,
            -2.532336437449676
        ],
        "yaw": 0.6963648265745505,
        "num_points": 0,
        "distance": 41.88369910825874,
        "speed": 4.89963864749012,
        "brake": 0.0,
        "id": 1506,
        "ego_matrix": [
            [
                1.0,
                2.8229573217686266e-05,
                -5.6982004025485367e-05,
                493.4969787597656
            ],
            [
                -2.8229505915078335e-05,
                1.0,
                1.1832582913484657e-06,
                38.23885726928711
            ],
            [
                5.698203676729463e-05,
                -1.1816497362815426e-06,
                1.0,
                -0.005550098139792681
            ],
            [
                0.0,
                0.0,
                0.0,
                1.0
            ]
        ]
    },
    {
        "class": "Car",
        "extent": [
            1.5542958974838257,
            4.974244117736816,
            2.0384013652801514
        ],
        "position": [
            17.601710613984714,
            -7.331527313607997,
            -2.55239744488758
        ],
        "yaw": 0.6960143545730643,
        "num_points": 19,
        "distance": 19.237625685237536,
        "speed": 12.022024612965371,
        "brake": 0.0,
        "id": 1523,
        "ego_matrix": [
            [
                0.9999904036521912,
                0.00037933545536361635,
                -0.0043670437298715115,
                548.6107177734375
            ],
            [
                -0.00037869790685363114,
                0.9999999403953552,
                0.00014681894390378147,
                52.21095657348633
            ],
            [
                0.004367099143564701,
                -0.00014516375085804611,
                0.9999904632568359,
                -0.023559531196951866
            ],
            [
                0.0,
                0.0,
                0.0,
                1.0
            ]
        ]
    },
    {
        "class": "Car",
        "extent": [
            1.6355280876159668,
            5.0267767906188965,
            2.1515462398529053
        ],
        "position": [
            -3.443851027719103,
            14.81024799158288,
            -2.4003948565755535
        ],
        "yaw": 0.6961581652881832,
        "num_points": 61,
        "distance": 15.393682176165033,
        "speed": 7.529484907551564,
        "brake": 0.0,
        "id": 1556,
        "ego_matrix": [
            [
                0.9999743103981018,
                0.0002332105505047366,
                -0.007169597782194614,
                518.262451171875
            ],
            [
                -0.0002348847483517602,
                1.0,
                -0.0002326741087017581,
                48.72435760498047
            ],
            [
                0.007169542834162712,
                0.00023435214825440198,
                0.9999743103981018,
                0.12934155762195587
            ],
            [
                0.0,
                0.0,
                0.0,
                1.0
            ]
        ]
    },
    {
        "class": "Car",
        "extent": [
            1.488319993019104,
            4.791779518127441,
            2.163450002670288
        ],
        "position": [
            23.707070372134076,
            -3.3084135124102345,
            -2.5240222372520473
        ],
        "yaw": 0.6958993060789914,
        "num_points": 12,
        "distance": 24.06951336966659,
        "speed": 3.720020080013623,
        "brake": 0.0,
        "id": 1557,
        "ego_matrix": [
            [
                0.9999998211860657,
                0.0004937499179504812,
                0.0003616809844970703,
                550.7138671875
            ],
            [
                -0.0004937499179504812,
                0.9999998807907104,
                -9.73374554291695e-08,
                45.208255767822266
            ],
            [
                -0.0003616809844970703,
                -8.124252559582601e-08,
                0.9999999403953552,
                0.0012610434787347913
            ],
            [
                0.0,
                0.0,
                0.0,
                1.0
            ]
        ]
    },
    {
        "class": "Car",
        "extent": [
            2.098191261291504,
            6.273552894592285,
            2.3895740509033203
        ],
        "position": [
            -5.544135772506203,
            30.249376000535122,
            -2.528212998573523
        ],
        "yaw": 0.6961991779527158,
        "num_points": 4,
        "distance": 30.856993548495442,
        "speed": 4.402395042958935,
        "brake": 0.03433656692504883,
        "id": 1580,
        "ego_matrix": [
            [
                0.9999984502792358,
                0.00019387701468076557,
                0.001754998229444027,
                506.7476806640625
            ],
            [
                -0.00019387781503610313,
                1.0,
                2.90896196020185e-07,
                38.22736358642578
            ],
            [
                -0.0017549981130287051,
                -6.311509537226812e-07,
                0.9999984502792358,
                -0.002558383857831359
            ],
            [
                0.0,
                0.0,
                0.0,
                1.0
            ]
        ]
    },
    {
        "class": "Car",
        "extent": [
            1.0239027738571167,
            1.6428436040878296,
            0.3725162446498871
        ],
        "position": [
            -18.48486658274535,
            22.80430535592271,
            -2.550632335400241
        ],
        "yaw": 0.6963974726708994,
        "num_points": 1,
        "distance": 29.465782878763807,
        "speed": 4.0652646002504955,
        "brake": 0.0,
        "id": 1581,
        "ego_matrix": [
            [
                0.9999800324440002,
                -4.372835974209011e-06,
                0.006319122854620218,
                501.5957336425781
            ],
            [
                4.4165026338305324e-06,
                1.0,
                -6.896309514559107e-06,
                52.23983383178711
            ],
            [
                -0.006319122854620218,
                6.9240800257830415e-06,
                0.9999800324440002,
                -0.01778467185795307
            ],
            [
                0.0,
                0.0,
                0.0,
                1.0
            ]
        ]
    },
    {
        "class": "Car",
        "extent": [
            1.3787471055984497,
            2.2072951793670654,
            1.4809197187423706
        ],
        "position": [
            -9.322823346430738,
            28.832724603084078,
            -2.5239786859827875
        ],
        "yaw": 0.6962583001451701,
        "num_points": 1,
        "distance": 30.40742527070221,
        "speed": 6.454878958034896,
        "brake": 0.0,
        "id": 1583,
        "ego_matrix": [
            [
                0.9999346733093262,
                0.00013473766739480197,
                -0.011430371552705765,
                504.7575378417969
            ],
            [
                -0.0001347471261397004,
                1.0,
                -5.7586362345318776e-08,
                41.73801803588867
            ],
            [
                0.011430371552705765,
                1.5977923339960398e-06,
                0.9999346733093262,
                0.0035375021398067474
            ],
            [
                0.0,
                0.0,
                0.0,
                1.0
            ]
        ]
    },
    {
        "class": "Car",
        "extent": [
            2.0377910137176514,
            4.4804368019104,
            2.069315195083618
        ],
        "position": [
            -12.411789587615301,
            26.84637554140717,
            -2.5285379381270388
        ],
        "yaw": 0.6964078006861185,
        "num_points": 5,
        "distance": 29.684573511877318,
        "speed": 5.560370632335439,
        "brake": 0.0,
        "id": 1587,
        "ego_matrix": [
            [
                0.999979555606842,
                -1.527585664007347e-05,
                -0.006393625400960445,
                503.6619567871094
            ],
            [
                1.4744305190106388e-05,
                1.0,
                -8.318488107761368e-05,
                45.24330139160156
            ],
            [
                0.006393626797944307,
                8.30889111966826e-05,
                0.999979555606842,
                0.0007612037588842213
            ],
            [
                0.0,
                0.0,
                0.0,
                1.0
            ]
        ]
    },
    {
        "class": "Car",
        "extent": [
            1.0239027738571167,
            1.6428436040878296,
            0.3725162446498871
        ],
        "position": [
            31.694035415247402,
            -9.989979452801403,
            -2.5421979736630886
        ],
        "yaw": 0.6963855992295293,
        "num_points": 0,
        "distance": 33.32828139745054,
        "speed": 4.536812049178071,
        "brake": 0.0,
        "id": 1594,
        "ego_matrix": [
            [
                0.9999781847000122,
                7.50962681195233e-06,
                0.006605695933103561,
                561.1270751953125
            ],
            [
                -7.456687853846233e-06,
                1.0,
                -8.038740816118661e-06,
                45.21082305908203
            ],
            [
                -0.006605695933103561,
                7.989308869582601e-06,
                0.9999781847000122,
                -0.01779848150908947
            ],
            [
                0.0,
                0.0,
                0.0,
                1.0
            ]
        ]
    },
    {
        "class": "Car",
        "extent": [
            1.300939917564392,
            4.717525005340576,
            1.894826889038086
        ],
        "position": [
            11.709285490632688,
            2.152868936475277,
            -2.533453408189909
        ],
        "yaw": 0.6960894557483138,
        "num_points": 96,
        "distance": 12.172123788815593,
        "speed": 6.594219380383862,
        "brake": 0.0,
        "id": 1614,
        "ego_matrix": [
            [
                0.9999999403953552,
                0.0003036003326997161,
                -7.271680715348339e-06,
                538.0064697265625
            ],
            [
                -0.0003036003326997161,
                0.9999999403953552,
                2.832448160461354e-07,
                48.71461486816406
            ],
            [
                7.271766662597656e-06,
                -2.810371313444193e-07,
                1.0,
                -0.005399761255830526
            ],
            [
                0.0,
                0.0,
                0.0,
                1.0
            ]
        ]
    },
    {
        "class": "Car",
        "extent": [
            1.6171096563339233,
            3.987684965133667,
            1.8508483171463013
        ],
        "position": [
            21.969392192188124,
            2.7240631293038535,
            -2.485433849870574
        ],
        "yaw": 0.6956404466909986,
        "num_points": 22,
        "distance": 22.27671642430032,
        "speed": 11.003037963972028,
        "brake": 0.0,
        "id": 1617,
        "ego_matrix": [
            [
                0.9999996423721313,
                0.0007526101544499397,
                -0.0003267507127020508,
                545.51123046875
            ],
            [
                -0.000752609281335026,
                0.9999997019767761,
                2.6967570647684624e-06,
                41.69499969482422
            ],
            [
                0.00032675263355486095,
                -2.4508403839718085e-06,
                0.9999999403953552,
                0.03859792649745941
            ],
            [
                0.0,
                0.0,
                0.0,
                1.0
            ]
        ]
    },
    {
        "class": "Car",
        "extent": [
            1.2765706777572632,
            2.3557403087615967,
            0.7636788487434387
        ],
        "position": [
            21.26881713170088,
            -5.831712029260747,
            -2.5570984212626082
        ],
        "yaw": 0.695893979724302,
        "num_points": 6,
        "distance": 22.201581018251407,
        "speed": 4.723802995649757,
        "brake": 0.0,
        "id": 1625,
        "ego_matrix": [
            [
                0.9999951124191284,
                0.000499097746796906,
                0.0030914454255253077,
                550.4619140625
            ],
            [
                -0.0004990739398635924,
                0.9999998807907104,
                -8.467085535812657e-06,
                48.70807647705078
            ],
            [
                -0.0030914493836462498,
                6.9241841629263945e-06,
                0.999995231628418,
                -0.030106524005532265
            ],
            [
                0.0,
                0.0,
                0.0,
                1.0
            ]
        ]
    },
    {
        "class": "Car",
        "extent": [
            1.5107464790344238,
            4.901683330535889,
            2.128324270248413
        ],
        "position": [
            -26.327953288653834,
            29.36735823264588,
            -2.499933683995904
        ],
        "yaw": 0.6962881275331244,
        "num_points": 2,
        "distance": 39.520279887147424,
        "speed": 3.8514885232751337,
        "brake": 0.0,
        "id": 1653,
        "ego_matrix": [
            [
                0.9999997019767761,
                0.00010492799628991634,
                0.0007356405258178711,
                491.3689270019531
            ],
            [
                -0.00010492852015886456,
                1.0,
                6.709715307806619e-07,
                52.235877990722656
            ],
            [
                -0.0007356404676102102,
                -7.481609713977377e-07,
                0.9999997019767761,
                0.0337812602519989
            ],
            [
                0.0,
                0.0,
                0.0,
                1.0
            ]
        ]
    },
    {
        "class": "Car",
        "extent": [
            1.385296106338501,
            4.181210041046143,
            1.9941171407699585
        ],
        "position": [
            -42.82040427794331,
            -15.673135027397352,
            -2.5654677813166593
        ],
        "yaw": -0.4826566685799658,
        "num_points": 0,
        "distance": 45.67073252150122,
        "speed": 5.146837367022194,
        "brake": 0.0,
        "id": 1654,
        "ego_matrix": [
            [
                0.3818032741546631,
                0.9242436289787292,
                -4.357718717074022e-05,
                507.6080017089844
            ],
            [
                -0.9242436289787292,
                0.3818032741546631,
                0.0001678590488154441,
                97.36837005615234
            ],
            [
                0.00017178057169076055,
                -2.3813196094124578e-05,
                1.0,
                -0.011375369504094124
            ],
            [
                0.0,
                0.0,
                0.0,
                1.0
            ]
        ]
    }
]