[
    {
        "class": "Car",
        "extent": [
            1.5107464790344238,
            4.901683330535889,
            2.128324270248413
        ],
        "position": [
            -1.3,
            0.0,
            -2.5
        ],
        "yaw": 0,
        "num_points": -1,
        "distance": -1,
        "speed": 3.0966212049439235,
        "brake": 0.0,
        "id": 1374,
        "ego_matrix": [
            [
                0.7943223118782043,
                0.6074962615966797,
                -0.0005257900338619947,
                530.598876953125
            ],
            [
                -0.6074963808059692,
                0.7943223118782043,
                -0.00024361535906791687,
                57.83265686035156
            ],
            [
                0.00026965138386003673,
                0.0005129246856085956,
                0.9999998211860657,
                0.03328315541148186
            ],
            [
                0.0,
                0.0,
                0.0,
                1.0
            ]
        ]
    },
    {
        "class": "Car",
        "extent": [
            1.1256572008132935,
            1.8354405164718628,
            0.3289288878440857
        ],
        "position": [
            2.6865301629293405,
            21.625237366842537,
            -2.5362496803988632
        ],
        "yaw": 0.6527425142331298,
        "num_points": 2,
        "distance": 21.93857100929628,
        "speed": 5.2825833581333015,
        "brake": 0.0,
        "id": 1382,
        "ego_matrix": [
            [
                0.9999924302101135,
                0.00016242377751041204,
                -0.0038946776185184717,
                520.6282348632812
            ],
            [
                -0.00016245158622041345,
                1.0,
                -6.82414884067839e-06,
                38.23345184326172
            ],
            [
                0.0038946764543652534,
                7.45679380997899e-06,
                0.9999924302101135,
                -0.012983664870262146
            ],
            [
                0.0,
                0.0,
                0.0,
                1.0
            ]
        ]
    },
    {
        "class": "Car",
        "extent": [
            2.098191261291504,
            6.273552894592285,
            2.3895740509033203
        ],
        "position": [
            6.289308204597766,
            10.077431381274208,
            -2.531777885794165
        ],
        "yaw": 0.6525385161911577,
        "num_points": 234,
        "distance": 12.14577787544739,
        "speed": 8.928301376531058,
        "brake": 0.19494754076004028,
        "id": 1426,
        "ego_matrix": [
            [
                0.999997615814209,
                0.0003664508694782853,
                0.0021518447902053595,
                530.5052490234375
            ],
            [
                -0.00036645002546720207,
                0.9999999403953552,
                -7.885455488576554e-07,
                45.21745681762695
            ],
            [
                -0.002151845023036003,
                2.842170943040401e-14,
                0.9999976754188538,
                -0.001617221743799746
            ],
            [
                0.0,
                0.0,
                0.0,
                1.0
            ]
        ]
    },
    {
        "class": "Car",
        "extent": [
            1.0239027738571167,
            1.6428436040878296,
            0.3725162446498871
        ],
        "position": [
            17.76363817055631,
            10.122556447012343,
            -2.550986163471432
        ],
        "yaw": 0.6523579537717223,
        "num_points": 3,
        "distance": 20.603895759870728,
        "speed": 4.125215781690057,
        "brake": 0.0,
        "id": 1441,
        "ego_matrix": [
            [
                0.9999833106994629,
                0.0005470019532367587,
                0.005744782742112875,
                539.5921630859375
            ],
            [
                -0.0005470042815431952,
                0.9999998211860657,
                -1.1710415037669009e-06,
                38.211002349853516
            ],
            [
                -0.005744782742112875,
                -1.971399115063832e-06,
                0.9999834895133972,
                -0.01775457337498665
            ],
            [
                0.0,
                0.0,
                0.0,
                1.0
            ]
        ]
    },
    {
        "class": "Car",
        "extent": [
            1.2765706777572632,
            2.3557403087615967,
            0.7636788487434387
        ],
        "position": [
            -25.34422447482548,
            29.840550517347705,
            -2.5416025764412353
        ],
        "yaw": 0.652684457321366,
        "num_points": 0,
        "distance": 39.23325009561783,
        "speed": 4.741675811602638,
        "brake": 0.0,
        "id": 1455,
        "ego_matrix": [
            [
                0.9999951720237732,
                0.00022052632994018495,
                0.003114813007414341,
                493.37200927734375
            ],
            [
                -0.00022050867846701294,
                1.0,
                -6.013168331264751e-06,
                48.73643112182617
            ],
            [
                -0.0031148141715675592,
                5.326295649865642e-06,
                0.9999951720237732,
                -0.030108928680419922
            ],
            [
                0.0,
                0.0,
                0.0,
                1.0
            ]
        ]
    },
    {
        "class": "Car",
        "extent": [
            1.8548461198806763,
            4.6045098304748535,
            1.9315931797027588
        ],
        "position": [
            -20.393588663883246,
            34.87008811366494,
            -2.4990479273394435
        ],
        "yaw": 0.6525901814512866,
        "num_points": 1,
        "distance": 40.47303724937831,
        "speed": 5.002246132388914,
        "brake": 0.0,
        "id": 1470,
        "ego_matrix": [
            [
                0.9999998807907104,
                0.00031478580785915256,
                -0.0004054305609315634,
                494.24896240234375
            ],
            [
                -0.0003147855750285089,
                0.9999999403953552,
                6.484889354396728e-07,
                41.73385238647461
            ],
            [
                0.0004054307646583766,
                -5.20865171438345e-07,
                0.9999999403953552,
                0.01120088528841734
            ],
            [
                0.0,
                0.0,
                0.0,
                1.0
            ]
        ]
    },
    {
        "class": "Car",
        "extent": [
            1.4738311767578125,
            4.1928300857543945,
            1.8161858320236206
        ],
        "position": [
            -16.919584862393183,
            36.61323761951515,
            -2.515840358311329
        ],
        "yaw": 0.6528756722896656,
        "num_points": 0,
        "distance": 40.41201521339058,
        "speed": 4.908686158429215,
        "brake": 0.0,
        "id": 1506,
        "ego_matrix": [
            [
                1.0,
                2.9294827982084826e-05,
                -4.756447015097365e-05,
                495.9494934082031
            ],
            [
                -2.9294769774423912e-05,
                1.0,
                1.2244986464793328e-06,
                38.23878860473633
            ],
            [
                4.756450653076172e-05,
                -1.2231053005962167e-06,
                1.0,
                -0.005548877641558647
            ],
            [
                0.0,
                0.0,
                0.0,
                1.0
            ]
        ]
    },
    {
        "class": "Car",
        "extent": [
            1.5542958974838257,
            4.974244117736816,
            2.0384013652801514
        ],
        "position": [
            21.06738365027435,
            -10.02693637831056,
            -2.568470095985208
        ],
        "yaw": 0.6525310592425775,
        "num_points": 8,
        "distance": 23.47277456195805,
        "speed": 11.389131143432863,
        "brake": 0.0,
        "id": 1523,
        "ego_matrix": [
            [
                0.9999853372573853,
                0.0003740410611499101,
                -0.005409323610365391,
                554.4571533203125
            ],
            [
                -0.0003739023522939533,
                0.9999999403953552,
                2.6653429813450202e-05,
                52.20918655395508
            ],
            [
                0.005409333389252424,
                -2.4630478947074153e-05,
                0.99998539686203,
                -0.024012470617890358
            ],
            [
                0.0,
                0.0,
                0.0,
                1.0
            ]
        ]
    },
    {
        "class": "Car",
        "extent": [
            1.6355280876159668,
            5.0267767906188965,
            2.1515462398529053
        ],
        "position": [
            -2.5731246335080122,
            12.441145152312709,
            -2.397213394242921
        ],
        "yaw": 0.6526716741643883,
        "num_points": 89,
        "distance": 12.928638564752957,
        "speed": 7.5459368623743845,
        "brake": 0.0,
        "id": 1556,
        "ego_matrix": [
            [
                0.9999743700027466,
                0.00023161497665569186,
                -0.007159702945500612,
                522.0296020507812
            ],
            [
                -0.00023328691895585507,
                1.0,
                -0.0002326878602616489,
                48.72377014160156
            ],
            [
                0.007159648463129997,
                0.00023435214825440198,
                0.9999743700027466,
                0.12934507429599762
            ],
            [
                0.0,
                0.0,
                0.0,
                1.0
            ]
        ]
    },
    {
        "class": "Car",
        "extent": [
            1.488319993019104,
            4.791779518127441,
            2.163450002670288
        ],
        "position": [
            23.98543240511358,
            -3.4436625564754353,
            -2.540673352230954
        ],
        "yaw": 0.6524112171235611,
        "num_points": 14,
        "distance": 24.364211469815316,
        "speed": 4.614058672073432,
        "brake": 0.0,
        "id": 1557,
        "ego_matrix": [
            [
                0.9999998211860657,
                0.0004937499761581421,
                -0.0004210470651742071,
                552.7756958007812
            ],
            [
                -0.0004937498597428203,
                0.9999998807907104,
                3.065961777792836e-07,
                45.20723342895508
            ],
            [
                0.0004210471815895289,
                -9.870417017054933e-08,
                0.9999999403953552,
                0.0011944007128477097
            ],
            [
                0.0,
                0.0,
                0.0,
                1.0
            ]
        ]
    },
    {
        "class": "Car",
        "extent": [
            1.4750303030014038,
            3.805800199508667,
            1.97027587890625
        ],
        "position": [
            -33.75309966085688,
            36.26522877951705,
            -2.463840438171001
        ],
        "yaw": 0.6525848551291064,
        "num_points": 1,
        "distance": 49.60351867409423,
        "speed": 4.947817381239083,
        "brake": 0.0,
        "id": 1578,
        "ego_matrix": [
            [
                0.9999999403953552,
                0.00032011192524805665,
                1.0729255564001505e-06,
                482.7896423339844
            ],
            [
                -0.00032011192524805665,
                0.9999999403953552,
                1.3137031373844366e-07,
                48.74150848388672
            ],
            [
                -1.0728834922701935e-06,
                -1.3171377588605537e-07,
                1.0,
                0.04209035634994507
            ],
            [
                0.0,
                0.0,
                0.0,
                1.0
            ]
        ]
    },
    {
        "class": "Car",
        "extent": [
            2.098191261291504,
            6.273552894592285,
            2.3895740509033203
        ],
        "position": [
            -6.653788910903479,
            28.776872039193318,
            -2.5203736770301153
        ],
        "yaw": 0.6527116215644849,
        "num_points": 11,
        "distance": 29.643440331763696,
        "speed": 4.522299766422597,
        "brake": 0.0,
        "id": 1580,
        "ego_matrix": [
            [
                0.9999994039535522,
                0.00019334597163833678,
                -0.0010687108151614666,
                508.8644104003906
            ],
            [
                -0.00019334537500981241,
                1.0,
                6.59058173368976e-07,
                38.22695541381836
            ],
            [
                0.0010687109315767884,
                -4.5242748569762625e-07,
                0.9999994039535522,
                -0.0032945440616458654
            ],
            [
                0.0,
                0.0,
                0.0,
                1.0
            ]
        ]
    },
    {
        "class": "Car",
        "extent": [
            1.0239027738571167,
            1.6428436040878296,
            0.3725162446498871
        ],
        "position": [
            -19.26292024930241,
            20.779122842048995,
            -2.535604565668848
        ],
        "yaw": 0.6528511712096687,
        "num_points": 0,
        "distance": 28.447518927480967,
        "speed": 4.371126960767119,
        "brake": 0.0,
        "id": 1581,
        "ego_matrix": [
            [
                0.99997478723526,
                5.3856394515605643e-05,
                0.007104217074811459,
                503.7073059082031
            ],
            [
                -5.379449430620298e-05,
                1.0,
                -8.904291462386027e-06,
                52.23975372314453
            ],
            [
                -0.007104217540472746,
                8.521898962499108e-06,
                0.99997478723526,
                -0.01782325655221939
            ],
            [
                0.0,
                0.0,
                0.0,
                1.0
            ]
        ]
    },
    {
        "class": "Car",
        "extent": [
            1.3787471055984497,
            2.2072951793670654,
            1.4809197187423706
        ],
        "position": [
            -9.235677420518307,
            26.331963488476177,
            -2.5141599369803806
        ],
        "yaw": 0.6527510363486181,
        "num_points": 8,
        "distance": 28.017691531656055,
        "speed": 7.567974919003689,
        "brake": 0.0,
        "id": 1583,
        "ego_matrix": [
            [
                0.9999390244483948,
                0.00015391307533718646,
                -0.011040819808840752,
                508.298828125
            ],
            [
                -0.00015392132627312094,
                1.0,
                1.0162443686567713e-07,
                41.73748779296875
            ],
            [
                0.011040819808840752,
                1.5977993825799786e-06,
                0.9999390244483948,
                0.0034770392812788486
            ],
            [
                0.0,
                0.0,
                0.0,
                1.0
            ]
        ]
    },
    {
        "class": "Car",
        "extent": [
            2.0377910137176514,
            4.4804368019104,
            2.069315195083618
        ],
        "position": [
            -12.6289942062519,
            24.513587265958765,
            -2.5178919858399973
        ],
        "yaw": 0.6530156215166999,
        "num_points": 18,
        "distance": 27.690201071131227,
        "speed": 6.586664940439461,
        "brake": 0.0,
        "id": 1587,
        "ego_matrix": [
            [
                0.9999691247940063,
                -0.00011158377310493961,
                -0.007859254255890846,
                506.7080993652344
            ],
            [
                0.00011065103899454698,
                1.0,
                -0.0001191140036098659,
                45.24329376220703
            ],
            [
                0.007859267294406891,
                0.0001182406849693507,
                0.9999691247940063,
                -0.00023733139096293598
            ],
            [
                0.0,
                0.0,
                0.0,
                1.0
            ]
        ]
    },
    {
        "class": "Car",
        "extent": [
            1.0239027738571167,
            1.6428436040878296,
            0.3725162446498871
        ],
        "position": [
            32.47738006488447,
            -9.942672316527396,
            -2.565309365361566
        ],
        "yaw": 0.6528431817345258,
        "num_points": 0,
        "distance": 34.06196942064283,
        "speed": 4.819319411291076,
        "brake": 0.0,
        "id": 1594,
        "ego_matrix": [
            [
                0.999975323677063,
                6.18489648331888e-05,
                0.007028521038591862,
                563.4691772460938
            ],
            [
                -6.178379408083856e-05,
                1.0,
                -9.48900469666114e-06,
                45.21072006225586
            ],
            [
                -0.007028521504253149,
                9.05452179722488e-06,
                0.999975323677063,
                -0.017818240448832512
            ],
            [
                0.0,
                0.0,
                0.0,
                1.0
            ]
        ]
    },
    {
        "class": "Car",
        "extent": [
            1.300939917564392,
            4.717525005340576,
            1.894826889038086
        ],
        "position": [
            12.754384556524208,
            0.7311832537281138,
            -2.5421257414753597
        ],
        "yaw": 0.652601366727865,
        "num_points": 58,
        "distance": 13.025795854830035,
        "speed": 6.740138689125247,
        "brake": 0.0,
        "id": 1614,
        "ego_matrix": [
            [
                0.9999999403953552,
                0.00030360036180354655,
                -6.616106111323461e-05,
                541.3184204101562
            ],
            [
                -0.0003036003326997161,
                0.9999999403953552,
                3.0034331643946643e-07,
                48.71388244628906
            ],
            [
                6.61611557006836e-05,
                -2.8025678489029815e-07,
                1.0,
                -0.005427837371826172
            ],
            [
                0.0,
                0.0,
                0.0,
                1.0
            ]
        ]
    },
    {
        "class": "Car",
        "extent": [
            1.6171096563339233,
            3.987684965133667,
            1.8508483171463013
        ],
        "position": [
            24.734496371816725,
            0.4102778066974883,
            -2.501321150899317
        ],
        "yaw": 0.6521715324954168,
        "num_points": 13,
        "distance": 24.864035194352898,
        "speed": 10.961823528656288,
        "brake": 0.0,
        "id": 1617,
        "ego_matrix": [
            [
                0.9999997019767761,
                0.0007334345136769116,
                3.4689888707362115e-05,
                551.0294189453125
            ],
            [
                -0.0007334345136769116,
                0.9999997019767761,
                -2.5442769668870824e-08,
                41.69089889526367
            ],
            [
                -3.468989962129854e-05,
                -0.0,
                1.0,
                0.03877180069684982
            ],
            [
                0.0,
                0.0,
                0.0,
                1.0
            ]
        ]
    },
    {
        "class": "Car",
        "extent": [
            1.2765706777572632,
            2.3557403087615967,
            0.7636788487434387
        ],
        "position": [
            22.106141492380527,
            -6.412064285882528,
            -2.572465194353598
        ],
        "yaw": 0.6524053581041444,
        "num_points": 2,
        "distance": 23.16060528707311,
        "speed": 6.013859869790547,
        "brake": 0.0,
        "id": 1625,
        "ego_matrix": [
            [
                0.9999867081642151,
                0.0004996444913558662,
                0.00513407913967967,
                553.0862426757812
            ],
            [
                -0.0004996023490093648,
                0.9999998807907104,
                -9.489251169725321e-06,
                48.70677185058594
            ],
            [
                -0.005134082864969969,
                6.924126864760183e-06,
                0.9999868273735046,
                -0.029581623151898384
            ],
            [
                0.0,
                0.0,
                0.0,
                1.0
            ]
        ]
    },
    {
        "class": "Car",
        "extent": [
            1.5107464790344238,
            4.901683330535889,
            2.128324270248413
        ],
        "position": [
            -27.60358734808739,
            27.163095948025084,
            -2.4787911042919375
        ],
        "yaw": 0.6528011037852389,
        "num_points": 1,
        "distance": 38.806394077572115,
        "speed": 3.649069071419128,
        "brake": 0.0,
        "id": 1653,
        "ego_matrix": [
            [
                1.0,
                0.00010386318899691105,
                0.000103950580523815,
                493.203857421875
            ],
            [
                -0.00010386327630840242,
                1.0,
                8.199456260626903e-07,
                52.23573303222656
            ],
            [
                -0.00010395049321232364,
                -8.307422376674367e-07,
                1.0,
                0.03346662595868111
            ],
            [
                0.0,
                0.0,
                0.0,
                1.0
            ]
        ]
    },
    {
        "class": "Car",
        "extent": [
            1.385296106338501,
            4.181210041046143,
            1.9941171407699585
        ],
        "position": [
            -41.09510752863407,
            -15.989475848068292,
            -2.541991184610067
        ],
        "yaw": -0.5274961786955753,
        "num_points": 5,
        "distance": 44.1693663059432,
        "speed": 5.978882961701538,
        "brake": 0.0,
        "id": 1654,
        "ego_matrix": [
            [
                0.3805539309978485,
                0.9247587323188782,
                -0.00011261321924393997,
                508.7023010253906
            ],
            [
                -0.9247586727142334,
                0.3805539608001709,
                0.0003046756610274315,
                94.70885467529297
            ],
            [
                0.00032460689544677734,
                -1.180547315016156e-05,
                0.9999999403953552,
                -0.01123743038624525
            ],
            [
                0.0,
                0.0,
                0.0,
                1.0
            ]
        ]
    }
]