[
    {
        "class": "Car",
        "extent": [
            1.5107464790344238,
            4.901683330535889,
            2.128324270248413
        ],
        "position": [
            -1.3,
            0.0,
            -2.5
        ],
        "yaw": 0,
        "num_points": -1,
        "distance": -1,
        "speed": 3.0114891258039016,
        "brake": 0.0,
        "id": 1374,
        "ego_matrix": [
            [
                0.8202459812164307,
                0.57201087474823,
                -0.0003692973405122757,
                531.79833984375
            ],
            [
                -0.5720109939575195,
                0.8202459812164307,
                -0.00018402739078737795,
                57.02944564819336
            ],
            [
                0.00019764898752328008,
                0.0003621898649726063,
                0.9999999403953552,
                0.033319130539894104
            ],
            [
                0.0,
                0.0,
                0.0,
                1.0
            ]
        ]
    },
    {
        "class": "Car",
        "extent": [
            1.1256572008132935,
            1.8354405164718628,
            0.3289288878440857
        ],
        "position": [
            2.5704123773973606,
            20.21669619448439,
            -2.5398362723616676
        ],
        "yaw": 0.6087317132859803,
        "num_points": 5,
        "distance": 20.537102840964717,
        "speed": 5.580051480559006,
        "brake": 0.0,
        "id": 1382,
        "ego_matrix": [
            [
                0.9999962449073792,
                0.00022368646750692278,
                -0.0027506330516189337,
                523.4088745117188
            ],
            [
                -0.00022370467195287347,
                1.0,
                -6.30888598607271e-06,
                38.232872009277344
            ],
            [
                0.002750631421804428,
                6.924191438884009e-06,
                0.9999962449073792,
                -0.013074436224997044
            ],
            [
                0.0,
                0.0,
                0.0,
                1.0
            ]
        ]
    },
    {
        "class": "Car",
        "extent": [
            2.098191261291504,
            6.273552894592285,
            2.3895740509033203
        ],
        "position": [
            7.62381967071203,
            8.178619887232534,
            -2.533204403266099
        ],
        "yaw": 0.6085847068750811,
        "num_points": 273,
        "distance": 11.464273818262452,
        "speed": 6.813913019500299,
        "brake": 0.0,
        "id": 1426,
        "ego_matrix": [
            [
                0.9999938607215881,
                0.000370710069546476,
                0.003491871291771531,
                534.4398193359375
            ],
            [
                -0.00037070969119668007,
                0.9999999403953552,
                -7.649283020327857e-07,
                45.21644973754883
            ],
            [
                -0.003491871291771531,
                -5.295468668009562e-07,
                0.9999939203262329,
                -0.001083698240108788
            ],
            [
                0.0,
                0.0,
                0.0,
                1.0
            ]
        ]
    },
    {
        "class": "Car",
        "extent": [
            1.0239027738571167,
            1.6428436040878296,
            0.3725162446498871
        ],
        "position": [
            17.556464889628245,
            9.793996291274421,
            -2.5512398990602128
        ],
        "yaw": 0.6084131992683708,
        "num_points": 4,
        "distance": 20.264763699505682,
        "speed": 4.152205716302156,
        "brake": 0.0,
        "id": 1441,
        "ego_matrix": [
            [
                0.999984860420227,
                0.0005422093090601265,
                0.005480262450873852,
                541.6630249023438
            ],
            [
                -0.0005422114045359194,
                0.9999998807907104,
                -1.1011688911821693e-06,
                38.20986557006836
            ],
            [
                -0.0054802619852125645,
                -1.870308437901258e-06,
                0.9999849796295166,
                -0.017741087824106216
            ],
            [
                0.0,
                0.0,
                0.0,
                1.0
            ]
        ]
    },
    {
        "class": "Car",
        "extent": [
            1.2765706777572632,
            2.3557403087615967,
            0.7636788487434387
        ],
        "position": [
            -26.12990162219574,
            27.426458390856034,
            -2.5485868756245855
        ],
        "yaw": 0.6087349090630337,
        "num_points": 1,
        "distance": 37.966796990444045,
        "speed": 4.744088118331968,
        "brake": 0.0,
        "id": 1455,
        "ego_matrix": [
            [
                0.9999951720237732,
                0.00022052632994018495,
                0.003114813007414341,
                495.7434997558594
            ],
            [
                -0.00022050867846701294,
                1.0,
                -6.013168331264751e-06,
                48.73598861694336
            ],
            [
                -0.0031148141715675592,
                5.326295649865642e-06,
                0.9999951720237732,
                -0.030108928680419922
            ],
            [
                0.0,
                0.0,
                0.0,
                1.0
            ]
        ]
    },
    {
        "class": "Car",
        "extent": [
            1.8548461198806763,
            4.6045098304748535,
            1.9315931797027588
        ],
        "position": [
            -21.287341281127006,
            32.58676257687094,
            -2.506389358932163
        ],
        "yaw": 0.6086406331929543,
        "num_points": 1,
        "distance": 39.00423030491819,
        "speed": 5.012828931185619,
        "brake": 0.0,
        "id": 1470,
        "ego_matrix": [
            [
                0.9999998211860657,
                0.0003147859824821353,
                -0.00048208204680122435,
                496.7638244628906
            ],
            [
                -0.0003147855750285089,
                0.9999999403953552,
                9.306954780186061e-07,
                41.7332649230957
            ],
            [
                0.00048208230873569846,
                -7.789428195792425e-07,
                0.9999998807907104,
                0.011176700703799725
            ],
            [
                0.0,
                0.0,
                0.0,
                1.0
            ]
        ]
    },
    {
        "class": "Car",
        "extent": [
            1.4738311767578125,
            4.1928300857543945,
            1.8161858320236206
        ],
        "position": [
            -17.94223258625657,
            34.51437122922771,
            -2.5230775166030277
        ],
        "yaw": 0.6089261240313333,
        "num_points": 0,
        "distance": 38.98116791071115,
        "speed": 4.912724016466226,
        "brake": 0.0,
        "id": 1506,
        "ego_matrix": [
            [
                1.0,
                2.9294827982084826e-05,
                -4.756447015097365e-05,
                498.405029296875
            ],
            [
                -2.9294769774423912e-05,
                1.0,
                1.2244986464793328e-06,
                38.23871612548828
            ],
            [
                4.756450653076172e-05,
                -1.2231053005962167e-06,
                1.0,
                -0.005548458080738783
            ],
            [
                0.0,
                0.0,
                0.0,
                1.0
            ]
        ]
    },
    {
        "class": "Car",
        "extent": [
            1.5542958974838257,
            4.974244117736816,
            2.0384013652801514
        ],
        "position": [
            24.607279439234098,
            -12.188128318417384,
            -2.566656610794811
        ],
        "yaw": 0.608583641480608,
        "num_points": 11,
        "distance": 27.579999990291835,
        "speed": 10.908210519620493,
        "brake": 0.0,
        "id": 1523,
        "ego_matrix": [
            [
                0.9999871850013733,
                0.0003717584768310189,
                -0.005046704784035683,
                560.0204467773438
            ],
            [
                -0.00037177256308496,
                0.9999999403953552,
                -1.8521753872846602e-06,
                52.20747375488281
            ],
            [
                0.005046703852713108,
                3.728378032974433e-06,
                0.9999872446060181,
                -0.023802509531378746
            ],
            [
                0.0,
                0.0,
                0.0,
                1.0
            ]
        ]
    },
    {
        "class": "Car",
        "extent": [
            1.6355280876159668,
            5.0267767906188965,
            2.1515462398529053
        ],
        "position": [
            -1.4348881705837255,
            10.220595799601442,
            -2.40028904059153
        ],
        "yaw": 0.6087253217156188,
        "num_points": 175,
        "distance": 10.59626679728741,
        "speed": 7.718998470223011,
        "brake": 0.0,
        "id": 1556,
        "ego_matrix": [
            [
                0.9999733567237854,
                0.0002283867506776005,
                -0.007297981530427933,
                525.8413696289062
            ],
            [
                -0.000230090954573825,
                1.0,
                -0.00023267892538569868,
                48.723182678222656
            ],
            [
                0.007297927513718605,
                0.00023435191542375833,
                0.9999733567237854,
                0.12930162250995636
            ],
            [
                0.0,
                0.0,
                0.0,
                1.0
            ]
        ]
    },
    {
        "class": "Car",
        "extent": [
            1.488319993019104,
            4.791779518127441,
            2.163450002670288
        ],
        "position": [
            24.78263770457254,
            -3.774565273403387,
            -2.5379325568817683
        ],
        "yaw": 0.6084611362005015,
        "num_points": 13,
        "distance": 25.196578661845415,
        "speed": 5.585730643259742,
        "brake": 0.0,
        "id": 1557,
        "ego_matrix": [
            [
                0.9999997615814209,
                0.0004942826344631612,
                -0.00042951092473231256,
                555.3516235351562
            ],
            [
                -0.0004942825180478394,
                0.9999998807907104,
                3.11354881432635e-07,
                45.205970764160156
            ],
            [
                0.0004295110411476344,
                -9.905507170060446e-08,
                0.9999998807907104,
                0.0019088935805484653
            ],
            [
                0.0,
                0.0,
                0.0,
                1.0
            ]
        ]
    },
    {
        "class": "Car",
        "extent": [
            1.4750303030014038,
            3.805800199508667,
            1.97027587890625
        ],
        "position": [
            -34.7285301611129,
            33.41663046289385,
            -2.4725184926486317
        ],
        "yaw": 0.608635306870774,
        "num_points": 0,
        "distance": 48.25821532486902,
        "speed": 4.9497905314244575,
        "brake": 0.0,
        "id": 1578,
        "ego_matrix": [
            [
                0.9999999403953552,
                0.00032011192524805665,
                1.0729255564001505e-06,
                485.2640380859375
            ],
            [
                -0.00032011192524805665,
                0.9999999403953552,
                1.3137031373844366e-07,
                48.74106979370117
            ],
            [
                -1.0728834922701935e-06,
                -1.3171377588605537e-07,
                1.0,
                0.04209035634994507
            ],
            [
                0.0,
                0.0,
                0.0,
                1.0
            ]
        ]
    },
    {
        "class": "Car",
        "extent": [
            2.098191261291504,
            6.273552894592285,
            2.3895740509033203
        ],
        "position": [
            -7.279937782175377,
            27.093792206201623,
            -2.5249551242434856
        ],
        "yaw": 0.608765801715424,
        "num_points": 13,
        "distance": 28.16818184769155,
        "speed": 5.471069759508722,
        "brake": 0.0,
        "id": 1580,
        "ego_matrix": [
            [
                0.9999992251396179,
                0.000189617567230016,
                -0.00122821272816509,
                511.3953857421875
            ],
            [
                -0.00018961694149766117,
                1.0,
                6.250584192457609e-07,
                38.22646713256836
            ],
            [
                0.001228212844580412,
                -3.9216794789354026e-07,
                0.9999992251396179,
                -0.002631015609949827
            ],
            [
                0.0,
                0.0,
                0.0,
                1.0
            ]
        ]
    },
    {
        "class": "Car",
        "extent": [
            1.0239027738571167,
            1.6428436040878296,
            0.3725162446498871
        ],
        "position": [
            -19.746266587426653,
            18.70340329520149,
            -2.5407200547113016
        ],
        "yaw": 0.608839837609983,
        "num_points": 0,
        "distance": 27.31643456531413,
        "speed": 4.6640811461854295,
        "brake": 0.0,
        "id": 1581,
        "ego_matrix": [
            [
                0.9999749660491943,
                0.00011564903979888186,
                0.0070770373567938805,
                505.9693298339844
            ],
            [
                -0.00011557829566299915,
                1.0,
                -1.0405352441011928e-05,
                52.23952865600586
            ],
            [
                -0.007077038288116455,
                9.587140084477141e-06,
                0.9999749660491943,
                -0.017820987850427628
            ],
            [
                0.0,
                0.0,
                0.0,
                1.0
            ]
        ]
    },
    {
        "class": "Car",
        "extent": [
            1.6672759056091309,
            4.611005783081055,
            2.241713285446167
        ],
        "position": [
            -27.339126254108088,
            41.22389514929013,
            -2.439252898382691
        ],
        "yaw": 0.5665600206149137,
        "num_points": 0,
        "distance": 49.52562276559475,
        "speed": 4.967171199764436,
        "brake": 0.0,
        "id": 1582,
        "ego_matrix": [
            [
                0.999101459980011,
                0.04238273575901985,
                -7.221628038678318e-06,
                486.85931396484375
            ],
            [
                -0.04238269850611687,
                0.9991008043289185,
                0.001137660932727158,
                38.11036682128906
            ],
            [
                5.5432316003134474e-05,
                -0.0011363326339051127,
                0.9999993443489075,
                0.07398874312639236
            ],
            [
                0.0,
                0.0,
                0.0,
                1.0
            ]
        ]
    },
    {
        "class": "Car",
        "extent": [
            1.3787471055984497,
            2.2072951793670654,
            1.4809197187423706
        ],
        "position": [
            -8.492221594093206,
            23.659583931799503,
            -2.5198774280486176
        ],
        "yaw": 0.6087780522564384,
        "num_points": 10,
        "distance": 25.263481978568137,
        "speed": 8.618787680531389,
        "brake": 0.0,
        "id": 1583,
        "ego_matrix": [
            [
                0.999940812587738,
                0.0001773491530911997,
                -0.01088251918554306,
                512.3654174804688
            ],
            [
                -0.00017735605069901794,
                1.0,
                3.3229821383429226e-07,
                41.73680114746094
            ],
            [
                0.01088251918554306,
                1.5978021110640839e-06,
                0.999940812587738,
                0.003450908698141575
            ],
            [
                0.0,
                0.0,
                0.0,
                1.0
            ]
        ]
    },
    {
        "class": "Car",
        "extent": [
            2.0377910137176514,
            4.4804368019104,
            2.069315195083618
        ],
        "position": [
            -12.222307579567621,
            21.985441660446572,
            -2.522645898728984
        ],
        "yaw": 0.6091578140702169,
        "num_points": 20,
        "distance": 25.280589192201003,
        "speed": 7.433881817643668,
        "brake": 0.0,
        "id": 1587,
        "ego_matrix": [
            [
                0.9999817609786987,
                -0.00020301570475567132,
                -0.0060353889130055904,
                510.2634582519531
            ],
            [
                0.00020239157311152667,
                1.0,
                -0.00010401956387795508,
                45.24365997314453
            ],
            [
                0.006035409867763519,
                0.00010279614798491821,
                0.9999817609786987,
                0.0005515479715541005
            ],
            [
                0.0,
                0.0,
                0.0,
                1.0
            ]
        ]
    },
    {
        "class": "Car",
        "extent": [
            1.0239027738571167,
            1.6428436040878296,
            0.3725162446498871
        ],
        "position": [
            33.46272917447335,
            -9.833245876560014,
            -2.560621038895832
        ],
        "yaw": 0.6088355765522387,
        "num_points": 0,
        "distance": 34.971470492072115,
        "speed": 5.0040361461142515,
        "brake": 0.0,
        "id": 1594,
        "ego_matrix": [
            [
                0.9999793171882629,
                0.00011991075734840706,
                0.006431414280086756,
                565.9370727539062
            ],
            [
                -0.00011983976582996547,
                1.0,
                -1.1423397154430859e-05,
                45.21047592163086
            ],
            [
                -0.006431415677070618,
                1.0652422133716755e-05,
                0.9999793171882629,
                -0.01686958223581314
            ],
            [
                0.0,
                0.0,
                0.0,
                1.0
            ]
        ]
    },
    {
        "class": "Car",
        "extent": [
            1.300939917564392,
            4.717525005340576,
            1.894826889038086
        ],
        "position": [
            14.12112134595433,
            -0.6152157810755731,
            -2.5420490465934518
        ],
        "yaw": 0.6086518184695326,
        "num_points": 44,
        "distance": 14.361287264021222,
        "speed": 7.230684405681144,
        "brake": 0.0,
        "id": 1614,
        "ego_matrix": [
            [
                0.9999999403953552,
                0.00030360036180354655,
                -0.0001320837764069438,
                544.7993774414062
            ],
            [
                -0.0003036003326997161,
                0.9999999403953552,
                3.150259999529226e-07,
                48.71303176879883
            ],
            [
                0.0001320838782703504,
                -2.7492532694850524e-07,
                1.0,
                -0.005459117703139782
            ],
            [
                0.0,
                0.0,
                0.0,
                1.0
            ]
        ]
    },
    {
        "class": "Car",
        "extent": [
            1.6171096563339233,
            3.987684965133667,
            1.8508483171463013
        ],
        "position": [
            27.698305509705737,
            -1.51778307434497,
            -2.500806110861644
        ],
        "yaw": 0.6082736496272506,
        "num_points": 4,
        "distance": 27.852357616077786,
        "speed": 10.7437263172952,
        "brake": 0.0,
        "id": 1617,
        "ego_matrix": [
            [
                0.9999997615814209,
                0.0006817691028118134,
                8.094315126072615e-05,
                556.4522705078125
            ],
            [
                -0.0006817691028118134,
                0.9999997615814209,
                4.648314799737818e-08,
                41.68705368041992
            ],
            [
                -8.094310032902285e-05,
                -1.0166767339114813e-07,
                1.0,
                0.03879423066973686
            ],
            [
                0.0,
                0.0,
                0.0,
                1.0
            ]
        ]
    },
    {
        "class": "Car",
        "extent": [
            1.2765706777572632,
            2.3557403087615967,
            0.7636788487434387
        ],
        "position": [
            23.680689798000447,
            -7.272045768042916,
            -2.570790861090922
        ],
        "yaw": 0.6084568751752667,
        "num_points": 7,
        "distance": 24.905153776138423,
        "speed": 7.544906811922183,
        "brake": 0.0,
        "id": 1625,
        "ego_matrix": [
            [
                0.9999850392341614,
                0.0004985813284292817,
                0.00544878700748086,
                556.4483642578125
            ],
            [
                -0.0004985362174920738,
                0.9999998807907104,
                -9.640677490097005e-06,
                48.70509719848633
            ],
            [
                -0.005448790732771158,
                6.9241159508237615e-06,
                0.9999851584434509,
                -0.029900453984737396
            ],
            [
                0.0,
                0.0,
                0.0,
                1.0
            ]
        ]
    },
    {
        "class": "Car",
        "extent": [
            1.5107464790344238,
            4.901683330535889,
            2.128324270248413
        ],
        "position": [
            -28.574987622488276,
            24.86509325475027,
            -2.4858057851686612
        ],
        "yaw": 0.6088515555269066,
        "num_points": 2,
        "distance": 37.96026884249325,
        "speed": 4.308778967541126,
        "brake": 0.0,
        "id": 1653,
        "ego_matrix": [
            [
                0.9999998211860657,
                0.00010386385110905394,
                -0.0005989072378724813,
                495.2030334472656
            ],
            [
                -0.00010386325448052958,
                1.0,
                1.0190478860749863e-06,
                52.23554229736328
            ],
            [
                0.0005989073542878032,
                -9.568432233209023e-07,
                0.9999998211860657,
                0.03311658650636673
            ],
            [
                0.0,
                0.0,
                0.0,
                1.0
            ]
        ]
    },
    {
        "class": "Car",
        "extent": [
            1.385296106338501,
            4.181210041046143,
            1.9941171407699585
        ],
        "position": [
            -39.23404117150055,
            -16.050700814955512,
            -2.542855519575917
        ],
        "yaw": -0.569692701166363,
        "num_points": 3,
        "distance": 42.466470273518745,
        "speed": 6.187909901629146,
        "brake": 0.0,
        "id": 1654,
        "ego_matrix": [
            [
                0.38217443227767944,
                0.9240902066230774,
                -0.00010397101868875325,
                509.8642883300781
            ],
            [
                -0.9240902066230774,
                0.38217443227767944,
                0.00012457418779376894,
                91.89366149902344
            ],
            [
                0.00015485285257454962,
                4.8469526518601924e-05,
                1.0,
                -0.011220607906579971
            ],
            [
                0.0,
                0.0,
                0.0,
                1.0
            ]
        ]
    }
]