[
    {
        "class": "Car",
        "extent": [
            1.5107464790344238,
            4.901683330535889,
            2.128324270248413
        ],
        "position": [
            -1.3,
            0.0,
            -2.5
        ],
        "yaw": 0,
        "num_points": -1,
        "distance": -1,
        "speed": 2.742384463095342,
        "brake": 0.0,
        "id": 1374,
        "ego_matrix": [
            [
                0.8469483256340027,
                0.5316751003265381,
                0.00015896288095973432,
                533.0845947265625
            ],
            [
                -0.5316749811172485,
                0.8469482660293579,
                -0.0005620191805064678,
                56.25471496582031
            ],
            [
                -0.00043344494770281017,
                0.0003914845874533057,
                0.9999998211860657,
                0.033633194863796234
            ],
            [
                0.0,
                0.0,
                0.0,
                1.0
            ]
        ]
    },
    {
        "class": "Car",
        "extent": [
            1.1256572008132935,
            1.8354405164718628,
            0.3289288878440857
        ],
        "position": [
            2.5538735124525136,
            18.860227791665416,
            -2.5375746455218153
        ],
        "yaw": 0.5602910767606202,
        "num_points": 4,
        "distance": 19.200774655016144,
        "speed": 5.723443575998647,
        "brake": 0.0,
        "id": 1382,
        "ego_matrix": [
            [
                0.9999929070472717,
                0.00028599347569979727,
                -0.003751747775822878,
                526.3211059570312
            ],
            [
                -0.0002860214444808662,
                0.9999999403953552,
                -6.916395250300411e-06,
                38.23208999633789
            ],
            [
                0.003751745680347085,
                7.989427103893831e-06,
                0.9999929666519165,
                -0.012995376251637936
            ],
            [
                0.0,
                0.0,
                0.0,
                1.0
            ]
        ]
    },
    {
        "class": "Car",
        "extent": [
            2.098191261291504,
            6.273552894592285,
            2.3895740509033203
        ],
        "position": [
            8.582281336636319,
            6.8304063874171295,
            -2.5292478921351584
        ],
        "yaw": 0.5602069208376643,
        "num_points": 270,
        "distance": 11.256424799123163,
        "speed": 6.745595421146118,
        "brake": 0.0,
        "id": 1426,
        "ego_matrix": [
            [
                0.9999998807907104,
                0.0003701793903019279,
                -0.00024843213031999767,
                537.8228149414062
            ],
            [
                -0.00037017936119809747,
                0.9999999403953552,
                9.196446626447141e-08,
                45.21556854248047
            ],
            [
                0.0002484321594238281,
                -0.0,
                0.9999999403953552,
                -0.002572116907685995
            ],
            [
                0.0,
                0.0,
                0.0,
                1.0
            ]
        ]
    },
    {
        "class": "Car",
        "extent": [
            1.0239027738571167,
            1.6428436040878296,
            0.3725162446498871
        ],
        "position": [
            17.320773229887486,
            9.61779004938883,
            -2.5395333758053944
        ],
        "yaw": 0.5600386090892806,
        "num_points": 0,
        "distance": 19.973990599831055,
        "speed": 4.161116426954498,
        "brake": 0.0,
        "id": 1441,
        "ego_matrix": [
            [
                0.99998539686203,
                0.0005384805263020098,
                0.005387518554925919,
                543.7418823242188
            ],
            [
                -0.0005384833202697337,
                0.9999998807907104,
                -9.37208369578002e-07,
                38.20876693725586
            ],
            [
                -0.005387518089264631,
                -1.9638941921584774e-06,
                0.9999855160713196,
                -0.017736472189426422
            ],
            [
                0.0,
                0.0,
                0.0,
                1.0
            ]
        ]
    },
    {
        "class": "Car",
        "extent": [
            1.2765706777572632,
            2.3557403087615967,
            0.7636788487434387
        ],
        "position": [
            -26.91868623503464,
            24.96022015606101,
            -2.565074881904829
        ],
        "yaw": 0.5603565904909268,
        "num_points": 5,
        "distance": 36.799563421446415,
        "speed": 4.746473246663426,
        "brake": 0.0,
        "id": 1455,
        "ego_matrix": [
            [
                0.9999951720237732,
                0.00022052632994018495,
                0.003114813007414341,
                498.11614990234375
            ],
            [
                -0.00022050867846701294,
                1.0,
                -6.013168331264751e-06,
                48.73554992675781
            ],
            [
                -0.0031148141715675592,
                5.326295649865642e-06,
                0.9999951720237732,
                -0.030108928680419922
            ],
            [
                0.0,
                0.0,
                0.0,
                1.0
            ]
        ]
    },
    {
        "class": "Car",
        "extent": [
            1.8548461198806763,
            4.6045098304748535,
            1.9315931797027588
        ],
        "position": [
            -22.21045787932695,
            30.272936340471933,
            -2.5197732782617654
        ],
        "yaw": 0.5602633798852833,
        "num_points": 7,
        "distance": 37.631162236336316,
        "speed": 5.058639903693359,
        "brake": 0.0,
        "id": 1470,
        "ego_matrix": [
            [
                0.9999996423721313,
                0.00031372063676826656,
                -0.0007663962314836681,
                499.2791442871094
            ],
            [
                -0.0003137202584184706,
                0.9999999403953552,
                6.070040399208665e-07,
                41.73268127441406
            ],
            [
                0.0007663964061066508,
                -3.6656982160820917e-07,
                0.9999997019767761,
                0.011072062887251377
            ],
            [
                0.0,
                0.0,
                0.0,
                1.0
            ]
        ]
    },
    {
        "class": "Car",
        "extent": [
            1.4738311767578125,
            4.1928300857543945,
            1.8161858320236206
        ],
        "position": [
            -19.00864196062926,
            32.3885052764286,
            -2.534178159177326
        ],
        "yaw": 0.5605435444014822,
        "num_points": 0,
        "distance": 37.63994955059172,
        "speed": 4.926078795261586,
        "brake": 0.0,
        "id": 1506,
        "ego_matrix": [
            [
                1.0,
                3.355589433340356e-05,
                -5.292887726682238e-05,
                500.8661193847656
            ],
            [
                -3.355582884978503e-05,
                1.0,
                1.2684324701695004e-06,
                38.23858642578125
            ],
            [
                5.292892092256807e-05,
                -1.2666563407037756e-06,
                1.0,
                -0.005548839457333088
            ],
            [
                0.0,
                0.0,
                0.0,
                1.0
            ]
        ]
    },
    {
        "class": "Car",
        "extent": [
            1.5542958974838257,
            4.974244117736816,
            2.0384013652801514
        ],
        "position": [
            28.25326445819378,
            -13.771622607012374,
            -2.5496560111641315
        ],
        "yaw": 0.5602053229735197,
        "num_points": 11,
        "distance": 31.534192356073994,
        "speed": 10.785512277760962,
        "brake": 0.0,
        "id": 1523,
        "ego_matrix": [
            [
                0.9999905228614807,
                0.00037174028693698347,
                -0.0043378956615924835,
                565.4367065429688
            ],
            [
                -0.0003717737563420087,
                0.9999999403953552,
                -6.909383955644444e-06,
                52.20586395263672
            ],
            [
                0.00433789286762476,
                8.522034477209672e-06,
                0.9999905824661255,
                -0.023441143333911896
            ],
            [
                0.0,
                0.0,
                0.0,
                1.0
            ]
        ]
    },
    {
        "class": "Car",
        "extent": [
            1.6355280876159668,
            5.0267767906188965,
            2.1515462398529053
        ],
        "position": [
            -0.09216977028210582,
            8.134987274174968,
            -2.4006407847365003
        ],
        "yaw": 0.560350731520274,
        "num_points": 388,
        "distance": 8.482310380720739,
        "speed": 8.00790609818291,
        "brake": 0.0,
        "id": 1556,
        "ego_matrix": [
            [
                0.999972939491272,
                0.00022464555513579398,
                -0.007352696266025305,
                529.7824096679688
            ],
            [
                -0.00022636257926933467,
                1.0,
                -0.00023269378289114684,
                48.722572326660156
            ],
            [
                0.007352643180638552,
                0.00023435184266418219,
                0.999972939491272,
                0.12928414344787598
            ],
            [
                0.0,
                0.0,
                0.0,
                1.0
            ]
        ]
    },
    {
        "class": "Car",
        "extent": [
            1.488319993019104,
            4.791779518127441,
            2.163450002670288
        ],
        "position": [
            25.866444603464547,
            -4.006735404090155,
            -2.521594091666757
        ],
        "yaw": 0.5600822849636673,
        "num_points": 3,
        "distance": 26.29610849128856,
        "speed": 5.730360725287205,
        "brake": 0.4137096405029297,
        "id": 1557,
        "ego_matrix": [
            [
                0.9999998807907104,
                0.0004948152345605195,
                -6.711477908538654e-05,
                558.2234497070312
            ],
            [
                -0.0004948152345605195,
                0.9999998807907104,
                1.0725970867042633e-07,
                45.204505920410156
            ],
            [
                6.711482274113223e-05,
                -7.405028412676984e-08,
                1.0,
                0.0018325232667848468
            ],
            [
                0.0,
                0.0,
                0.0,
                1.0
            ]
        ]
    },
    {
        "class": "Car",
        "extent": [
            1.4750303030014038,
            3.805800199508667,
            1.97027587890625
        ],
        "position": [
            -35.709979182547045,
            30.47294564392379,
            -2.4945279797657656
        ],
        "yaw": 0.5602569882986671,
        "num_points": 0,
        "distance": 47.01091042808373,
        "speed": 4.95175605504442,
        "brake": 0.0,
        "id": 1578,
        "ego_matrix": [
            [
                0.9999999403953552,
                0.00032011192524805665,
                1.0729255564001505e-06,
                487.7394104003906
            ],
            [
                -0.00032011192524805665,
                0.9999999403953552,
                1.3137031373844366e-07,
                48.74062728881836
            ],
            [
                -1.0728834922701935e-06,
                -1.3171377588605537e-07,
                1.0,
                0.04209035634994507
            ],
            [
                0.0,
                0.0,
                0.0,
                1.0
            ]
        ]
    },
    {
        "class": "Car",
        "extent": [
            2.098191261291504,
            6.273552894592285,
            2.3895740509033203
        ],
        "position": [
            -7.681302556643707,
            25.29264857499216,
            -2.5293027307484994
        ],
        "yaw": 0.5603885484565171,
        "num_points": 3,
        "distance": 26.554055306271508,
        "speed": 5.868993507446551,
        "brake": 0.0,
        "id": 1580,
        "ego_matrix": [
            [
                0.9999997615814209,
                0.00018855206144507974,
                -0.0006817577523179352,
                514.2324829101562
            ],
            [
                -0.0001885517267510295,
                1.0,
                5.642529004035168e-07,
                38.22594451904297
            ],
            [
                0.0006817578105255961,
                -4.3570611296672723e-07,
                0.9999997615814209,
                -0.0028052711859345436
            ],
            [
                0.0,
                0.0,
                0.0,
                1.0
            ]
        ]
    },
    {
        "class": "Car",
        "extent": [
            1.0239027738571167,
            1.6428436040878296,
            0.3725162446498871
        ],
        "position": [
            -20.168022711010973,
            16.58571329451556,
            -2.5530102423034733
        ],
        "yaw": 0.5603928094654973,
        "num_points": 1,
        "distance": 26.236480077499557,
        "speed": 4.549608596068089,
        "brake": 0.0,
        "id": 1581,
        "ego_matrix": [
            [
                0.9999896883964539,
                0.0001843391655711457,
                0.004542809911072254,
                508.2861328125
            ],
            [
                -0.00018428885960020125,
                1.0,
                -1.1489842108858284e-05,
                52.239158630371094
            ],
            [
                -0.004542811773717403,
                1.0652534001565073e-05,
                0.9999896883964539,
                -0.0176918413490057
            ],
            [
                0.0,
                0.0,
                0.0,
                1.0
            ]
        ]
    },
    {
        "class": "Car",
        "extent": [
            1.6672759056091309,
            4.611005783081055,
            2.241713285446167
        ],
        "position": [
            -28.58937886356551,
            38.8187957168669,
            -2.456272685210806
        ],
        "yaw": 0.47017392488568155,
        "num_points": 0,
        "distance": 48.27302311039203,
        "speed": 4.966568142806554,
        "brake": 0.0,
        "id": 1582,
        "ego_matrix": [
            [
                0.9959164261817932,
                0.09028006345033646,
                7.596809882670641e-05,
                489.3329162597656
            ],
            [
                -0.09028008580207825,
                0.9959154725074768,
                0.0013794142287224531,
                37.88625717163086
            ],
            [
                4.8875805077841505e-05,
                -0.0013806397328153253,
                0.9999990463256836,
                0.07399198412895203
            ],
            [
                0.0,
                0.0,
                0.0,
                1.0
            ]
        ]
    },
    {
        "class": "Car",
        "extent": [
            1.3787471055984497,
            2.2072951793670654,
            1.4809197187423706
        ],
        "position": [
            -7.258732149325357,
            20.883122594585018,
            -2.524611089613523
        ],
        "yaw": 0.5603731021221946,
        "num_points": 12,
        "distance": 22.25236308507293,
        "speed": 9.610940053544306,
        "brake": 0.0,
        "id": 1583,
        "ego_matrix": [
            [
                0.9999421238899231,
                0.00020398091874085367,
                -0.010756642557680607,
                516.934814453125
            ],
            [
                -0.00020398630294948816,
                1.0,
                5.964383262835327e-07,
                41.73591232299805
            ],
            [
                0.010756642557680607,
                1.5978039300534874e-06,
                0.9999421238899231,
                0.00342946988530457
            ],
            [
                0.0,
                0.0,
                0.0,
                1.0
            ]
        ]
    },
    {
        "class": "Car",
        "extent": [
            2.0377910137176514,
            4.4804368019104,
            2.069315195083618
        ],
        "position": [
            -11.576247487541137,
            19.451181511054763,
            -2.52817734041046
        ],
        "yaw": 0.5607658603051335,
        "num_points": 21,
        "distance": 22.776076236555014,
        "speed": 7.677579306187381,
        "brake": 0.0,
        "id": 1587,
        "ego_matrix": [
            [
                0.9999979138374329,
                -0.0001888077676994726,
                -0.0020350157283246517,
                514.0394287109375
            ],
            [
                0.00018875968817155808,
                1.0,
                -2.3819946363801137e-05,
                45.24420928955078
            ],
            [
                0.002035020152106881,
                2.3435766706825234e-05,
                0.9999979138374329,
                0.002295207930728793
            ],
            [
                0.0,
                0.0,
                0.0,
                1.0
            ]
        ]
    },
    {
        "class": "Car",
        "extent": [
            1.0239027738571167,
            1.6428436040878296,
            0.3725162446498871
        ],
        "position": [
            34.49901517440057,
            -9.432427942429054,
            -2.539673843000304
        ],
        "yaw": 0.5603912116013525,
        "num_points": 1,
        "distance": 35.85530209217958,
        "speed": 4.875178325651891,
        "brake": 0.0,
        "id": 1594,
        "ego_matrix": [
            [
                0.9999899864196777,
                0.00018594108405523002,
                0.004476767964661121,
                568.4194946289062
            ],
            [
                -0.00018588676175568253,
                1.0,
                -1.2550089195428882e-05,
                45.21007537841797
            ],
            [
                -0.004476770292967558,
                1.1717791494447738e-05,
                0.9999899864196777,
                -0.0178648941218853
            ],
            [
                0.0,
                0.0,
                0.0,
                1.0
            ]
        ]
    },
    {
        "class": "Car",
        "extent": [
            1.300939917564392,
            4.717525005340576,
            1.894826889038086
        ],
        "position": [
            15.85088388015425,
            -1.8609320793546726,
            -2.5324059150785554
        ],
        "yaw": 0.5602734998974257,
        "num_points": 32,
        "distance": 16.159414212923377,
        "speed": 7.958569144222729,
        "brake": 0.0,
        "id": 1614,
        "ego_matrix": [
            [
                0.9999999403953552,
                0.000303600390907377,
                -0.00016999233048409224,
                548.5999145507812
            ],
            [
                -0.0003036003326997161,
                0.9999999403953552,
                3.4606878784870787e-07,
                48.71215057373047
            ],
            [
                0.00016999243234749883,
                -2.9445905624925217e-07,
                1.0,
                -0.005478153005242348
            ],
            [
                0.0,
                0.0,
                0.0,
                1.0
            ]
        ]
    },
    {
        "class": "Car",
        "extent": [
            1.6171096563339233,
            3.987684965133667,
            1.8508483171463013
        ],
        "position": [
            30.748814024295957,
            -2.9144539892616743,
            -2.482101193959755
        ],
        "yaw": 0.5599427353225471,
        "num_points": 2,
        "distance": 30.98619744811098,
        "speed": 10.571891958303771,
        "brake": 0.0,
        "id": 1617,
        "ego_matrix": [
            [
                0.9999998211860657,
                0.0006343648419715464,
                5.4359577916329727e-05,
                561.77783203125
            ],
            [
                -0.0006343648419715464,
                0.9999998211860657,
                2.0585463289535255e-07,
                41.68354415893555
            ],
            [
                -5.435943603515625e-05,
                -2.4033840873016743e-07,
                1.0,
                0.03878156468272209
            ],
            [
                0.0,
                0.0,
                0.0,
                1.0
            ]
        ]
    },
    {
        "class": "Car",
        "extent": [
            1.2765706777572632,
            2.3557403087615967,
            0.7636788487434387
        ],
        "position": [
            25.94202417838917,
            -8.184953312605375,
            -2.554836143706923
        ],
        "yaw": 0.5600785565381411,
        "num_points": 5,
        "distance": 27.32232177035563,
        "speed": 8.59908604240062,
        "brake": 0.0,
        "id": 1625,
        "ego_matrix": [
            [
                0.9999891519546509,
                0.000498575740493834,
                0.004634479060769081,
                560.5089111328125
            ],
            [
                -0.0004985383129678667,
                0.9999998807907104,
                -9.234709068550728e-06,
                48.70307540893555
            ],
            [
                -0.00463448278605938,
                6.9241441451595165e-06,
                0.9999892711639404,
                -0.029806574806571007
            ],
            [
                0.0,
                0.0,
                0.0,
                1.0
            ]
        ]
    },
    {
        "class": "Car",
        "extent": [
            1.5107464790344238,
            4.901683330535889,
            2.128324270248413
        ],
        "position": [
            -29.354714260071006,
            22.357277403785123,
            -2.5037448094752914
        ],
        "yaw": 0.5604732369466723,
        "num_points": 9,
        "distance": 36.98399437961226,
        "speed": 4.562958614341051,
        "brake": 0.0,
        "id": 1653,
        "ego_matrix": [
            [
                1.0,
                0.00010386349458713084,
                -0.00023818005865905434,
                497.4368896484375
            ],
            [
                -0.00010386328358436003,
                1.0,
                9.220803462994809e-07,
                52.23524856567383
            ],
            [
                0.0002381801459705457,
                -8.973421472546761e-07,
                1.0,
                0.03329603001475334
            ],
            [
                0.0,
                0.0,
                0.0,
                1.0
            ]
        ]
    },
    {
        "class": "Car",
        "extent": [
            1.385296106338501,
            4.181210041046143,
            1.9941171407699585
        ],
        "position": [
            -37.35493920775475,
            -16.0446067575412,
            -2.5667285306408862
        ],
        "yaw": -0.6097094928639483,
        "num_points": 0,
        "distance": 40.7358439776224,
        "speed": 6.27959551483335,
        "brake": 0.0,
        "id": 1654,
        "ego_matrix": [
            [
                0.38988783955574036,
                0.9208623766899109,
                -0.00012799646356143057,
                511.07843017578125
            ],
            [
                -0.9208623766899109,
                0.38988783955574036,
                2.0890340238111094e-05,
                89.01321411132812
            ],
            [
                6.914138793945312e-05,
                0.0001097222266253084,
                1.0,
                -0.011186275631189346
            ],
            [
                0.0,
                0.0,
                0.0,
                1.0
            ]
        ]
    }
]