[
    {
        "class": "Car",
        "extent": [
            1.5107464790344238,
            4.901683330535889,
            2.128324270248413
        ],
        "position": [
            -1.3,
            0.0,
            -2.5
        ],
        "yaw": 0,
        "num_points": -1,
        "distance": -1,
        "speed": 3.055328734233895,
        "brake": 0.0,
        "id": 1374,
        "ego_matrix": [
            [
                0.87144935131073,
                0.49048542976379395,
                -0.0003058427828364074,
                534.4000854492188
            ],
            [
                -0.4904855191707611,
                0.8714492917060852,
                -0.00024347761063836515,
                55.547122955322266
            ],
            [
                0.00014710424875374883,
                0.0003621898649726063,
                0.9999999403953552,
                0.03334415331482887
            ],
            [
                0.0,
                0.0,
                0.0,
                1.0
            ]
        ]
    },
    {
        "class": "Car",
        "extent": [
            1.1256572008132935,
            1.8354405164718628,
            0.3289288878440857
        ],
        "position": [
            2.7447828732640627,
            17.59381651866543,
            -2.540558860181537
        ],
        "yaw": 0.5122958206543168,
        "num_points": 3,
        "distance": 17.9869578316033,
        "speed": 5.846893945878208,
        "brake": 0.0,
        "id": 1382,
        "ego_matrix": [
            [
                0.9999927282333374,
                0.0003509742091409862,
                -0.003800623817369342,
                529.29541015625
            ],
            [
                -0.00035100203240290284,
                0.9999999403953552,
                -6.6554471231938805e-06,
                38.23110580444336
            ],
            [
                0.0038006212562322617,
                7.98942619439913e-06,
                0.9999927878379822,
                -0.012992000207304955
            ],
            [
                0.0,
                0.0,
                0.0,
                1.0
            ]
        ]
    },
    {
        "class": "Car",
        "extent": [
            2.098191261291504,
            6.273552894592285,
            2.3895740509033203
        ],
        "position": [
            9.636197349418994,
            5.7012999740357255,
            -2.5350619796373093
        ],
        "yaw": 0.5122766458619589,
        "num_points": 233,
        "distance": 11.479880661030062,
        "speed": 6.368627338743028,
        "brake": 0.0,
        "id": 1426,
        "ego_matrix": [
            [
                0.9999996423721313,
                0.00037017915747128427,
                0.0007536410703323781,
                541.134033203125
            ],
            [
                -0.00037017924478277564,
                0.9999999403953552,
                -2.4873997972463258e-08,
                45.214691162109375
            ],
            [
                -0.0007536410121247172,
                -2.541083006235567e-07,
                0.9999997019767761,
                -0.002174014924094081
            ],
            [
                0.0,
                0.0,
                0.0,
                1.0
            ]
        ]
    },
    {
        "class": "Car",
        "extent": [
            1.0239027738571167,
            1.6428436040878296,
            0.3725162446498871
        ],
        "position": [
            17.15960599925679,
            9.507492221817696,
            -2.550351092638707
        ],
        "yaw": 0.512114193035464,
        "num_points": 0,
        "distance": 19.78253717533161,
        "speed": 4.164052454835502,
        "brake": 0.0,
        "id": 1441,
        "ego_matrix": [
            [
                0.9999855160713196,
                0.0005326197133399546,
                0.005357240792363882,
                545.8234252929688
            ],
            [
                -0.0005326245445758104,
                0.9999998807907104,
                -5.301706096361158e-07,
                38.20766830444336
            ],
            [
                -0.0053572398610413074,
                -2.323234411960584e-06,
                0.9999856352806091,
                -0.017734965309500694
            ],
            [
                0.0,
                0.0,
                0.0,
                1.0
            ]
        ]
    },
    {
        "class": "Car",
        "extent": [
            1.2765706777572632,
            2.3557403087615967,
            0.7636788487434387
        ],
        "position": [
            -27.509879680189076,
            22.568828236285214,
            -2.551423033100683
        ],
        "yaw": 0.512426315482712,
        "num_points": 0,
        "distance": 35.67429393094223,
        "speed": 4.747473170333032,
        "brake": 0.0,
        "id": 1455,
        "ego_matrix": [
            [
                0.9999951720237732,
                0.00022052632994018495,
                0.003114813007414341,
                500.4898376464844
            ],
            [
                -0.00022050867846701294,
                1.0,
                -6.013168331264751e-06,
                48.735111236572266
            ],
            [
                -0.0031148141715675592,
                5.326295649865642e-06,
                0.9999951720237732,
                -0.030108660459518433
            ],
            [
                0.0,
                0.0,
                0.0,
                1.0
            ]
        ]
    },
    {
        "class": "Car",
        "extent": [
            1.8548461198806763,
            4.6045098304748535,
            1.9315931797027588
        ],
        "position": [
            -22.88206921279861,
            28.00016756964106,
            -2.5093132609976223
        ],
        "yaw": 0.5123309743156872,
        "num_points": 11,
        "distance": 36.247691353093145,
        "speed": 5.275686435144008,
        "brake": 0.0,
        "id": 1470,
        "ego_matrix": [
            [
                0.9999969005584717,
                0.00031585252145305276,
                -0.0024582117330282927,
                501.8587341308594
            ],
            [
                -0.0003158499312121421,
                0.9999999403953552,
                1.4393652918442967e-06,
                41.73208999633789
            ],
            [
                0.00245821219868958,
                -6.629348376918642e-07,
                0.9999969601631165,
                0.010714702308177948
            ],
            [
                0.0,
                0.0,
                0.0,
                1.0
            ]
        ]
    },
    {
        "class": "Car",
        "extent": [
            1.4738311767578125,
            4.1928300857543945,
            1.8161858320236206
        ],
        "position": [
            -19.863917818687167,
            30.31045273889065,
            -2.524237255717602
        ],
        "yaw": 0.5126132693973311,
        "num_points": 0,
        "distance": 36.327270060757854,
        "speed": 5.299560638614336,
        "brake": 0.0,
        "id": 1506,
        "ego_matrix": [
            [
                0.9999997615814209,
                3.355634544277564e-05,
                -0.0007027386454865336,
                503.3557434082031
            ],
            [
                -3.35558142978698e-05,
                1.0,
                7.709041938142036e-07,
                38.23843765258789
            ],
            [
                0.0007027386454865336,
                -7.473230425603106e-07,
                0.9999997615814209,
                -0.004602069966495037
            ],
            [
                0.0,
                0.0,
                0.0,
                1.0
            ]
        ]
    },
    {
        "class": "Car",
        "extent": [
            1.5542958974838257,
            4.974244117736816,
            2.0384013652801514
        ],
        "position": [
            31.86548338242419,
            -14.830884797506545,
            -2.567461287773872
        ],
        "yaw": 0.5122771784941769,
        "num_points": 0,
        "distance": 35.241396574719914,
        "speed": 9.987765857362225,
        "brake": 0.0,
        "id": 1523,
        "ego_matrix": [
            [
                0.9999862909317017,
                0.00036933220690116286,
                -0.005225775763392448,
                570.5764770507812
            ],
            [
                -0.00036964169703423977,
                0.9999999403953552,
                -5.825575863127597e-05,
                52.204315185546875
            ],
            [
                0.005225753877311945,
                6.018662315909751e-05,
                0.9999863505363464,
                -0.023866748437285423
            ],
            [
                0.0,
                0.0,
                0.0,
                1.0
            ]
        ]
    },
    {
        "class": "Car",
        "extent": [
            1.6355280876159668,
            5.0267767906188965,
            2.1515462398529053
        ],
        "position": [
            1.496644409871709,
            6.257939296862584,
            -2.4021682843496803
        ],
        "yaw": 0.5124199239123505,
        "num_points": 762,
        "distance": 6.8681992690335285,
        "speed": 8.032886998235108,
        "brake": 0.0,
        "id": 1556,
        "ego_matrix": [
            [
                0.9999738335609436,
                0.00022520542552229017,
                -0.007236350793391466,
                533.7677612304688
            ],
            [
                -0.00022689536854159087,
                1.0,
                -0.0002327162364963442,
                48.72190856933594
            ],
            [
                0.007236297708004713,
                0.00023435203183908015,
                0.9999738335609436,
                0.12932069599628448
            ],
            [
                0.0,
                0.0,
                0.0,
                1.0
            ]
        ]
    },
    {
        "class": "Car",
        "extent": [
            1.488319993019104,
            4.791779518127441,
            2.163450002670288
        ],
        "position": [
            26.769647237932002,
            -3.9289243969445056,
            -2.5378497567301332
        ],
        "yaw": 0.5121520098904339,
        "num_points": 3,
        "distance": 27.17519349605374,
        "speed": 4.723532631643785,
        "brake": 0.0,
        "id": 1557,
        "ego_matrix": [
            [
                0.9999998211860657,
                0.0004948152927681804,
                0.00032711029052734375,
                560.7884521484375
            ],
            [
                -0.0004948152927681804,
                0.9999998807907104,
                -6.131695329258946e-08,
                45.2032356262207
            ],
            [
                -0.0003271102614235133,
                -1.0054223054112299e-07,
                0.9999999403953552,
                0.001046581193804741
            ],
            [
                0.0,
                0.0,
                0.0,
                1.0
            ]
        ]
    },
    {
        "class": "Car",
        "extent": [
            1.4750303030014038,
            3.805800199508667,
            1.97027587890625
        ],
        "position": [
            -36.46572495660009,
            27.603678135703923,
            -2.4760829947655205
        ],
        "yaw": 0.5123267132904523,
        "num_points": 0,
        "distance": 45.80221752521282,
        "speed": 4.953723010127431,
        "brake": 0.0,
        "id": 1578,
        "ego_matrix": [
            [
                0.9999999403953552,
                0.00032011192524805665,
                1.0729255564001505e-06,
                490.2157287597656
            ],
            [
                -0.00032011192524805665,
                0.9999999403953552,
                1.3137031373844366e-07,
                48.74018859863281
            ],
            [
                -1.0728834922701935e-06,
                -1.3171377588605537e-07,
                1.0,
                0.04209035634994507
            ],
            [
                0.0,
                0.0,
                0.0,
                1.0
            ]
        ]
    },
    {
        "class": "Car",
        "extent": [
            2.098191261291504,
            6.273552894592285,
            2.3895740509033203
        ],
        "position": [
            -7.826830224436124,
            23.550462170256115,
            -2.5263852871181296
        ],
        "yaw": 0.5124588060642656,
        "num_points": 13,
        "distance": 24.945263326206405,
        "speed": 6.0010214272288165,
        "brake": 0.0,
        "id": 1580,
        "ego_matrix": [
            [
                1.0,
                0.00018801922851707786,
                -0.00014233578986022621,
                517.1611328125
            ],
            [
                -0.00018801915575750172,
                1.0,
                4.885380349151092e-07,
                38.22541046142578
            ],
            [
                0.00014233587717171758,
                -4.617761817371502e-07,
                1.0,
                -0.0025309943594038486
            ],
            [
                0.0,
                0.0,
                0.0,
                1.0
            ]
        ]
    },
    {
        "class": "Car",
        "extent": [
            1.0239027738571167,
            1.6428436040878296,
            0.3725162446498871
        ],
        "position": [
            -20.437558544346786,
            14.567924109875207,
            -2.543057285725421
        ],
        "yaw": 0.5123911617888323,
        "num_points": 0,
        "distance": 25.226679378847443,
        "speed": 4.703967758813722,
        "brake": 0.0,
        "id": 1581,
        "ego_matrix": [
            [
                0.9999772310256958,
                0.0002557352418079972,
                0.006738726980984211,
                510.57733154296875
            ],
            [
                -0.0002556576509959996,
                0.9999999403953552,
                -1.2375489859550726e-05,
                52.23862075805664
            ],
            [
                -0.006738730240613222,
                1.0652402124833316e-05,
                0.9999772906303406,
                -0.017804699018597603
            ],
            [
                0.0,
                0.0,
                0.0,
                1.0
            ]
        ]
    },
    {
        "class": "Car",
        "extent": [
            1.6672759056091309,
            4.611005783081055,
            2.241713285446167
        ],
        "position": [
            -29.59095729287963,
            36.60834960102622,
            -2.4419301680152072
        ],
        "yaw": 0.3659314997795264,
        "num_points": 0,
        "distance": 47.13553900153732,
        "speed": 4.967644108332841,
        "brake": 0.0,
        "id": 1582,
        "ego_matrix": [
            [
                0.9892566204071045,
                0.14618943631649017,
                0.0001665767777012661,
                491.7900695800781
            ],
            [
                -0.14618954062461853,
                0.9892555475234985,
                0.0014427921269088984,
                37.52109146118164
            ],
            [
                4.613399141817354e-05,
                -0.0014516434166580439,
                0.999998927116394,
                0.07399308681488037
            ],
            [
                0.0,
                0.0,
                0.0,
                1.0
            ]
        ]
    },
    {
        "class": "Car",
        "extent": [
            1.3787471055984497,
            2.2072951793670654,
            1.4809197187423706
        ],
        "position": [
            -5.343221877315141,
            18.125515037794546,
            -2.5227770433609074
        ],
        "yaw": 0.5124151302223884,
        "num_points": 18,
        "distance": 19.064331077329836,
        "speed": 10.555831014683687,
        "brake": 0.0,
        "id": 1583,
        "ego_matrix": [
            [
                0.9999434947967529,
                0.00023167801555246115,
                -0.010628141462802887,
                521.986328125
            ],
            [
                -0.00023168190091382712,
                1.0,
                8.645907882964821e-07,
                41.73480224609375
            ],
            [
                0.010628141462802887,
                1.5978060901034041e-06,
                0.9999434947967529,
                0.0034074592404067516
            ],
            [
                0.0,
                0.0,
                0.0,
                1.0
            ]
        ]
    },
    {
        "class": "Car",
        "extent": [
            2.0377910137176514,
            4.4804368019104,
            2.069315195083618
        ],
        "position": [
            -10.606156647349614,
            17.060041918834006,
            -2.5231277680839903
        ],
        "yaw": 0.5127948869972268,
        "num_points": 26,
        "distance": 20.246030792097706,
        "speed": 7.807013422384115,
        "brake": 0.0,
        "id": 1587,
        "ego_matrix": [
            [
                0.9999992847442627,
                -0.0001480792707297951,
                -0.0011730168480426073,
                517.9225463867188
            ],
            [
                0.000148061677464284,
                1.0,
                -1.5087380234035663e-05,
                45.24470138549805
            ],
            [
                0.001173019059933722,
                1.491369039285928e-05,
                0.9999992847442627,
                0.0026684380136430264
            ],
            [
                0.0,
                0.0,
                0.0,
                1.0
            ]
        ]
    },
    {
        "class": "Car",
        "extent": [
            1.0239027738571167,
            1.6428436040878296,
            0.3725162446498871
        ],
        "position": [
            35.54685307525784,
            -8.876275579862464,
            -2.559782118630098
        ],
        "yaw": 0.5123906291078504,
        "num_points": 4,
        "distance": 36.727639676658896,
        "speed": 4.997492021685476,
        "brake": 0.0,
        "id": 1594,
        "ego_matrix": [
            [
                0.9999779462814331,
                0.0002562738081905991,
                0.006632275879383087,
                570.8639526367188
            ],
            [
                -0.000256190454820171,
                0.9999999403953552,
                -1.3417071386356838e-05,
                45.20951461791992
            ],
            [
                -0.006632279139012098,
                1.1717650522768963e-05,
                0.9999780058860779,
                -0.017802733927965164
            ],
            [
                0.0,
                0.0,
                0.0,
                1.0
            ]
        ]
    },
    {
        "class": "Car",
        "extent": [
            1.300939917564392,
            4.717525005340576,
            1.894826889038086
        ],
        "position": [
            18.03327897455454,
            -3.0371149317447137,
            -2.542741534574704
        ],
        "yaw": 0.5123426922569928,
        "num_points": 24,
        "distance": 18.463172863687024,
        "speed": 8.50810258465714,
        "brake": 0.0,
        "id": 1614,
        "ego_matrix": [
            [
                0.9999999403953552,
                0.00030413299100473523,
                -0.00011920918768737465,
                552.7377319335938
            ],
            [
                -0.0003041329619009048,
                0.9999999403953552,
                3.351714781274495e-07,
                48.71113204956055
            ],
            [
                0.00011920928227482364,
                -2.989160350352904e-07,
                1.0,
                -0.005453357473015785
            ],
            [
                0.0,
                0.0,
                0.0,
                1.0
            ]
        ]
    },
    {
        "class": "Car",
        "extent": [
            1.6171096563339233,
            3.987684965133667,
            1.8508483171463013
        ],
        "position": [
            33.93510034786806,
            -3.9193543457351137,
            -2.5011759744572672
        ],
        "yaw": 0.5120556035239916,
        "num_points": 0,
        "distance": 34.25212774941887,
        "speed": 10.439499726714855,
        "brake": 0.0,
        "id": 1617,
        "ego_matrix": [
            [
                0.9999998211860657,
                0.0005912216147407889,
                3.2425170502392575e-05,
                567.028076171875
            ],
            [
                -0.0005912216147407889,
                0.9999998211860657,
                4.104583126718353e-07,
                41.680335998535156
            ],
            [
                -3.242492311983369e-05,
                -4.2962869883922394e-07,
                1.0,
                0.03877096250653267
            ],
            [
                0.0,
                0.0,
                0.0,
                1.0
            ]
        ]
    },
    {
        "class": "Car",
        "extent": [
            1.2765706777572632,
            2.3557403087615967,
            0.7636788487434387
        ],
        "position": [
            28.499738321132998,
            -8.916397112853481,
            -2.5705959476380387
        ],
        "yaw": 0.5121482815299263,
        "num_points": 0,
        "distance": 29.972407066720077,
        "speed": 8.419220563223218,
        "brake": 0.0,
        "id": 1625,
        "ego_matrix": [
            [
                0.9999950528144836,
                0.0004985651466995478,
                0.003102651098743081,
                564.742431640625
            ],
            [
                -0.0004985412815585732,
                0.9999998807907104,
                -8.47102637635544e-06,
                48.70098876953125
            ],
            [
                -0.003102655056864023,
                6.924184617673745e-06,
                0.9999951720237732,
                -0.029638690873980522
            ],
            [
                0.0,
                0.0,
                0.0,
                1.0
            ]
        ]
    },
    {
        "class": "Car",
        "extent": [
            1.5107464790344238,
            4.901683330535889,
            2.128324270248413
        ],
        "position": [
            -29.87965632051604,
            19.88649027963489,
            -2.48858261580078
        ],
        "yaw": 0.5125424293224942,
        "num_points": 5,
        "distance": 35.978596427735106,
        "speed": 4.663207524955314,
        "brake": 0.0,
        "id": 1653,
        "ego_matrix": [
            [
                1.0,
                0.0001043960073729977,
                -0.00012052048987243325,
                499.7403259277344
            ],
            [
                -0.00010439589823363349,
                1.0,
                9.134192850979161e-07,
                52.23495864868164
            ],
            [
                0.00012052058445988223,
                -9.008374490804272e-07,
                1.0,
                0.033354662358760834
            ],
            [
                0.0,
                0.0,
                0.0,
                1.0
            ]
        ]
    },
    {
        "class": "Car",
        "extent": [
            1.385296106338501,
            4.181210041046143,
            1.9941171407699585
        ],
        "position": [
            -35.52479032672419,
            -15.82473412545064,
            -2.5452130739876657
        ],
        "yaw": -0.6456022797450047,
        "num_points": 1,
        "distance": 38.97320935579871,
        "speed": 6.304984123470428,
        "brake": 0.0,
        "id": 1654,
        "ego_matrix": [
            [
                0.4009441137313843,
                0.9161025285720825,
                -0.00012472018715925515,
                512.3367309570312
            ],
            [
                -0.9161025285720825,
                0.4009441137313843,
                -1.658843393670395e-05,
                86.12435150146484
            ],
            [
                3.4809112548828125e-05,
                0.00012090750533388928,
                1.0,
                -0.011171970516443253
            ],
            [
                0.0,
                0.0,
                0.0,
                1.0
            ]
        ]
    }
]