[
    {
        "class": "Car",
        "extent": [
            1.5107464790344238,
            4.901683330535889,
            2.128324270248413
        ],
        "position": [
            -1.3,
            0.0,
            -2.5
        ],
        "yaw": 0,
        "num_points": -1,
        "distance": -1,
        "speed": 3.072228044047622,
        "brake": 0.0,
        "id": 1374,
        "ego_matrix": [
            [
                0.8947446942329407,
                0.44657769799232483,
                -0.0004990430898033082,
                535.7030029296875
            ],
            [
                -0.44657787680625916,
                0.8947446942329407,
                -0.00028846802888438106,
                54.93138122558594
            ],
            [
                0.00031769275665283203,
                0.00048096681712195277,
                0.9999998211860657,
                0.03325920179486275
            ],
            [
                0.0,
                0.0,
                0.0,
                1.0
            ]
        ]
    },
    {
        "class": "Car",
        "extent": [
            1.1256572008132935,
            1.8354405164718628,
            0.3289288878440857
        ],
        "position": [
            3.1374743703685883,
            16.45140344939551,
            -2.539748190757772
        ],
        "yaw": 0.4625247686031114,
        "num_points": 6,
        "distance": 16.939384338043684,
        "speed": 5.962118033731,
        "brake": 0.0,
        "id": 1382,
        "ego_matrix": [
            [
                0.9999927282333374,
                0.0004122289828956127,
                -0.0038039619103074074,
                532.3265991210938
            ],
            [
                -0.00041225439053960145,
                0.9999999403953552,
                -5.888640771445353e-06,
                38.22990798950195
            ],
            [
                0.0038039591163396835,
                7.456797902705148e-06,
                0.9999927878379822,
                -0.012991809286177158
            ],
            [
                0.0,
                0.0,
                0.0,
                1.0
            ]
        ]
    },
    {
        "class": "Car",
        "extent": [
            2.098191261291504,
            6.273552894592285,
            2.3895740509033203
        ],
        "position": [
            10.634484048356331,
            4.903945434961168,
            -2.53699242936382
        ],
        "yaw": 0.46256684661335323,
        "num_points": 181,
        "distance": 11.982372986619598,
        "speed": 5.9289251101146645,
        "brake": 0.0,
        "id": 1426,
        "ego_matrix": [
            [
                0.9999998211860657,
                0.0003701792738866061,
                0.00043618681957013905,
                544.1913452148438
            ],
            [
                -0.00037017930299043655,
                0.9999999403953552,
                6.062624891001178e-08,
                45.21393585205078
            ],
            [
                -0.00043618676136247814,
                -2.220935755303799e-07,
                0.9999998807907104,
                -0.0023003576789051294
            ],
            [
                0.0,
                0.0,
                0.0,
                1.0
            ]
        ]
    },
    {
        "class": "Car",
        "extent": [
            1.0239027738571167,
            1.6428436040878296,
            0.3725162446498871
        ],
        "position": [
            17.090708791595763,
            9.513263823364953,
            -2.5522888252389127
        ],
        "yaw": 0.46240545901878516,
        "num_points": 0,
        "distance": 19.7258382285649,
        "speed": 4.2242887838334955,
        "brake": 0.0,
        "id": 1441,
        "ego_matrix": [
            [
                0.9999824166297913,
                0.0005315554444678128,
                0.00590940797701478,
                547.9096069335938
            ],
            [
                -0.0005315577145665884,
                0.9999998807907104,
                -1.1876122698595282e-06,
                38.20656967163086
            ],
            [
                -0.00590940797701478,
                -1.953599849002785e-06,
                0.9999825358390808,
                -0.01776258461177349
            ],
            [
                0.0,
                0.0,
                0.0,
                1.0
            ]
        ]
    },
    {
        "class": "Car",
        "extent": [
            1.2765706777572632,
            2.3557403087615967,
            0.7636788487434387
        ],
        "position": [
            -27.91019432566434,
            20.207155276031678,
            -2.5451889262766785
        ],
        "yaw": 0.462714918353707,
        "num_points": 1,
        "distance": 34.55120921641444,
        "speed": 4.742626950755315,
        "brake": 0.0,
        "id": 1455,
        "ego_matrix": [
            [
                0.9999952912330627,
                0.0002221239119535312,
                0.003059500129893422,
                502.86962890625
            ],
            [
                -0.000222106566070579,
                1.0,
                -6.005859631841304e-06,
                48.73467254638672
            ],
            [
                -0.0030595012940466404,
                5.326296104612993e-06,
                0.9999952912330627,
                -0.030102556571364403
            ],
            [
                0.0,
                0.0,
                0.0,
                1.0
            ]
        ]
    },
    {
        "class": "Car",
        "extent": [
            1.1256572008132935,
            1.8354405164718628,
            0.3289288878440857
        ],
        "position": [
            -44.213955952136395,
            24.4197410732463,
            -2.521351294532631
        ],
        "yaw": 0.4626760362017919,
        "num_points": 0,
        "distance": 50.572273701824905,
        "speed": 4.077428432278676,
        "brake": 0.0,
        "id": 1462,
        "ego_matrix": [
            [
                0.9999927878379822,
                0.0002609716320876032,
                -0.0037804758176207542,
                486.4006652832031
            ],
            [
                -0.0002609879011288285,
                0.9999999403953552,
                -3.8070243135734927e-06,
                52.246376037597656
            ],
            [
                0.0037804748862981796,
                4.793655989487888e-06,
                0.999992847442627,
                -0.013470630161464214
            ],
            [
                0.0,
                0.0,
                0.0,
                1.0
            ]
        ]
    },
    {
        "class": "Car",
        "extent": [
            1.8548461198806763,
            4.6045098304748535,
            1.9315931797027588
        ],
        "position": [
            -23.329526597030185,
            25.747874139704614,
            -2.5028675093490604
        ],
        "yaw": 0.46262117513210016,
        "num_points": 6,
        "distance": 34.835099823668706,
        "speed": 5.382343134209496,
        "brake": 0.0,
        "id": 1470,
        "ego_matrix": [
            [
                0.9999992847442627,
                0.0003158514155074954,
                -0.0011565679451450706,
                504.4937744140625
            ],
            [
                -0.00031585062970407307,
                0.9999999403953552,
                8.648942184663611e-07,
                41.73150634765625
            ],
            [
                0.0011565681779757142,
                -4.995908966520801e-07,
                0.9999993443489075,
                0.011009196750819683
            ],
            [
                0.0,
                0.0,
                0.0,
                1.0
            ]
        ]
    },
    {
        "class": "Car",
        "extent": [
            1.4738311767578125,
            4.1928300857543945,
            1.8161858320236206
        ],
        "position": [
            -20.14561349912652,
            28.06286980522558,
            -2.5188704699824065
        ],
        "yaw": 0.46296314679119555,
        "num_points": 0,
        "distance": 34.63690392350014,
        "speed": 6.455681329788132,
        "brake": 0.0,
        "id": 1506,
        "ego_matrix": [
            [
                0.9999992847442627,
                -2.6120809707208537e-05,
                -0.0011824365938082337,
                506.3087463378906
            ],
            [
                2.612080061226152e-05,
                1.0,
                -2.302023816014298e-08,
                38.23831558227539
            ],
            [
                0.0011824365938082337,
                -7.865968321141281e-09,
                0.9999992847442627,
                -0.005095691420137882
            ],
            [
                0.0,
                0.0,
                0.0,
                1.0
            ]
        ]
    },
    {
        "class": "Car",
        "extent": [
            1.5542958974838257,
            4.974244117736816,
            2.0384013652801514
        ],
        "position": [
            35.53882901928272,
            -15.337133069626635,
            -2.5758753305163493
        ],
        "yaw": 0.4625663140136445,
        "num_points": 0,
        "distance": 38.792668799344156,
        "speed": 9.7888806922939,
        "brake": 0.0,
        "id": 1523,
        "ego_matrix": [
            [
                0.9999897480010986,
                0.000370685535017401,
                -0.004512773361057043,
                575.5136108398438
            ],
            [
                -0.0003707081777974963,
                0.9999999403953552,
                -4.18601484852843e-06,
                52.202816009521484
            ],
            [
                0.004512771498411894,
                5.858894382981816e-06,
                0.9999898076057434,
                -0.023536033928394318
            ],
            [
                0.0,
                0.0,
                0.0,
                1.0
            ]
        ]
    },
    {
        "class": "Car",
        "extent": [
            1.6355280876159668,
            5.0267767906188965,
            2.1515462398529053
        ],
        "position": [
            3.5026564497354196,
            4.54366128260053,
            -2.4034013674867323
        ],
        "yaw": 0.46271598358563376,
        "num_points": 705,
        "distance": 6.220112393607797,
        "speed": 8.68819270854896,
        "brake": 0.0,
        "id": 1556,
        "ego_matrix": [
            [
                0.9999709129333496,
                0.000219255787669681,
                -0.007623411249369383,
                537.9710083007812
            ],
            [
                -0.00022103595256339759,
                1.0,
                -0.00023267306096386164,
                48.72117614746094
            ],
            [
                0.007623359560966492,
                0.0002343513333471492,
                0.9999709129333496,
                0.12919823825359344
            ],
            [
                0.0,
                0.0,
                0.0,
                1.0
            ]
        ]
    },
    {
        "class": "Car",
        "extent": [
            1.488319993019104,
            4.791779518127441,
            2.163450002670288
        ],
        "position": [
            27.530222614414644,
            -3.515651576581638,
            -2.5427547323188353
        ],
        "yaw": 0.4624422107068468,
        "num_points": 7,
        "distance": 27.87002986786843,
        "speed": 4.452095550891111,
        "brake": 0.0,
        "id": 1557,
        "ego_matrix": [
            [
                0.9999998807907104,
                0.0004948152345605195,
                8.690357935847715e-05,
                563.0687255859375
            ],
            [
                -0.0004948152345605195,
                0.9999998807907104,
                -5.874341013623052e-10,
                45.202064514160156
            ],
            [
                -8.690356480656192e-05,
                -4.241377737912444e-08,
                1.0,
                0.001354541745968163
            ],
            [
                0.0,
                0.0,
                0.0,
                1.0
            ]
        ]
    },
    {
        "class": "Car",
        "extent": [
            1.4750303030014038,
            3.805800199508667,
            1.97027587890625
        ],
        "position": [
            -37.017847747219676,
            24.747195288532822,
            -2.467918994118165
        ],
        "yaw": 0.46261691404184674,
        "num_points": 0,
        "distance": 44.5963602847435,
        "speed": 4.955679476379867,
        "brake": 0.0,
        "id": 1578,
        "ego_matrix": [
            [
                0.9999999403953552,
                0.00032011192524805665,
                1.0729255564001505e-06,
                492.6930847167969
            ],
            [
                -0.00032011192524805665,
                0.9999999403953552,
                1.3137031373844366e-07,
                48.739749908447266
            ],
            [
                -1.0728834922701935e-06,
                -1.3171377588605537e-07,
                1.0,
                0.042090319097042084
            ],
            [
                0.0,
                0.0,
                0.0,
                1.0
            ]
        ]
    },
    {
        "class": "Car",
        "extent": [
            2.098191261291504,
            6.273552894592285,
            2.3895740509033203
        ],
        "position": [
            -7.500087992870441,
            21.766421217367355,
            -2.5235171070004006
        ],
        "yaw": 0.4627511373607867,
        "num_points": 29,
        "distance": 23.160236421547662,
        "speed": 6.72950756589555,
        "brake": 0.0,
        "id": 1580,
        "ego_matrix": [
            [
                0.9999998807907104,
                0.0001858888572314754,
                -0.0005323885125108063,
                520.4351196289062
            ],
            [
                -0.00018588858074508607,
                1.0,
                5.720962690247688e-07,
                38.22481918334961
            ],
            [
                0.0005323886289261281,
                -4.731312230887852e-07,
                0.9999998807907104,
                -0.002696552313864231
            ],
            [
                0.0,
                0.0,
                0.0,
                1.0
            ]
        ]
    },
    {
        "class": "Car",
        "extent": [
            1.0239027738571167,
            1.6428436040878296,
            0.3725162446498871
        ],
        "position": [
            -20.40639606531859,
            12.546609950864065,
            -2.5389758804293225
        ],
        "yaw": 0.46261052242272127,
        "num_points": 0,
        "distance": 24.089101688422776,
        "speed": 4.993445004049004,
        "brake": 0.0,
        "id": 1581,
        "ego_matrix": [
            [
                0.99997478723526,
                0.0003265828709118068,
                0.007092411629855633,
                513.004638671875
            ],
            [
                -0.00032649532658979297,
                0.9999999403953552,
                -1.3500975910574198e-05,
                52.23787307739258
            ],
            [
                -0.0070924158208072186,
                1.1184996765223332e-05,
                0.9999748468399048,
                -0.017821140587329865
            ],
            [
                0.0,
                0.0,
                0.0,
                1.0
            ]
        ]
    },
    {
        "class": "Car",
        "extent": [
            1.6672759056091309,
            4.611005783081055,
            2.241713285446167
        ],
        "position": [
            -30.412022788763018,
            34.55756100152819,
            -2.433396800388036
        ],
        "yaw": 0.2578248528988015,
        "num_points": 0,
        "distance": 46.09812981528342,
        "speed": 4.97005714453529,
        "brake": 0.0,
        "id": 1582,
        "ego_matrix": [
            [
                0.9790381193161011,
                0.20367684960365295,
                0.00023510203754995018,
                494.2225036621094
            ],
            [
                -0.2036769837141037,
                0.9790371656417847,
                0.0013647921150550246,
                37.0119514465332
            ],
            [
                4.7802921471884474e-05,
                -0.0013840683968737721,
                0.9999990463256836,
                0.07399266958236694
            ],
            [
                0.0,
                0.0,
                0.0,
                1.0
            ]
        ]
    },
    {
        "class": "Car",
        "extent": [
            1.3787471055984497,
            2.2072951793670654,
            1.4809197187423706
        ],
        "position": [
            -2.7456364279380145,
            15.472059631336222,
            -2.5219717578988243
        ],
        "yaw": 0.4626755035695738,
        "num_points": 24,
        "distance": 15.91488266301965,
        "speed": 11.461192185185116,
        "brake": 0.0,
        "id": 1583,
        "ego_matrix": [
            [
                0.9999447464942932,
                0.0002615056000649929,
                -0.010506076738238335,
                527.5000610351562
            ],
            [
                -0.0002615079574752599,
                0.9999999403953552,
                1.1496779279696057e-06,
                41.73343276977539
            ],
            [
                0.01050607766956091,
                1.597808591213834e-06,
                0.999944806098938,
                0.0033866309095174074
            ],
            [
                0.0,
                0.0,
                0.0,
                1.0
            ]
        ]
    },
    {
        "class": "Car",
        "extent": [
            2.0377910137176514,
            4.4804368019104,
            2.069315195083618
        ],
        "position": [
            -9.418989396450158,
            14.87821263825994,
            -2.5199961966067073
        ],
        "yaw": 0.4629891431807162,
        "num_points": 41,
        "distance": 17.788449999666373,
        "speed": 7.663920770744432,
        "brake": 0.0,
        "id": 1587,
        "ego_matrix": [
            [
                0.9999997019767761,
                -5.213304757489823e-05,
                0.0008052575867623091,
                521.7943115234375
            ],
            [
                5.211719326325692e-05,
                1.0,
                1.9710700144059956e-05,
                45.24494552612305
            ],
            [
                -0.0008052586345002055,
                -1.9668726963573135e-05,
                0.9999997019767761,
                0.003527736524119973
            ],
            [
                0.0,
                0.0,
                0.0,
                1.0
            ]
        ]
    },
    {
        "class": "Car",
        "extent": [
            1.0239027738571167,
            1.6428436040878296,
            0.3725162446498871
        ],
        "position": [
            36.79235734876155,
            -8.14593949884094,
            -2.566457876229485
        ],
        "yaw": 0.4626078593266498,
        "num_points": 0,
        "distance": 37.77063139038326,
        "speed": 5.076793720286063,
        "brake": 0.0,
        "id": 1594,
        "ego_matrix": [
            [
                0.9999800324440002,
                0.0003292507026344538,
                0.006312084849923849,
                573.4237670898438
            ],
            [
                -0.00032916010241024196,
                0.9999999403953552,
                -1.5393532521557063e-05,
                45.20873260498047
            ],
            [
                -0.006312089506536722,
                1.3315539035829715e-05,
                0.999980092048645,
                -0.01717907004058361
            ],
            [
                0.0,
                0.0,
                0.0,
                1.0
            ]
        ]
    },
    {
        "class": "Car",
        "extent": [
            1.300939917564392,
            4.717525005340576,
            1.894826889038086
        ],
        "position": [
            20.619222014611204,
            -3.987003840282188,
            -2.5475893368811695
        ],
        "yaw": 0.4626318277439512,
        "num_points": 17,
        "distance": 21.155111144582598,
        "speed": 8.923008156749242,
        "brake": 0.0,
        "id": 1614,
        "ego_matrix": [
            [
                0.9999999403953552,
                0.0003051982494071126,
                -0.00010979165381286293,
                557.0956420898438
            ],
            [
                -0.00030519822030328214,
                0.9999999403953552,
                3.206266967481497e-07,
                48.710105895996094
            ],
            [
                0.00010979174840031192,
                -2.87118467667824e-07,
                1.0,
                -0.0054489322938025
            ],
            [
                0.0,
                0.0,
                0.0,
                1.0
            ]
        ]
    },
    {
        "class": "Car",
        "extent": [
            1.6171096563339233,
            3.987684965133667,
            1.8508483171463013
        ],
        "position": [
            37.292684276647954,
            -4.448922879713943,
            -2.5088968084311603
        ],
        "yaw": 0.4623884148528272,
        "num_points": 0,
        "distance": 37.64082595457682,
        "speed": 10.337626064266171,
        "brake": 0.0,
        "id": 1617,
        "ego_matrix": [
            [
                0.9999998211860657,
                0.0005486111040227115,
                1.597437949385494e-05,
                572.2203979492188
            ],
            [
                -0.0005486111040227115,
                0.9999998211860657,
                6.112745154496224e-07,
                41.67739486694336
            ],
            [
                -1.5974042980815284e-05,
                -6.200381790222309e-07,
                1.0,
                0.03876279667019844
            ],
            [
                0.0,
                0.0,
                0.0,
                1.0
            ]
        ]
    },
    {
        "class": "Car",
        "extent": [
            1.2765706777572632,
            2.3557403087615967,
            0.7636788487434387
        ],
        "position": [
            31.455255241331525,
            -9.382713585871246,
            -2.577944121490972
        ],
        "yaw": 0.46244008014546545,
        "num_points": 1,
        "distance": 32.92588939459855,
        "speed": 9.300714763169008,
        "brake": 0.0,
        "id": 1625,
        "ego_matrix": [
            [
                0.9999907612800598,
                0.0004969753790646791,
                0.004269463941454887,
                569.2007446289062
            ],
            [
                -0.0004969412693753839,
                0.9999998807907104,
                -9.045911610883195e-06,
                48.69876480102539
            ],
            [
                -0.004269467666745186,
                6.924155513843289e-06,
                0.9999908804893494,
                -0.02976602502167225
            ],
            [
                0.0,
                0.0,
                0.0,
                1.0
            ]
        ]
    },
    {
        "class": "Car",
        "extent": [
            1.5107464790344238,
            4.901683330535889,
            2.128324270248413
        ],
        "position": [
            -30.163338335626182,
            17.419984701637084,
            -2.482306530266209
        ],
        "yaw": 0.46283209742541587,
        "num_points": 0,
        "distance": 34.920548281276005,
        "speed": 4.704431562183097,
        "brake": 0.0,
        "id": 1653,
        "ego_matrix": [
            [
                1.0,
                0.00010492856381461024,
                -2.0384695744724013e-05,
                502.0982971191406
            ],
            [
                -0.00010492854926269501,
                1.0,
                8.846063224154932e-07,
                52.23466491699219
            ],
            [
                2.0384788513183594e-05,
                -8.824673614071799e-07,
                1.0,
                0.03340455889701843
            ],
            [
                0.0,
                0.0,
                0.0,
                1.0
            ]
        ]
    },
    {
        "class": "Car",
        "extent": [
            1.385296106338501,
            4.181210041046143,
            1.9941171407699585
        ],
        "position": [
            -33.69136221968636,
            -15.476826810131163,
            -2.5415803591419355
        ],
        "yaw": -0.6835265259055737,
        "num_points": 6,
        "distance": 37.16314958464743,
        "speed": 6.312168551908779,
        "brake": 0.0,
        "id": 1654,
        "ego_matrix": [
            [
                0.4117128551006317,
                0.9113136529922485,
                -0.00010636592924129218,
                513.6326293945312
            ],
            [
                -0.9113136529922485,
                0.4117128551006317,
                -2.071458220598288e-05,
                83.24446868896484
            ],
            [
                2.4914739697123878e-05,
                0.0001054611784638837,
                1.0,
                -0.011167812161147594
            ],
            [
                0.0,
                0.0,
                0.0,
                1.0
            ]
        ]
    }
]