[
    {
        "class": "Car",
        "extent": [
            1.5107464790344238,
            4.901683330535889,
            2.128324270248413
        ],
        "position": [
            -1.3,
            0.0,
            -2.5
        ],
        "yaw": 0,
        "num_points": -1,
        "distance": -1,
        "speed": 2.758118194170772,
        "brake": 0.0,
        "id": 1374,
        "ego_matrix": [
            [
                0.916293203830719,
                0.4005080461502075,
                0.00015992439875844866,
                537.0775756835938
            ],
            [
                -0.4005078971385956,
                0.9162930846214294,
                -0.0005901568802073598,
                54.36232376098633
            ],
            [
                -0.0003829002089332789,
                0.0004767057835124433,
                0.9999998211860657,
                0.03360801562666893
            ],
            [
                0.0,
                0.0,
                0.0,
                1.0
            ]
        ]
    },
    {
        "class": "Car",
        "extent": [
            1.1256572008132935,
            1.8354405164718628,
            0.3289288878440857
        ],
        "position": [
            3.5863980717078237,
            15.471862970255577,
            -2.536587655009827
        ],
        "yaw": 0.411602398820679,
        "num_points": 3,
        "distance": 16.083378744239766,
        "speed": 5.224992965246155,
        "brake": 0.0,
        "id": 1382,
        "ego_matrix": [
            [
                0.9999130964279175,
                0.0004686391621362418,
                -0.013172842562198639,
                535.3583374023438
            ],
            [
                -0.00046867565833963454,
                0.9999998807907104,
                3.153731995553244e-07,
                38.22854232788086
            ],
            [
                0.013172841630876064,
                5.858445547346491e-06,
                0.999913215637207,
                -0.012226161547005177
            ],
            [
                0.0,
                0.0,
                0.0,
                1.0
            ]
        ]
    },
    {
        "class": "Car",
        "extent": [
            2.098191261291504,
            6.273552894592285,
            2.3895740509033203
        ],
        "position": [
            11.558279779875102,
            4.364645409665026,
            -2.529068855291571
        ],
        "yaw": 0.4117009358460305,
        "num_points": 56,
        "distance": 12.611112175251849,
        "speed": 5.805265584214951,
        "brake": 0.0,
        "id": 1426,
        "ego_matrix": [
            [
                0.9999999403953552,
                0.00037017936119809747,
                2.288825999130495e-05,
                547.1114501953125
            ],
            [
                -0.00037017936119809747,
                0.9999999403953552,
                2.0707508952000353e-07,
                45.21320343017578
            ],
            [
                -2.2888181774760596e-05,
                -2.1554784268573712e-07,
                1.0,
                -0.0024649237748235464
            ],
            [
                0.0,
                0.0,
                0.0,
                1.0
            ]
        ]
    },
    {
        "class": "Car",
        "extent": [
            1.0239027738571167,
            1.6428436040878296,
            0.3725162446498871
        ],
        "position": [
            17.094044018577968,
            9.592974773936286,
            -2.539754229868004
        ],
        "yaw": 0.4115448745411333,
        "num_points": 0,
        "distance": 19.765673716587337,
        "speed": 4.400465816835496,
        "brake": 0.0,
        "id": 1441,
        "ego_matrix": [
            [
                0.9999824166297913,
                0.0005262280465103686,
                0.005913819186389446,
                550.08984375
            ],
            [
                -0.0005262314807623625,
                0.9999998807907104,
                -9.81048970061238e-07,
                38.20541000366211
            ],
            [
                -0.005913819186389446,
                -2.131006112904288e-06,
                0.9999825358390808,
                -0.017762316390872
            ],
            [
                0.0,
                0.0,
                0.0,
                1.0
            ]
        ]
    },
    {
        "class": "Car",
        "extent": [
            1.2765706777572632,
            2.3557403087615967,
            0.7636788487434387
        ],
        "position": [
            -28.195962142027764,
            17.89839232024335,
            -2.56519541648463
        ],
        "yaw": 0.41184474652864017,
        "num_points": 1,
        "distance": 33.4954467993601,
        "speed": 5.079893335597056,
        "brake": 0.0,
        "id": 1455,
        "ego_matrix": [
            [
                0.9999920129776001,
                0.000226389936869964,
                0.003991591278463602,
                505.2645263671875
            ],
            [
                -0.00022636687208432704,
                1.0,
                -6.229893642739626e-06,
                48.73423385620117
            ],
            [
                -0.003991592675447464,
                5.32627927896101e-06,
                0.9999920129776001,
                -0.029821185395121574
            ],
            [
                0.0,
                0.0,
                0.0,
                1.0
            ]
        ]
    },
    {
        "class": "Car",
        "extent": [
            1.1256572008132935,
            1.8354405164718628,
            0.3289288878440857
        ],
        "position": [
            -45.018263136460384,
            21.418993977653336,
            -2.5536060954857653
        ],
        "yaw": 0.4117792327170603,
        "num_points": 0,
        "distance": 49.91931713204058,
        "speed": 4.080393533240935,
        "brake": 0.0,
        "id": 1462,
        "ego_matrix": [
            [
                0.9999927282333374,
                0.00029186427127569914,
                -0.003803364234045148,
                488.4403381347656
            ],
            [
                -0.00029188039479777217,
                0.9999999403953552,
                -3.6835540413449053e-06,
                52.24578857421875
            ],
            [
                0.0038033630698919296,
                4.7936550799931865e-06,
                0.9999927878379822,
                -0.013468895107507706
            ],
            [
                0.0,
                0.0,
                0.0,
                1.0
            ]
        ]
    },
    {
        "class": "Car",
        "extent": [
            1.8548461198806763,
            4.6045098304748535,
            1.9315931797027588
        ],
        "position": [
            -23.50733735960442,
            23.492075360126133,
            -2.5204351303218697
        ],
        "yaw": 0.4117504706097967,
        "num_points": 2,
        "distance": 33.32904300621696,
        "speed": 5.890988309774254,
        "brake": 0.0,
        "id": 1470,
        "ego_matrix": [
            [
                0.9999939203262329,
                0.00032064830884337425,
                -0.0034686250146478415,
                507.32037353515625
            ],
            [
                -0.00032064266270026565,
                0.9999999403953552,
                2.1846271920367144e-06,
                41.73092269897461
            ],
            [
                0.0034686254803091288,
                -1.0724249932536623e-06,
                0.9999939799308777,
                0.010477275587618351
            ],
            [
                0.0,
                0.0,
                0.0,
                1.0
            ]
        ]
    },
    {
        "class": "Car",
        "extent": [
            1.4738311767578125,
            4.1928300857543945,
            1.8161858320236206
        ],
        "position": [
            -19.87181589535175,
            25.714732523538427,
            -2.5335583354097104
        ],
        "yaw": 0.4121395883942413,
        "num_points": 9,
        "distance": 32.596862633922356,
        "speed": 7.2517732653859674,
        "brake": 0.0,
        "id": 1506,
        "ego_matrix": [
            [
                0.9999996423721313,
                -6.847184704383835e-05,
                -0.000820755900349468,
                509.7613830566406
            ],
            [
                6.847316399216652e-05,
                1.0,
                1.5725128150734236e-06,
                38.2382698059082
            ],
            [
                0.0008207557839341462,
                -1.6287119706248632e-06,
                0.9999996423721313,
                -0.005097522400319576
            ],
            [
                0.0,
                0.0,
                0.0,
                1.0
            ]
        ]
    },
    {
        "class": "Car",
        "extent": [
            1.5542958974838257,
            4.974244117736816,
            2.0384013652801514
        ],
        "position": [
            39.11582188331726,
            -15.307194118986299,
            -2.550659451800006
        ],
        "yaw": 0.41170200111046656,
        "num_points": 0,
        "distance": 42.081629923789635,
        "speed": 8.776566849120945,
        "brake": 0.08940199017524719,
        "id": 1523,
        "ego_matrix": [
            [
                0.9999725222587585,
                0.0003709922602865845,
                -0.007402734365314245,
                580.240966796875
            ],
            [
                -0.00036910397466272116,
                0.9999998807907104,
                0.00025644569541327655,
                52.20137405395508
            ],
            [
                0.007402828894555569,
                -0.00025370626826770604,
                0.9999725222587585,
                -0.025229625403881073
            ],
            [
                0.0,
                0.0,
                0.0,
                1.0
            ]
        ]
    },
    {
        "class": "Car",
        "extent": [
            1.6355280876159668,
            5.0267767906188965,
            2.1515462398529053
        ],
        "position": [
            5.867151994671059,
            3.0244906336517596,
            -2.400186200186212
        ],
        "yaw": 0.41185220336343775,
        "num_points": 583,
        "distance": 7.0236678393261265,
        "speed": 9.12069685001285,
        "brake": 0.0,
        "id": 1556,
        "ego_matrix": [
            [
                0.999971866607666,
                0.00021715321054216474,
                -0.007504086010158062,
                542.4334716796875
            ],
            [
                -0.00021890568314120173,
                1.0,
                -0.00023271545069292188,
                48.72044372558594
            ],
            [
                0.007504034787416458,
                0.00023435158072970808,
                0.999971866607666,
                0.12923569977283478
            ],
            [
                0.0,
                0.0,
                0.0,
                1.0
            ]
        ]
    },
    {
        "class": "Car",
        "extent": [
            1.488319993019104,
            4.791779518127441,
            2.163450002670288
        ],
        "position": [
            28.2556284319566,
            -2.920294966026655,
            -2.5224300615601867
        ],
        "yaw": 0.4115762998745055,
        "num_points": 6,
        "distance": 28.517912163916513,
        "speed": 4.813820791769602,
        "brake": 0.0,
        "id": 1557,
        "ego_matrix": [
            [
                0.9999998211860657,
                0.0004948153509758413,
                -0.0002613067044876516,
                565.3287963867188
            ],
            [
                -0.0004948152927681804,
                0.9999998807907104,
                1.9708949139385368e-07,
                45.20092010498047
            ],
            [
                0.0002613067626953125,
                -6.779088579378367e-08,
                0.9999999403953552,
                0.0012532233959063888
            ],
            [
                0.0,
                0.0,
                0.0,
                1.0
            ]
        ]
    },
    {
        "class": "Car",
        "extent": [
            1.4750303030014038,
            3.805800199508667,
            1.97027587890625
        ],
        "position": [
            -37.47563171069798,
            21.94891076021714,
            -2.494890235991728
        ],
        "yaw": 0.41174887271314264,
        "num_points": 4,
        "distance": 43.50174861963016,
        "speed": 4.7021017454315714,
        "brake": 0.0,
        "id": 1578,
        "ego_matrix": [
            [
                0.9999999403953552,
                0.00032224247115664184,
                9.799007239053026e-05,
                495.1393737792969
            ],
            [
                -0.0003222425002604723,
                0.9999999403953552,
                1.3487826322489127e-07,
                48.73931121826172
            ],
            [
                -9.799002873478457e-05,
                -1.6645482503463427e-07,
                1.0,
                0.0421062633395195
            ],
            [
                0.0,
                0.0,
                0.0,
                1.0
            ]
        ]
    },
    {
        "class": "Car",
        "extent": [
            2.098191261291504,
            6.273552894592285,
            2.3895740509033203
        ],
        "position": [
            -6.960186566689308,
            20.086501349651613,
            -2.528803888073216
        ],
        "yaw": 0.4118852265609547,
        "num_points": 37,
        "distance": 21.408096193193188,
        "speed": 6.907775674776214,
        "brake": 0.0,
        "id": 1580,
        "ego_matrix": [
            [
                0.9999999403953552,
                0.00018588878447189927,
                -0.000305533321807161,
                523.8463745117188
            ],
            [
                -0.00018588862440083176,
                1.0,
                5.328034262674919e-07,
                38.22416687011719
            ],
            [
                0.00030553340911865234,
                -4.760081822041684e-07,
                0.9999999403953552,
                -0.002603931352496147
            ],
            [
                0.0,
                0.0,
                0.0,
                1.0
            ]
        ]
    },
    {
        "class": "Car",
        "extent": [
            1.0239027738571167,
            1.6428436040878296,
            0.3725162446498871
        ],
        "position": [
            -20.16201806740482,
            10.564111766388425,
            -2.552956551674124
        ],
        "yaw": 0.4116759021317838,
        "num_points": 0,
        "distance": 22.9046942157681,
        "speed": 5.055921932495802,
        "brake": 0.0,
        "id": 1581,
        "ego_matrix": [
            [
                0.9999796748161316,
                0.00039527745684608817,
                0.006362271495163441,
                515.5634155273438
            ],
            [
                -0.0003952050756197423,
                0.9999999403953552,
                -1.263446483790176e-05,
                52.23691940307617
            ],
            [
                -0.006362276151776314,
                1.0119806574948598e-05,
                0.9999797344207764,
                -0.017162228003144264
            ],
            [
                0.0,
                0.0,
                0.0,
                1.0
            ]
        ]
    },
    {
        "class": "Car",
        "extent": [
            1.6672759056091309,
            4.611005783081055,
            2.241713285446167
        ],
        "position": [
            -31.15802919478467,
            32.69757457278325,
            -2.4555123217501222
        ],
        "yaw": 0.1480279808979874,
        "num_points": 0,
        "distance": 45.23255140944453,
        "speed": 5.010541918055992,
        "brake": 0.0,
        "id": 1582,
        "ego_matrix": [
            [
                0.9653427004814148,
                0.2609856426715851,
                0.00022962101502344012,
                496.62322998046875
            ],
            [
                -0.26098567247390747,
                0.9653416275978088,
                0.0014714440330863,
                36.360111236572266
            ],
            [
                0.00016236303781624883,
                -0.0014803755329921842,
                0.999998927116394,
                0.07394120842218399
            ],
            [
                0.0,
                0.0,
                0.0,
                1.0
            ]
        ]
    },
    {
        "class": "Car",
        "extent": [
            1.3787471055984497,
            2.2072951793670654,
            1.4809197187423706
        ],
        "position": [
            0.4340638993555872,
            13.026462113261179,
            -2.523417091851596
        ],
        "yaw": 0.4117776348854248,
        "num_points": 51,
        "distance": 13.275720714010273,
        "speed": 12.273380294068332,
        "brake": 0.0,
        "id": 1583,
        "ego_matrix": [
            [
                0.9999492168426514,
                0.0002934642252512276,
                -0.010070152580738068,
                533.4492797851562
            ],
            [
                -0.0002934654476121068,
                0.9999999403953552,
                1.3574949662142899e-06,
                41.731773376464844
            ],
            [
                0.010070152580738068,
                1.5978157534846105e-06,
                0.9999492764472961,
                0.0033171651884913445
            ],
            [
                0.0,
                0.0,
                0.0,
                1.0
            ]
        ]
    },
    {
        "class": "Car",
        "extent": [
            2.0377910137176514,
            4.4804368019104,
            2.069315195083618
        ],
        "position": [
            -8.181794769026137,
            12.958493626784493,
            -2.5265232115639185
        ],
        "yaw": 0.41200986250809774,
        "num_points": 52,
        "distance": 15.532148668373255,
        "speed": 7.495339656935011,
        "brake": 0.0,
        "id": 1587,
        "ego_matrix": [
            [
                0.9999996423721313,
                6.12342482781969e-05,
                0.0008384000975638628,
                525.5818481445312
            ],
            [
                -6.125267827883363e-05,
                1.0,
                2.1953677787678316e-05,
                45.244773864746094
            ],
            [
                -0.0008383987587876618,
                -2.200502422056161e-05,
                0.9999996423721313,
                0.003542461199685931
            ],
            [
                0.0,
                0.0,
                0.0,
                1.0
            ]
        ]
    },
    {
        "class": "Car",
        "extent": [
            1.0239027738571167,
            1.6428436040878296,
            0.3725162446498871
        ],
        "position": [
            38.13460109892963,
            -7.245777410172531,
            -2.539215740592521
        ],
        "yaw": 0.4116705757770943,
        "num_points": 0,
        "distance": 38.899829149104555,
        "speed": 5.302024116766555,
        "brake": 0.0,
        "id": 1594,
        "ego_matrix": [
            [
                0.9999812841415405,
                0.00040062074549496174,
                0.006107047665864229,
                576.1132202148438
            ],
            [
                -0.00040053194970823824,
                0.9999999403953552,
                -1.5761921531520784e-05,
                45.207733154296875
            ],
            [
                -0.006107053253799677,
                1.3315558135218453e-05,
                0.9999813437461853,
                -0.017253130674362183
            ],
            [
                0.0,
                0.0,
                0.0,
                1.0
            ]
        ]
    },
    {
        "class": "Car",
        "extent": [
            1.300939917564392,
            4.717525005340576,
            1.894826889038086
        ],
        "position": [
            23.467316743180955,
            -4.655881279533019,
            -2.5317763966479383
        ],
        "yaw": 0.41176272118332036,
        "num_points": 10,
        "distance": 24.058305786910907,
        "speed": 9.206946604422408,
        "brake": 0.0,
        "id": 1614,
        "ego_matrix": [
            [
                0.9999999403953552,
                0.00030839405371807516,
                -7.49825339880772e-05,
                561.6364135742188
            ],
            [
                -0.0003083940246142447,
                0.9999999403953552,
                3.23130961987772e-07,
                48.708988189697266
            ],
            [
                7.498263585148379e-05,
                -3.0000680339981045e-07,
                1.0,
                -0.005432300269603729
            ],
            [
                0.0,
                0.0,
                0.0,
                1.0
            ]
        ]
    },
    {
        "class": "Car",
        "extent": [
            1.6171096563339233,
            3.987684965133667,
            1.8508483171463013
        ],
        "position": [
            40.699378960545175,
            -4.511060553809419,
            -2.480920425555878
        ],
        "yaw": 0.41156138626992894,
        "num_points": 0,
        "distance": 41.023701457232534,
        "speed": 10.25929580537065,
        "brake": 0.0,
        "id": 1617,
        "ego_matrix": [
            [
                0.9999998807907104,
                0.0005097289104014635,
                3.815077889157692e-06,
                577.3680419921875
            ],
            [
                -0.0005097289104014635,
                0.9999998807907104,
                7.458058348674967e-07,
                41.6746826171875
            ],
            [
                -3.8146970382513246e-06,
                -7.477503913833061e-07,
                1.0,
                0.038756463676691055
            ],
            [
                0.0,
                0.0,
                0.0,
                1.0
            ]
        ]
    },
    {
        "class": "Car",
        "extent": [
            1.2765706777572632,
            2.3557403087615967,
            0.7636788487434387
        ],
        "position": [
            34.74504837643945,
            -9.571598765231805,
            -2.55405412934278
        ],
        "yaw": 0.41157523467508805,
        "num_points": 2,
        "distance": 36.129725740715465,
        "speed": 9.562402971519475,
        "brake": 0.0,
        "id": 1625,
        "ego_matrix": [
            [
                0.999993622303009,
                0.0004959051148034632,
                0.0035446765832602978,
                573.9389038085938
            ],
            [
                -0.0004958774661645293,
                0.9999998807907104,
                -8.681954568601213e-06,
                48.69641876220703
            ],
            [
                -0.00354468054138124,
                6.924174158484675e-06,
                0.9999937415122986,
                -0.029684923589229584
            ],
            [
                0.0,
                0.0,
                0.0,
                1.0
            ]
        ]
    },
    {
        "class": "Car",
        "extent": [
            1.5107464790344238,
            4.901683330535889,
            2.128324270248413
        ],
        "position": [
            -30.164771488758,
            14.93901878824935,
            -2.5037656916905418
        ],
        "yaw": 0.41195979507147695,
        "num_points": 0,
        "distance": 33.75435622202772,
        "speed": 5.523242865496463,
        "brake": 0.0,
        "id": 1653,
        "ego_matrix": [
            [
                0.9999997019767761,
                0.00011132098734378815,
                -0.000800728565081954,
                504.6457824707031
            ],
            [
                -0.00011132009967695922,
                1.0,
                1.1565460908968817e-06,
                52.234375
            ],
            [
                0.0008007286814972758,
                -1.067408561539196e-06,
                0.9999997019767761,
                0.033773135393857956
            ],
            [
                0.0,
                0.0,
                0.0,
                1.0
            ]
        ]
    },
    {
        "class": "Car",
        "extent": [
            1.385296106338501,
            4.181210041046143,
            1.9941171407699585
        ],
        "position": [
            -31.986736870919835,
            -14.976596595341812,
            -2.5636640456915956
        ],
        "yaw": -0.7249781622194662,
        "num_points": 1,
        "distance": 35.41217523067791,
        "speed": 6.314242411077184,
        "brake": 0.0,
        "id": 1654,
        "ego_matrix": [
            [
                0.4202737808227539,
                0.9073973298072815,
                -7.949870632728562e-05,
                514.957763671875
            ],
            [
                -0.9073973298072815,
                0.4202737808227539,
                -1.212244933412876e-05,
                80.37559509277344
            ],
            [
                2.241134461655747e-05,
                7.723166345385835e-05,
                1.0,
                -0.011166629381477833
            ],
            [
                0.0,
                0.0,
                0.0,
                1.0
            ]
        ]
    }
]