[
    {
        "class": "Car",
        "extent": [
            1.5107464790344238,
            4.901683330535889,
            2.128324270248413
        ],
        "position": [
            -1.3,
            0.0,
            -2.5
        ],
        "yaw": 0,
        "num_points": -1,
        "distance": -1,
        "speed": 2.96713514400236,
        "brake": 0.0,
        "id": 1374,
        "ego_matrix": [
            [
                0.9357420802116394,
                0.3526850640773773,
                -8.243760385084897e-05,
                538.4976806640625
            ],
            [
                -0.3526850640773773,
                0.9357420206069946,
                -0.000374205264961347,
                53.85963821411133
            ],
            [
                -5.483626955538057e-05,
                0.000379234115825966,
                0.9999999403953552,
                0.03344474732875824
            ],
            [
                0.0,
                0.0,
                0.0,
                1.0
            ]
        ]
    },
    {
        "class": "Car",
        "extent": [
            1.1256572008132935,
            1.8354405164718628,
            0.3289288878440857
        ],
        "position": [
            3.6805201504791656,
            14.828761771930894,
            -2.541027640901425
        ],
        "yaw": 0.3599010544519078,
        "num_points": 6,
        "distance": 15.488551440938153,
        "speed": 4.704127067227987,
        "brake": 0.0,
        "id": 1382,
        "ego_matrix": [
            [
                0.9999624490737915,
                0.00053790322272107,
                -0.008655204437673092,
                537.9282836914062
            ],
            [
                -0.0005379383801482618,
                0.9999998807907104,
                -1.7354454939777497e-06,
                38.227203369140625
            ],
            [
                0.008655201643705368,
                6.391346687451005e-06,
                0.999962568283081,
                -0.013479575514793396
            ],
            [
                0.0,
                0.0,
                0.0,
                1.0
            ]
        ]
    },
    {
        "class": "Car",
        "extent": [
            2.098191261291504,
            6.273552894592285,
            2.3895740509033203
        ],
        "position": [
            12.600373172168554,
            4.001878548053242,
            -2.5337406355665846
        ],
        "yaw": 0.3600688336005828,
        "num_points": 0,
        "distance": 13.46121382341114,
        "speed": 6.01957079534532,
        "brake": 0.0,
        "id": 1426,
        "ego_matrix": [
            [
                0.9999998807907104,
                0.0003701794194057584,
                -0.0002551077923271805,
                550.0934448242188
            ],
            [
                -0.00037017936119809747,
                0.9999999403953552,
                1.5458581970051455e-07,
                45.21247100830078
            ],
            [
                0.0002551078505348414,
                -6.015014264448837e-08,
                0.9999999403953552,
                -0.002575778868049383
            ],
            [
                0.0,
                0.0,
                0.0,
                1.0
            ]
        ]
    },
    {
        "class": "Car",
        "extent": [
            1.0239027738571167,
            1.6428436040878296,
            0.3725162446498871
        ],
        "position": [
            17.09071874424663,
            9.79888848195318,
            -2.5464337654245788
        ],
        "yaw": 0.35991809868288427,
        "num_points": 0,
        "distance": 19.864420645928544,
        "speed": 4.2929824863489285,
        "brake": 0.0,
        "id": 1441,
        "ego_matrix": [
            [
                0.9999876022338867,
                0.0005209029186517,
                0.004954556468874216,
                552.250732421875
            ],
            [
                -0.0005209079245105386,
                0.9999998807907104,
                -2.781862349365838e-07,
                38.20429229736328
            ],
            [
                -0.0049545555375516415,
                -2.3026848339213757e-06,
                0.9999877214431763,
                -0.01771356537938118
            ],
            [
                0.0,
                0.0,
                0.0,
                1.0
            ]
        ]
    },
    {
        "class": "Car",
        "extent": [
            1.2765706777572632,
            2.3557403087615967,
            0.7636788487434387
        ],
        "position": [
            -27.87993600401508,
            15.496060441030583,
            -2.558822968699923
        ],
        "yaw": 0.36020891587392095,
        "num_points": 1,
        "distance": 31.999473366997705,
        "speed": 6.452727622563817,
        "brake": 0.0,
        "id": 1455,
        "ego_matrix": [
            [
                0.9999870657920837,
                0.00023012420570012182,
                0.005086636636406183,
                508.1604919433594
            ],
            [
                -0.00023009412689134479,
                1.0,
                -6.496742116723908e-06,
                48.73369216918945
            ],
            [
                -0.005086638033390045,
                5.326252903614659e-06,
                0.9999870657920837,
                -0.029797306284308434
            ],
            [
                0.0,
                0.0,
                0.0,
                1.0
            ]
        ]
    },
    {
        "class": "Car",
        "extent": [
            1.1256572008132935,
            1.8354405164718628,
            0.3289288878440857
        ],
        "position": [
            -45.66223890383493,
            18.445664156213965,
            -2.5423504896199582
        ],
        "yaw": 0.3601141073716234,
        "num_points": 0,
        "distance": 49.312738048974765,
        "speed": 4.081388145298299,
        "brake": 0.0,
        "id": 1462,
        "ego_matrix": [
            [
                0.9999926686286926,
                0.00032488733995705843,
                -0.0038106360007077456,
                490.4805603027344
            ],
            [
                -0.00032490325975231826,
                0.9999999403953552,
                -3.555594048521016e-06,
                52.24517059326172
            ],
            [
                0.0038106346037238836,
                4.793655989487888e-06,
                0.9999927282333374,
                -0.013468303717672825
            ],
            [
                0.0,
                0.0,
                0.0,
                1.0
            ]
        ]
    },
    {
        "class": "Car",
        "extent": [
            1.8548461198806763,
            4.6045098304748535,
            1.9315931797027588
        ],
        "position": [
            -23.325806031927108,
            21.263964760324708,
            -2.5160382525829457
        ],
        "yaw": 0.36011304210718736,
        "num_points": 20,
        "distance": 31.66354169791937,
        "speed": 6.3673737656270255,
        "brake": 0.0,
        "id": 1470,
        "ego_matrix": [
            [
                0.9999949336051941,
                0.00032597448443993926,
                -0.003158801468089223,
                510.3877258300781
            ],
            [
                -0.00032596924575045705,
                0.9999999403953552,
                2.170702828152571e-06,
                41.73023223876953
            ],
            [
                0.003158802166581154,
                -1.1410197657824028e-06,
                0.9999949932098389,
                0.01055028848350048
            ],
            [
                0.0,
                0.0,
                0.0,
                1.0
            ]
        ]
    },
    {
        "class": "Car",
        "extent": [
            1.4738311767578125,
            4.1928300857543945,
            1.8161858320236206
        ],
        "position": [
            -19.180172313334243,
            23.43326243393132,
            -2.530603789748378
        ],
        "yaw": 0.3605080957142479,
        "num_points": 3,
        "distance": 30.387509832287655,
        "speed": 7.605488721550184,
        "brake": 0.0,
        "id": 1506,
        "ego_matrix": [
            [
                0.9999999403953552,
                -6.908187788212672e-05,
                -0.00036180036840960383,
                513.5018920898438
            ],
            [
                6.908271461725235e-05,
                1.0,
                2.3145769318944076e-06,
                38.23823165893555
            ],
            [
                0.0003618001937866211,
                -2.3395707557938294e-06,
                0.9999999403953552,
                -0.005065250210464001
            ],
            [
                0.0,
                0.0,
                0.0,
                1.0
            ]
        ]
    },
    {
        "class": "Car",
        "extent": [
            1.5542958974838257,
            4.974244117736816,
            2.0384013652801514
        ],
        "position": [
            42.28866649141227,
            -14.655189772728848,
            -2.5602755129323724
        ],
        "yaw": 0.3600635073109119,
        "num_points": 0,
        "distance": 44.829241702249575,
        "speed": 8.235444518703552,
        "brake": 0.07018386572599411,
        "id": 1523,
        "ego_matrix": [
            [
                0.9999876618385315,
                0.0003751313197426498,
                -0.0049496968276798725,
                584.4541015625
            ],
            [
                -0.0003755010839086026,
                0.9999999403953552,
                -7.377514702966437e-05,
                52.20006561279297
            ],
            [
                0.004949668888002634,
                7.56328518036753e-05,
                0.9999877214431763,
                -0.023663252592086792
            ],
            [
                0.0,
                0.0,
                0.0,
                1.0
            ]
        ]
    },
    {
        "class": "Car",
        "extent": [
            1.6355280876159668,
            5.0267767906188965,
            2.1515462398529053
        ],
        "position": [
            8.535227900357068,
            1.7859117182629072,
            -2.4029269723632525
        ],
        "yaw": 0.3602169053571912,
        "num_points": 210,
        "distance": 9.045090049909582,
        "speed": 9.351470291066839,
        "brake": 0.0,
        "id": 1556,
        "ego_matrix": [
            [
                0.9999734163284302,
                0.00022039824398234487,
                -0.00729392608627677,
                547.071044921875
            ],
            [
                -0.00022210172028280795,
                1.0,
                -0.0002327381371287629,
                48.71971130371094
            ],
            [
                0.007293873932212591,
                0.00023435192997567356,
                0.9999734163284302,
                0.12930116057395935
            ],
            [
                0.0,
                0.0,
                0.0,
                1.0
            ]
        ]
    },
    {
        "class": "Car",
        "extent": [
            1.488319993019104,
            4.791779518127441,
            2.163450002670288
        ],
        "position": [
            29.302961707271052,
            -2.279680070810495,
            -2.530726089296211
        ],
        "yaw": 0.3599436650618583,
        "num_points": 1,
        "distance": 29.500255601978917,
        "speed": 5.430864651057356,
        "brake": 0.0,
        "id": 1557,
        "ego_matrix": [
            [
                0.9999998807907104,
                0.0004953479510731995,
                -0.00023126594896893948,
                567.9381713867188
            ],
            [
                -0.0004953479510731995,
                0.9999998807907104,
                1.671741785003178e-07,
                45.19963455200195
            ],
            [
                0.0002312660071766004,
                -5.261703961423336e-08,
                1.0,
                0.001905040699057281
            ],
            [
                0.0,
                0.0,
                0.0,
                1.0
            ]
        ]
    },
    {
        "class": "Car",
        "extent": [
            1.4750303030014038,
            3.805800199508667,
            1.97027587890625
        ],
        "position": [
            -37.89547515096988,
            19.265393771883,
            -2.4860698144048134
        ],
        "yaw": 0.36011197681024204,
        "num_points": 3,
        "distance": 42.58406952400837,
        "speed": 4.83066325220161,
        "brake": 0.0,
        "id": 1578,
        "ego_matrix": [
            [
                0.9999999403953552,
                0.0003270361921750009,
                -8.702273771632463e-05,
                497.4591369628906
            ],
            [
                -0.0003270361921750009,
                0.9999999403953552,
                1.4434965578402625e-07,
                48.73887252807617
            ],
            [
                8.702278137207031e-05,
                -1.1589006732037888e-07,
                1.0,
                0.04207559674978256
            ],
            [
                0.0,
                0.0,
                0.0,
                1.0
            ]
        ]
    },
    {
        "class": "Car",
        "extent": [
            2.098191261291504,
            6.273552894592285,
            2.3895740509033203
        ],
        "position": [
            -6.367819917702383,
            18.619935784840617,
            -2.5285767138299384
        ],
        "yaw": 0.3602509938353988,
        "num_points": 35,
        "distance": 19.840484856313324,
        "speed": 6.154583537728956,
        "brake": 0.8056542873382568,
        "id": 1580,
        "ego_matrix": [
            [
                0.9999989867210388,
                0.00018801819533109665,
                0.001422643312253058,
                527.1885375976562
            ],
            [
                -0.00018801896658260375,
                1.0,
                4.0463518757860584e-07,
                38.22353744506836
            ],
            [
                -0.0014226431958377361,
                -6.721186878166918e-07,
                0.9999989867210388,
                -0.0019153784960508347
            ],
            [
                0.0,
                0.0,
                0.0,
                1.0
            ]
        ]
    },
    {
        "class": "Car",
        "extent": [
            1.0239027738571167,
            1.6428436040878296,
            0.3725162446498871
        ],
        "position": [
            -19.754819749063838,
            8.691097001660212,
            -2.548398200207651
        ],
        "yaw": 0.35997828612352006,
        "num_points": 1,
        "distance": 21.732059354720423,
        "speed": 5.180861661909429,
        "brake": 0.0,
        "id": 1581,
        "ego_matrix": [
            [
                0.9999875426292419,
                0.00046077711158432066,
                0.004967902321368456,
                518.1635131835938
            ],
            [
                -0.0004607211740221828,
                0.9999998807907104,
                -1.2408859220158774e-05,
                52.23577117919922
            ],
            [
                -0.004967907443642616,
                1.0119887519977055e-05,
                0.9999876618385315,
                -0.01723741553723812
            ],
            [
                0.0,
                0.0,
                0.0,
                1.0
            ]
        ]
    },
    {
        "class": "Car",
        "extent": [
            1.6672759056091309,
            4.611005783081055,
            2.241713285446167
        ],
        "position": [
            -31.61469161259497,
            31.06727382175241,
            -2.4495698075063626
        ],
        "yaw": 0.025109181574134942,
        "num_points": 0,
        "distance": 44.3921684615324,
        "speed": 5.743188184796435,
        "brake": 0.0,
        "id": 1582,
        "ego_matrix": [
            [
                0.9443004727363586,
                0.3290834426879883,
                -0.000864788715261966,
                499.1739807128906
            ],
            [
                -0.32908016443252563,
                0.9442981481552124,
                0.0026993518695235252,
                35.48020553588867
            ],
            [
                0.0017049303278326988,
                -0.0022644144482910633,
                0.9999960064888,
                0.07375551015138626
            ],
            [
                0.0,
                0.0,
                0.0,
                1.0
            ]
        ]
    },
    {
        "class": "Car",
        "extent": [
            1.3787471055984497,
            2.2072951793670654,
            1.4809197187423706
        ],
        "position": [
            4.145685926353258,
            10.910288946474276,
            -2.5258618119504765
        ],
        "yaw": 0.36011144417802404,
        "num_points": 56,
        "distance": 11.941570021927268,
        "speed": 12.858172494677412,
        "brake": 0.0,
        "id": 1583,
        "ego_matrix": [
            [
                0.9999597668647766,
                0.0003275545022916049,
                -0.00896382238715887,
                539.7455444335938
            ],
            [
                -0.00032755566644482315,
                0.9999999403953552,
                1.3383722716753255e-06,
                41.729820251464844
            ],
            [
                0.00896382238715887,
                1.59783223807608e-06,
                0.9999598264694214,
                0.003146762726828456
            ],
            [
                0.0,
                0.0,
                0.0,
                1.0
            ]
        ]
    },
    {
        "class": "Car",
        "extent": [
            2.0377910137176514,
            4.4804368019104,
            2.069315195083618
        ],
        "position": [
            -6.851108383016873,
            11.299318797415644,
            -2.526484080318569
        ],
        "yaw": 0.3602808212233531,
        "num_points": 83,
        "distance": 13.453453577783579,
        "speed": 7.481753213892687,
        "brake": 0.0,
        "id": 1587,
        "ego_matrix": [
            [
                0.9999998807907104,
                0.0001581931282998994,
                -0.0004562134272418916,
                529.3181762695312
            ],
            [
                -0.0001581917458679527,
                1.0,
                3.0623291422671173e-06,
                45.24419403076172
            ],
            [
                0.00045621389290317893,
                -2.9901593734393828e-06,
                0.9999998807907104,
                0.00297998427413404
            ],
            [
                0.0,
                0.0,
                0.0,
                1.0
            ]
        ]
    },
    {
        "class": "Car",
        "extent": [
            1.0239027738571167,
            1.6428436040878296,
            0.3725162446498871
        ],
        "position": [
            39.498543987936536,
            -6.129796147132359,
            -2.5506572690267233
        ],
        "yaw": 0.35997509039523057,
        "num_points": 0,
        "distance": 40.05265572314019,
        "speed": 5.111061171622991,
        "brake": 0.0,
        "id": 1594,
        "ego_matrix": [
            [
                0.9999938011169434,
                0.000463965319795534,
                0.003489242633804679,
                578.8364868164062
            ],
            [
                -0.00046391974319703877,
                0.9999998807907104,
                -1.3869279428035952e-05,
                45.20652770996094
            ],
            [
                -0.003489248687401414,
                1.2250465260876808e-05,
                0.9999939203262329,
                -0.01712512969970703
            ],
            [
                0.0,
                0.0,
                0.0,
                1.0
            ]
        ]
    },
    {
        "class": "Car",
        "extent": [
            1.300939917564392,
            4.717525005340576,
            1.894826889038086
        ],
        "position": [
            26.522366610610124,
            -4.980750445076849,
            -2.539230786145035
        ],
        "yaw": 0.36012742314456453,
        "num_points": 12,
        "distance": 27.105193203684173,
        "speed": 9.383751171341114,
        "brake": 0.0,
        "id": 1614,
        "ego_matrix": [
            [
                0.9999999403953552,
                0.00031158988713286817,
                -6.210793799255043e-05,
                566.2888793945312
            ],
            [
                -0.0003115898580290377,
                0.9999999403953552,
                3.2246418868453475e-07,
                48.70781707763672
            ],
            [
                6.210803985595703e-05,
                -3.031119888419198e-07,
                1.0,
                -0.005422839894890785
            ],
            [
                0.0,
                0.0,
                0.0,
                1.0
            ]
        ]
    },
    {
        "class": "Car",
        "extent": [
            1.6171096563339233,
            3.987684965133667,
            1.8508483171463013
        ],
        "position": [
            43.81115911729483,
            -3.9785955444953065,
            -2.493343275420556
        ],
        "yaw": 0.36010878104944327,
        "num_points": 1,
        "distance": 44.06204314823234,
        "speed": 8.782014484151517,
        "brake": 0.10864472389221191,
        "id": 1617,
        "ego_matrix": [
            [
                0.9999996423721313,
                0.0003302361583337188,
                0.0007935743196867406,
                582.11328125
            ],
            [
                -0.0003302318509668112,
                0.9999999403953552,
                -5.588384738075547e-06,
                41.672542572021484
            ],
            [
                -0.000793576124124229,
                5.326319751475239e-06,
                0.9999997019767761,
                0.03913656249642372
            ],
            [
                0.0,
                0.0,
                0.0,
                1.0
            ]
        ]
    },
    {
        "class": "Car",
        "extent": [
            1.2765706777572632,
            2.3557403087615967,
            0.7636788487434387
        ],
        "position": [
            38.1541406247543,
            -9.350120433135414,
            -2.5644691667959436
        ],
        "yaw": 0.3599431324621496,
        "num_points": 1,
        "distance": 39.36673343109776,
        "speed": 9.515589647133634,
        "brake": 0.0,
        "id": 1625,
        "ego_matrix": [
            [
                0.9999949336051941,
                0.0004959023208357394,
                0.0031441356986761093,
                578.7142333984375
            ],
            [
                -0.0004958781064487994,
                0.9999998807907104,
                -8.483334568154532e-06,
                48.69407653808594
            ],
            [
                -0.0031441396567970514,
                6.924183708179044e-06,
                0.9999950528144836,
                -0.029642047360539436
            ],
            [
                0.0,
                0.0,
                0.0,
                1.0
            ]
        ]
    },
    {
        "class": "Car",
        "extent": [
            1.5107464790344238,
            4.901683330535889,
            2.128324270248413
        ],
        "position": [
            -29.738865459194628,
            12.455906618441633,
            -2.4964371219673245
        ],
        "yaw": 0.36032236654448563,
        "num_points": 9,
        "distance": 32.33855171140714,
        "speed": 5.744378036928977,
        "brake": 0.0,
        "id": 1653,
        "ego_matrix": [
            [
                1.0,
                0.0001166466245194897,
                -0.000173807013197802,
                507.49322509765625
            ],
            [
                -0.00011664644989650697,
                1.0,
                1.0094262279380928e-06,
                52.23408508300781
            ],
            [
                0.00017380712961312383,
                -9.891522267935215e-07,
                1.0,
                0.033843401819467545
            ],
            [
                0.0,
                0.0,
                0.0,
                1.0
            ]
        ]
    },
    {
        "class": "Car",
        "extent": [
            1.385296106338501,
            4.181210041046143,
            1.9941171407699585
        ],
        "position": [
            -30.411164633378977,
            -14.308473386574198,
            -2.5516334566717833
        ],
        "yaw": -0.7698590179109994,
        "num_points": 2,
        "distance": 33.70581816704631,
        "speed": 6.314853986026886,
        "brake": 0.0,
        "id": 1654,
        "ego_matrix": [
            [
                0.42639026045799255,
                0.9045392870903015,
                -5.1217277359683067e-05,
                516.3035278320312
            ],
            [
                -0.9045392870903015,
                0.42639026045799255,
                -2.5704139261506498e-08,
                77.5157699584961
            ],
            [
                2.1815298168803565e-05,
                4.633899879991077e-05,
                1.0,
                -0.011166095733642578
            ],
            [
                0.0,
                0.0,
                0.0,
                1.0
            ]
        ]
    }
]