[
    {
        "class": "Car",
        "extent": [
            1.5107464790344238,
            4.901683330535889,
            2.128324270248413
        ],
        "position": [
            -1.3,
            0.0,
            -2.5
        ],
        "yaw": 0,
        "num_points": -1,
        "distance": -1,
        "speed": 3.146045587235215,
        "brake": 0.0,
        "id": 1374,
        "ego_matrix": [
            [
                0.9524951577186584,
                0.3045531213283539,
                -0.00058361777337268,
                539.8911743164062
            ],
            [
                -0.30455338954925537,
                0.9524951577186584,
                -0.0003938386798836291,
                53.4466552734375
            ],
            [
                0.0004359483427833766,
                0.0005528721958398819,
                0.9999997019767761,
                0.033200453966856
            ],
            [
                0.0,
                0.0,
                0.0,
                1.0
            ]
        ]
    },
    {
        "class": "Car",
        "extent": [
            1.1256572008132935,
            1.8354405164718628,
            0.3289288878440857
        ],
        "position": [
            3.725922829965561,
            14.372992140113439,
            -2.540972717266729
        ],
        "yaw": 0.3088644683482247,
        "num_points": 7,
        "distance": 15.063928649078072,
        "speed": 4.834120827371035,
        "brake": 0.0,
        "id": 1382,
        "ego_matrix": [
            [
                0.9999951124191284,
                0.0006050538504496217,
                -0.0030626035295426846,
                540.301025390625
            ],
            [
                -0.0006050672964192927,
                0.9999998211860657,
                -3.473232027317863e-06,
                38.22580337524414
            ],
            [
                0.0030626007355749607,
                5.326296104612993e-06,
                0.9999952912330627,
                -0.0135276410728693
            ],
            [
                0.0,
                0.0,
                0.0,
                1.0
            ]
        ]
    },
    {
        "class": "Car",
        "extent": [
            2.098191261291504,
            6.273552894592285,
            2.3895740509033203
        ],
        "position": [
            13.864459739586135,
            3.7969690867164494,
            -2.540868977867202
        ],
        "yaw": 0.3091004244208057,
        "num_points": 20,
        "distance": 14.597816044832635,
        "speed": 6.626594511313341,
        "brake": 0.0,
        "id": 1426,
        "ego_matrix": [
            [
                0.9999984502792358,
                0.00036911413189955056,
                -0.0017144669545814395,
                553.1788940429688
            ],
            [
                -0.0003691135789267719,
                0.9999999403953552,
                6.328340873551497e-07,
                45.21168899536133
            ],
            [
                0.0017144670709967613,
                -2.8421707736338113e-14,
                0.9999985098838806,
                -0.0031568335834890604
            ],
            [
                0.0,
                0.0,
                0.0,
                1.0
            ]
        ]
    },
    {
        "class": "Car",
        "extent": [
            1.0239027738571167,
            1.6428436040878296,
            0.3725162446498871
        ],
        "position": [
            17.23117239807255,
            10.078577931965752,
            -2.5535289111105843
        ],
        "yaw": 0.308953950528342,
        "num_points": 4,
        "distance": 20.124898639314484,
        "speed": 4.592568006504097,
        "brake": 0.0,
        "id": 1441,
        "ego_matrix": [
            [
                0.9999747276306152,
                0.0005155707476660609,
                0.0070893168449401855,
                554.4725952148438
            ],
            [
                -0.0005155750550329685,
                0.9999998807907104,
                -1.2195523595437407e-06,
                38.203147888183594
            ],
            [
                -0.007089316379278898,
                -2.4355533696507337e-06,
                0.9999748468399048,
                -0.01782197877764702
            ],
            [
                0.0,
                0.0,
                0.0,
                1.0
            ]
        ]
    },
    {
        "class": "Car",
        "extent": [
            1.2765706777572632,
            2.3557403087615967,
            0.7636788487434387
        ],
        "position": [
            -26.571069856815992,
            13.029016902644805,
            -2.5448639458632023
        ],
        "yaw": 0.30923464775600035,
        "num_points": 0,
        "distance": 29.702750163716388,
        "speed": 8.108260328806852,
        "brake": 0.0,
        "id": 1455,
        "ego_matrix": [
            [
                0.9999858736991882,
                0.00023491907631978393,
                0.005310270469635725,
                511.85260009765625
            ],
            [
                -0.0002348874695599079,
                1.0,
                -6.573655355168739e-06,
                48.73298645019531
            ],
            [
                -0.005310271866619587,
                5.3262465371517465e-06,
                0.9999858736991882,
                -0.029883746057748795
            ],
            [
                0.0,
                0.0,
                0.0,
                1.0
            ]
        ]
    },
    {
        "class": "Car",
        "extent": [
            1.1256572008132935,
            1.8354405164718628,
            0.3289288878440857
        ],
        "position": [
            -46.053368546982085,
            15.571746580591387,
            -2.5185490927475076
        ],
        "yaw": 0.3091110771301846,
        "num_points": 0,
        "distance": 48.67992538641465,
        "speed": 4.081723833321887,
        "brake": 0.0,
        "id": 1462,
        "ego_matrix": [
            [
                0.9999926686286926,
                0.0003584431251510978,
                -0.003814093070104718,
                492.5213928222656
            ],
            [
                -0.0003584587830118835,
                0.9999999403953552,
                -3.4264849091414362e-06,
                52.24443817138672
            ],
            [
                0.0038140916731208563,
                4.7936550799931865e-06,
                0.9999927282333374,
                -0.013467978686094284
            ],
            [
                0.0,
                0.0,
                0.0,
                1.0
            ]
        ]
    },
    {
        "class": "Car",
        "extent": [
            1.8548461198806763,
            4.6045098304748535,
            1.9315931797027588
        ],
        "position": [
            -22.686081326143906,
            19.139581618401486,
            -2.5027504976241444
        ],
        "yaw": 0.3091387739405028,
        "num_points": 6,
        "distance": 29.786668671021694,
        "speed": 6.838218574016502,
        "brake": 0.0,
        "id": 1470,
        "ego_matrix": [
            [
                0.9999948740005493,
                0.0003307680308353156,
                -0.0031803783494979143,
                513.6920166015625
            ],
            [
                -0.0003307629085611552,
                0.9999999403953552,
                2.1273597212712048e-06,
                41.72949981689453
            ],
            [
                0.0031803790479898453,
                -1.0753975629995693e-06,
                0.9999949336051941,
                0.010544986464083195
            ],
            [
                0.0,
                0.0,
                0.0,
                1.0
            ]
        ]
    },
    {
        "class": "Car",
        "extent": [
            1.4738311767578125,
            4.1928300857543945,
            1.8161858320236206
        ],
        "position": [
            -18.25310898888191,
            21.387709824962855,
            -2.519004465824337
        ],
        "yaw": 0.30960212684456667,
        "num_points": 10,
        "distance": 28.230400330417865,
        "speed": 7.268217616501716,
        "brake": 0.0,
        "id": 1506,
        "ego_matrix": [
            [
                0.9999999403953552,
                -0.00013258960098028183,
                0.000272750185104087,
                517.229736328125
            ],
            [
                0.00013258827675599605,
                1.0,
                4.845845523959724e-06,
                38.23809814453125
            ],
            [
                -0.00027275082538835704,
                -4.809681286133127e-06,
                0.9999999403953552,
                -0.005019359290599823
            ],
            [
                0.0,
                0.0,
                0.0,
                1.0
            ]
        ]
    },
    {
        "class": "Car",
        "extent": [
            1.5542958974838257,
            4.974244117736816,
            2.0384013652801514
        ],
        "position": [
            45.0415849776376,
            -13.507396019635886,
            -2.585524478732154
        ],
        "yaw": 0.30909190233782674,
        "num_points": 0,
        "distance": 47.0943633714179,
        "speed": 6.7422342516654075,
        "brake": 0.0,
        "id": 1523,
        "ego_matrix": [
            [
                0.9999775290489197,
                0.0003771335177589208,
                -0.006693579256534576,
                588.1450805664062
            ],
            [
                -0.0003776277299039066,
                0.9999999403953552,
                -7.257339893840253e-05,
                52.19893264770508
            ],
            [
                0.006693551316857338,
                7.509945135097951e-05,
                0.9999775886535645,
                -0.024653606116771698
            ],
            [
                0.0,
                0.0,
                0.0,
                1.0
            ]
        ]
    },
    {
        "class": "Car",
        "extent": [
            1.6355280876159668,
            5.0267767906188965,
            2.1515462398529053
        ],
        "position": [
            11.440007130095891,
            0.8899389690637775,
            -2.408928499977822
        ],
        "yaw": 0.3092378435167991,
        "num_points": 127,
        "distance": 11.724704304301602,
        "speed": 9.389313348580968,
        "brake": 0.0,
        "id": 1556,
        "ego_matrix": [
            [
                0.9999741315841675,
                0.00023000998771749437,
                -0.007190100383013487,
                551.7548828125
            ],
            [
                -0.00023168903135228902,
                1.0,
                -0.00023269228404387832,
                48.71894454956055
            ],
            [
                0.007190045900642872,
                0.00023435211915057153,
                0.9999741315841675,
                0.12933389842510223
            ],
            [
                0.0,
                0.0,
                0.0,
                1.0
            ]
        ]
    },
    {
        "class": "Car",
        "extent": [
            1.488319993019104,
            4.791779518127441,
            2.163450002670288
        ],
        "position": [
            30.503016588276434,
            -1.509044307993723,
            -2.546060808094351
        ],
        "yaw": 0.3089741906826638,
        "num_points": 3,
        "distance": 30.646266678776218,
        "speed": 5.409725376743628,
        "brake": 0.0,
        "id": 1557,
        "ego_matrix": [
            [
                0.9999998807907104,
                0.0004953478346578777,
                -4.100796650163829e-05,
                570.6430053710938
            ],
            [
                -0.0004953478346578777,
                0.9999998807907104,
                6.335223190490069e-08,
                45.19831466674805
            ],
            [
                4.100799196748994e-05,
                -4.303901590674286e-08,
                1.0,
                0.0018384361173957586
            ],
            [
                0.0,
                0.0,
                0.0,
                1.0
            ]
        ]
    },
    {
        "class": "Car",
        "extent": [
            1.4750303030014038,
            3.805800199508667,
            1.97027587890625
        ],
        "position": [
            -37.951426520943635,
            16.662135132426318,
            -2.4659226754735695
        ],
        "yaw": 0.30913717604384877,
        "num_points": 1,
        "distance": 41.52129931477619,
        "speed": 4.927840307828058,
        "brake": 0.0,
        "id": 1578,
        "ego_matrix": [
            [
                0.9999999403953552,
                0.0003323625132907182,
                -1.4901117538101971e-05,
                499.9063415527344
            ],
            [
                -0.0003323625132907182,
                0.9999999403953552,
                1.3023958445046446e-07,
                48.73835372924805
            ],
            [
                1.4901160284352954e-05,
                -1.2528701631708827e-07,
                1.0,
                0.0420876108109951
            ],
            [
                0.0,
                0.0,
                0.0,
                1.0
            ]
        ]
    },
    {
        "class": "Car",
        "extent": [
            2.098191261291504,
            6.273552894592285,
            2.3895740509033203
        ],
        "position": [
            -6.100189471573543,
            17.517740160994325,
            -2.5236444500887827
        ],
        "yaw": 0.3092761930852602,
        "num_points": 2,
        "distance": 18.720371610832785,
        "speed": 5.312003049159408,
        "brake": 0.10414309054613113,
        "id": 1580,
        "ego_matrix": [
            [
                0.9999997615814209,
                0.00019334504031576216,
                0.0006541014299727976,
                529.9839477539062
            ],
            [
                -0.0001933454186655581,
                1.0,
                5.237444042904826e-07,
                38.22301483154297
            ],
            [
                -0.0006541013135574758,
                -6.502117457785062e-07,
                0.9999997615814209,
                -0.0022216986399143934
            ],
            [
                0.0,
                0.0,
                0.0,
                1.0
            ]
        ]
    },
    {
        "class": "Car",
        "extent": [
            1.0239027738571167,
            1.6428436040878296,
            0.3725162446498871
        ],
        "position": [
            -19.17522433731031,
            6.988121803024886,
            -2.5388376067490652
        ],
        "yaw": 0.3089454284778724,
        "num_points": 0,
        "distance": 20.566204586980376,
        "speed": 5.490533161876735,
        "brake": 0.0,
        "id": 1581,
        "ego_matrix": [
            [
                0.9999691247940063,
                0.0005241768667474389,
                0.00784126203507185,
                520.7368774414062
            ],
            [
                -0.0005240939208306372,
                0.9999998807907104,
                -1.2631800018425565e-05,
                52.23447799682617
            ],
            [
                -0.007841267623007298,
                8.521851668774616e-06,
                0.9999692440032959,
                -0.017293358221650124
            ],
            [
                0.0,
                0.0,
                0.0,
                1.0
            ]
        ]
    },
    {
        "class": "Car",
        "extent": [
            1.6672759056091309,
            4.611005783081055,
            2.241713285446167
        ],
        "position": [
            -31.63184806961498,
            29.82007549304533,
            -2.4294030088554983
        ],
        "yaw": -0.11121470567565861,
        "num_points": 2,
        "distance": 43.53978311486593,
        "speed": 6.1658558247389506,
        "brake": 0.0,
        "id": 1582,
        "ego_matrix": [
            [
                0.9128093719482422,
                0.40838587284088135,
                0.00023851246805861592,
                501.91839599609375
            ],
            [
                -0.40838494896888733,
                0.9128057360649109,
                0.0027229725383222103,
                34.28081512451172
            ],
            [
                0.0008943079155869782,
                -0.0025829593650996685,
                0.9999962449073792,
                0.07408761978149414
            ],
            [
                0.0,
                0.0,
                0.0,
                1.0
            ]
        ]
    },
    {
        "class": "Car",
        "extent": [
            1.3787471055984497,
            2.2072951793670654,
            1.4809197187423706
        ],
        "position": [
            8.360419012117738,
            9.214739619559822,
            -2.5292855036521806
        ],
        "yaw": 0.3091057507754951,
        "num_points": 66,
        "distance": 12.696665604537685,
        "speed": 13.26680908290502,
        "brake": 0.0,
        "id": 1583,
        "ego_matrix": [
            [
                0.9999662041664124,
                0.0003637746558524668,
                -0.008214261382818222,
                546.2863159179688
            ],
            [
                -0.00036377549986355007,
                0.9999999403953552,
                1.3903514854973764e-06,
                41.72755813598633
            ],
            [
                0.008214261382818222,
                1.5978425835783128e-06,
                0.9999662637710571,
                0.003031825879588723
            ],
            [
                0.0,
                0.0,
                0.0,
                1.0
            ]
        ]
    },
    {
        "class": "Car",
        "extent": [
            2.0377910137176514,
            4.4804368019104,
            2.069315195083618
        ],
        "position": [
            -5.30614828752231,
            9.893494500349892,
            -2.5230207939220555
        ],
        "yaw": 0.30922026673487785,
        "num_points": 132,
        "distance": 11.506610143921302,
        "speed": 7.509364504499043,
        "brake": 0.0,
        "id": 1587,
        "ego_matrix": [
            [
                0.9999998211860657,
                0.0002492724161129445,
                -0.0004941221559420228,
                533.062255859375
            ],
            [
                -0.00024927177582867444,
                0.9999999403953552,
                1.3331766695046099e-06,
                45.24324417114258
            ],
            [
                0.0004941225051879883,
                -1.2100058484065812e-06,
                0.9999998807907104,
                0.0029633522499352694
            ],
            [
                0.0,
                0.0,
                0.0,
                1.0
            ]
        ]
    },
    {
        "class": "Car",
        "extent": [
            1.0239027738571167,
            1.6428436040878296,
            0.3725162446498871
        ],
        "position": [
            40.480901125022434,
            -4.7067824063365,
            -2.571868669907764
        ],
        "yaw": 0.3089305148082772,
        "num_points": 0,
        "distance": 40.83468703161192,
        "speed": 4.537860147104513,
        "brake": 0.0,
        "id": 1594,
        "ego_matrix": [
            [
                0.9999867081642151,
                0.0005390838487073779,
                0.005129188299179077,
                581.1207885742188
            ],
            [
                -0.0005390166188590229,
                0.9999998807907104,
                -1.4482664482784458e-05,
                45.20535659790039
            ],
            [
                -0.005129195284098387,
                1.1717753295670263e-05,
                0.9999868273735046,
                -0.017851637676358223
            ],
            [
                0.0,
                0.0,
                0.0,
                1.0
            ]
        ]
    },
    {
        "class": "Car",
        "extent": [
            1.300939917564392,
            4.717525005340576,
            1.894826889038086
        ],
        "position": [
            29.7450989519167,
            -4.950012011230683,
            -2.554849265793816
        ],
        "yaw": 0.3091547529395526,
        "num_points": 0,
        "distance": 30.26220060308852,
        "speed": 9.22443322973943,
        "brake": 0.0,
        "id": 1614,
        "ego_matrix": [
            [
                0.9999999403953552,
                0.00031478560413233936,
                2.6106932637048885e-05,
                570.9690551757812
            ],
            [
                -0.00031478560413233936,
                0.9999999403953552,
                3.075381869166449e-07,
                48.70664978027344
            ],
            [
                -2.6106834411621094e-05,
                -3.157562673550274e-07,
                1.0,
                -0.0053780172020196915
            ],
            [
                0.0,
                0.0,
                0.0,
                1.0
            ]
        ]
    },
    {
        "class": "Car",
        "extent": [
            1.6171096563339233,
            3.987684965133667,
            1.8508483171463013
        ],
        "position": [
            46.49102050893775,
            -2.918237660879068,
            -2.5167195128949222
        ],
        "yaw": 0.3092410393101072,
        "num_points": 0,
        "distance": 46.65045526159878,
        "speed": 8.061621337736781,
        "brake": 0.0,
        "id": 1617,
        "ego_matrix": [
            [
                0.9999999403953552,
                0.0002284998190589249,
                0.0003612037398852408,
                586.3006591796875
            ],
            [
                -0.00022849922243040055,
                1.0,
                -1.680431523709558e-06,
                41.67135238647461
            ],
            [
                -0.00036120411823503673,
                1.5978965848262305e-06,
                0.9999999403953552,
                0.03892877325415611
            ],
            [
                0.0,
                0.0,
                0.0,
                1.0
            ]
        ]
    },
    {
        "class": "Car",
        "extent": [
            1.2765706777572632,
            2.3557403087615967,
            0.7636788487434387
        ],
        "position": [
            40.99628858662143,
            -8.532165888724597,
            -2.58582213057563
        ],
        "yaw": 0.3089741907476824,
        "num_points": 1,
        "distance": 41.95449926672034,
        "speed": 7.598194842393968,
        "brake": 0.0,
        "id": 1625,
        "ego_matrix": [
            [
                0.9999988079071045,
                0.0004953580209985375,
                0.0014812903245911002,
                582.7767333984375
            ],
            [
                -0.0004953472525812685,
                0.9999998807907104,
                -7.657971764274407e-06,
                48.69205856323242
            ],
            [
                -0.0014812939334660769,
                6.924210083525395e-06,
                0.999998927116394,
                -0.029465464875102043
            ],
            [
                0.0,
                0.0,
                0.0,
                1.0
            ]
        ]
    },
    {
        "class": "Car",
        "extent": [
            1.5107464790344238,
            4.901683330535889,
            2.128324270248413
        ],
        "position": [
            -28.976753000922464,
            10.12290236818205,
            -2.4817675267540102
        ],
        "yaw": 0.3093459678814383,
        "num_points": 7,
        "distance": 30.794228954287284,
        "speed": 6.035475508688085,
        "brake": 1.0,
        "id": 1653,
        "ego_matrix": [
            [
                0.9999999403953552,
                0.0001235709642060101,
                -0.0003015993570443243,
                510.44622802734375
            ],
            [
                -0.00012357064406387508,
                1.0,
                1.0431756436446449e-06,
                52.233680725097656
            ],
            [
                0.0003015994734596461,
                -1.005906710815907e-06,
                0.9999999403953552,
                0.033770617097616196
            ],
            [
                0.0,
                0.0,
                0.0,
                1.0
            ]
        ]
    },
    {
        "class": "Car",
        "extent": [
            1.385296106338501,
            4.181210041046143,
            1.9941171407699585
        ],
        "position": [
            -28.93381129506737,
            -13.437828955419143,
            -2.539749046120285
        ],
        "yaw": -0.8163799480703442,
        "num_points": 5,
        "distance": 32.002984365695305,
        "speed": 6.315019077568296,
        "brake": 0.0,
        "id": 1654,
        "ego_matrix": [
            [
                0.43040990829467773,
                0.902633547782898,
                -4.448585241334513e-05,
                517.6626586914062
            ],
            [
                -0.902633547782898,
                0.43040990829467773,
                2.9559596441686153e-06,
                74.662109375
            ],
            [
                2.1815298168803565e-05,
                3.8882146327523515e-05,
                1.0,
                -0.011166095733642578
            ],
            [
                0.0,
                0.0,
                0.0,
                1.0
            ]
        ]
    }
]