[
    {
        "class": "Car",
        "extent": [
            1.5107464790344238,
            4.901683330535889,
            2.128324270248413
        ],
        "position": [
            -1.3,
            0.0,
            -2.5
        ],
        "yaw": 0,
        "num_points": -1,
        "distance": -1,
        "speed": 2.8123895036614845,
        "brake": 0.0,
        "id": 1374,
        "ego_matrix": [
            [
                0.9662324786186218,
                0.25767189264297485,
                0.00013925269013270736,
                541.3123779296875
            ],
            [
                -0.25767186284065247,
                0.966232419013977,
                -0.0003337060916237533,
                53.09868621826172
            ],
            [
                -0.00022053717111703008,
                0.00028655616915784776,
                0.9999999403953552,
                0.033527106046676636
            ],
            [
                0.0,
                0.0,
                0.0,
                1.0
            ]
        ]
    },
    {
        "class": "Car",
        "extent": [
            1.1256572008132935,
            1.8354405164718628,
            0.3289288878440857
        ],
        "position": [
            3.9381014920729704,
            13.997451171630063,
            -2.5412862333794655
        ],
        "yaw": 0.2599525355174499,
        "num_points": 5,
        "distance": 14.761281054976196,
        "speed": 5.0264722606396655,
        "brake": 0.0,
        "id": 1382,
        "ego_matrix": [
            [
                0.999995768070221,
                0.0006593880243599415,
                -0.002833721926435828,
                542.766845703125
            ],
            [
                -0.0006593959988094866,
                0.9999997615814209,
                -1.8598731230667909e-06,
                38.22419738769531
            ],
            [
                0.002833720063790679,
                3.728410320036346e-06,
                0.9999960064888,
                -0.012925376184284687
            ],
            [
                0.0,
                0.0,
                0.0,
                1.0
            ]
        ]
    },
    {
        "class": "Car",
        "extent": [
            2.098191261291504,
            6.273552894592285,
            2.3895740509033203
        ],
        "position": [
            15.468186295266303,
            3.6918648205811557,
            -2.5313144513745605
        ],
        "yaw": 0.26024228747655986,
        "num_points": 37,
        "distance": 16.102863284839955,
        "speed": 6.831126776030618,
        "brake": 0.0,
        "id": 1426,
        "ego_matrix": [
            [
                0.9999999403953552,
                0.0003696467902045697,
                -0.00017380696954205632,
                556.5630493164062
            ],
            [
                -0.0003696467319969088,
                0.9999999403953552,
                4.416141337060253e-07,
                45.21080780029297
            ],
            [
                0.00017380712961312383,
                -3.773669163820159e-07,
                1.0,
                -0.002543277572840452
            ],
            [
                0.0,
                0.0,
                0.0,
                1.0
            ]
        ]
    },
    {
        "class": "Car",
        "extent": [
            1.0239027738571167,
            1.6428436040878296,
            0.3725162446498871
        ],
        "position": [
            17.54764215855099,
            10.391143194521709,
            -2.5442153713379385
        ],
        "yaw": 0.2601006073390769,
        "num_points": 0,
        "distance": 20.55160903845154,
        "speed": 4.888726631077665,
        "brake": 0.0,
        "id": 1441,
        "ego_matrix": [
            [
                0.9999744892120361,
                0.0005113118095323443,
                0.0071280584670603275,
                556.8460693359375
            ],
            [
                -0.0005113139050081372,
                0.9999998807907104,
                -1.5305258784792386e-06,
                38.201934814453125
            ],
            [
                -0.0071280584670603275,
                -2.1141886463738047e-06,
                0.9999746084213257,
                -0.017822513356804848
            ],
            [
                0.0,
                0.0,
                0.0,
                1.0
            ]
        ]
    },
    {
        "class": "Car",
        "extent": [
            1.2765706777572632,
            2.3557403087615967,
            0.7636788487434387
        ],
        "position": [
            -24.424247894501406,
            10.685895284350888,
            -2.5652710061010273
        ],
        "yaw": 0.2603722497052464,
        "num_points": 0,
        "distance": 26.782696999647207,
        "speed": 8.892695925699385,
        "brake": 0.0,
        "id": 1455,
        "ego_matrix": [
            [
                0.9999929666519165,
                0.00023970447364263237,
                0.0037519829347729683,
                516.2155151367188
            ],
            [
                -0.00023968280584085733,
                1.0,
                -6.225613105925731e-06,
                48.73211669921875
            ],
            [
                -0.0037519840989261866,
                5.326283371687168e-06,
                0.9999929666519165,
                -0.02970624901354313
            ],
            [
                0.0,
                0.0,
                0.0,
                1.0
            ]
        ]
    },
    {
        "class": "Car",
        "extent": [
            1.1256572008132935,
            1.8354405164718628,
            0.3289288878440857
        ],
        "position": [
            -46.25063291862152,
            12.872203692067995,
            -2.553219706514965
        ],
        "yaw": 0.2602167211300951,
        "num_points": 0,
        "distance": 48.07633101779816,
        "speed": 4.081834981360108,
        "brake": 0.0,
        "id": 1462,
        "ego_matrix": [
            [
                0.9999926686286926,
                0.00039519480196759105,
                -0.003815046977251768,
                494.56280517578125
            ],
            [
                -0.00039521019789390266,
                0.9999999403953552,
                -3.285934326413553e-06,
                52.243675231933594
            ],
            [
                0.0038150453474372625,
                4.793655534740537e-06,
                0.9999927282333374,
                -0.013467921875417233
            ],
            [
                0.0,
                0.0,
                0.0,
                1.0
            ]
        ]
    },
    {
        "class": "Car",
        "extent": [
            1.8548461198806763,
            4.6045098304748535,
            1.9315931797027588
        ],
        "position": [
            -21.639162899564024,
            17.191357509402135,
            -2.5225274875357586
        ],
        "yaw": 0.26027531067407683,
        "num_points": 12,
        "distance": 27.75174388998498,
        "speed": 7.298311172815337,
        "brake": 0.0,
        "id": 1470,
        "ego_matrix": [
            [
                0.9999950528144836,
                0.0003366274759173393,
                -0.003119224216789007,
                517.2302856445312
            ],
            [
                -0.0003366218588780612,
                0.9999999403953552,
                2.3224097276397515e-06,
                41.728675842285156
            ],
            [
                0.003119224915280938,
                -1.2723991176244454e-06,
                0.9999951124191284,
                0.010558871552348137
            ],
            [
                0.0,
                0.0,
                0.0,
                1.0
            ]
        ]
    },
    {
        "class": "Car",
        "extent": [
            1.4738311767578125,
            4.1928300857543945,
            1.8161858320236206
        ],
        "position": [
            -17.844025213813705,
            19.79454101502562,
            -2.5373009905871173
        ],
        "yaw": 0.25523767512357365,
        "num_points": 11,
        "distance": 26.770711349226136,
        "speed": 4.5961050795839204,
        "brake": 0.0,
        "id": 1506,
        "ego_matrix": [
            [
                0.9999818801879883,
                0.005373881198465824,
                0.002708494197577238,
                520.2265014648438
            ],
            [
                -0.005374212749302387,
                0.9999855756759644,
                0.00011527771130204201,
                38.23550033569336
            ],
            [
                -0.0027078355196863413,
                -0.0001298316492466256,
                0.9999963045120239,
                -0.005797557532787323
            ],
            [
                0.0,
                0.0,
                0.0,
                1.0
            ]
        ]
    },
    {
        "class": "Car",
        "extent": [
            1.6355280876159668,
            5.0267767906188965,
            2.1515462398529053
        ],
        "position": [
            14.463352478538129,
            0.3299517924859501,
            -2.400616375086069
        ],
        "yaw": 0.2603727823537191,
        "num_points": 74,
        "distance": 14.664937506997125,
        "speed": 9.420074319339204,
        "brake": 0.0,
        "id": 1556,
        "ego_matrix": [
            [
                0.999974250793457,
                0.00023747018713038415,
                -0.0071756779216229916,
                556.4584350585938
            ],
            [
                -0.0002391456946497783,
                1.0,
                -0.00023264209448825568,
                48.71807098388672
            ],
            [
                0.007175622042268515,
                0.00023435211915057153,
                0.999974250793457,
                0.1293397694826126
            ],
            [
                0.0,
                0.0,
                0.0,
                1.0
            ]
        ]
    },
    {
        "class": "Car",
        "extent": [
            1.488319993019104,
            4.791779518127441,
            2.163450002670288
        ],
        "position": [
            31.690701335345164,
            -0.6199953813470639,
            -2.5244973527528605
        ],
        "yaw": 0.2601171188728168,
        "num_points": 5,
        "distance": 31.797138743651065,
        "speed": 5.081571092557124,
        "brake": 0.0,
        "id": 1557,
        "ego_matrix": [
            [
                0.9999998211860657,
                0.0004948153509758413,
                0.0002509354962967336,
                573.3488159179688
            ],
            [
                -0.0004948152927681804,
                0.9999998807907104,
                -1.0119035209754657e-07,
                45.19697952270508
            ],
            [
                -0.0002509355254005641,
                -2.2976395896989743e-08,
                0.9999999403953552,
                0.001931743579916656
            ],
            [
                0.0,
                0.0,
                0.0,
                1.0
            ]
        ]
    },
    {
        "class": "Car",
        "extent": [
            1.4750303030014038,
            3.805800199508667,
            1.97027587890625
        ],
        "position": [
            -37.72008537908109,
            14.225716139685522,
            -2.4947787834298225
        ],
        "yaw": 0.2602737127449135,
        "num_points": 1,
        "distance": 40.390590016368016,
        "speed": 5.052600472399453,
        "brake": 0.0,
        "id": 1578,
        "ego_matrix": [
            [
                0.9999999403953552,
                0.0003382214636076242,
                2.145821326848818e-06,
                502.45654296875
            ],
            [
                -0.0003382214636076242,
                0.9999999403953552,
                1.6029211735713034e-07,
                48.73776626586914
            ],
            [
                -2.145766984540387e-06,
                -1.6101787991829042e-07,
                1.0,
                0.042703837156295776
            ],
            [
                0.0,
                0.0,
                0.0,
                1.0
            ]
        ]
    },
    {
        "class": "Car",
        "extent": [
            2.098191261291504,
            6.273552894592285,
            2.3895740509033203
        ],
        "position": [
            -6.3118969815062265,
            16.732567520221643,
            -2.532818878653608
        ],
        "yaw": 0.2604116644893796,
        "num_points": 0,
        "distance": 18.061949806042197,
        "speed": 4.212790131896694,
        "brake": 0.0,
        "id": 1580,
        "ego_matrix": [
            [
                0.9999999403953552,
                0.00020026956917718053,
                0.00024557122378610075,
                532.158203125
            ],
            [
                -0.00020026970014441758,
                1.0,
                5.607274147223507e-07,
                38.222572326660156
            ],
            [
                -0.0002455711073707789,
                -6.09907829129952e-07,
                0.9999999403953552,
                -0.002981281140819192
            ],
            [
                0.0,
                0.0,
                0.0,
                1.0
            ]
        ]
    },
    {
        "class": "Car",
        "extent": [
            1.0239027738571167,
            1.6428436040878296,
            0.3725162446498871
        ],
        "position": [
            -18.347262399526336,
            5.442098494184002,
            -2.553064156504721
        ],
        "yaw": 0.26003296298237033,
        "num_points": 0,
        "distance": 19.306905763604426,
        "speed": 5.727317629661787,
        "brake": 0.0,
        "id": 1581,
        "ego_matrix": [
            [
                0.9999696016311646,
                0.0005790333379991353,
                0.00777736771851778,
                523.4384765625
            ],
            [
                -0.0005789536517113447,
                0.9999998211860657,
                -1.2492355381255038e-05,
                52.23297119140625
            ],
            [
                -0.007777373772114515,
                7.98924156697467e-06,
                0.9999697804450989,
                -0.017336959019303322
            ],
            [
                0.0,
                0.0,
                0.0,
                1.0
            ]
        ]
    },
    {
        "class": "Car",
        "extent": [
            1.6672759056091309,
            4.611005783081055,
            2.241713285446167
        ],
        "position": [
            -31.476396649576213,
            29.07362674114753,
            -2.4575101689677004
        ],
        "yaw": -0.24997633407401304,
        "num_points": 3,
        "distance": 42.91944401032708,
        "speed": 6.317221402682252,
        "brake": 0.0,
        "id": 1582,
        "ego_matrix": [
            [
                0.8724570870399475,
                0.48868948221206665,
                0.0010928659467026591,
                504.66351318359375
            ],
            [
                -0.4886905550956726,
                0.8724532127380371,
                0.002638010075315833,
                32.78239822387695
            ],
            [
                0.00033569333027116954,
                -0.0028356239199638367,
                0.9999959468841553,
                0.07434072345495224
            ],
            [
                0.0,
                0.0,
                0.0,
                1.0
            ]
        ]
    },
    {
        "class": "Car",
        "extent": [
            1.3787471055984497,
            2.2072951793670654,
            1.4809197187423706
        ],
        "position": [
            12.487784158815685,
            8.094123933100258,
            -2.526509272615942
        ],
        "yaw": 0.2602002094988273,
        "num_points": 30,
        "distance": 15.09446403639986,
        "speed": 11.919561369780679,
        "brake": 0.0,
        "id": 1583,
        "ego_matrix": [
            [
                0.9999996423721313,
                0.000411725981393829,
                0.0008021584944799542,
                552.5489501953125
            ],
            [
                -0.00041172458440996706,
                0.9999999403953552,
                -1.9281653749203542e-06,
                41.72516632080078
            ],
            [
                -0.0008021591929718852,
                1.5978962437657174e-06,
                0.9999997019767761,
                0.0016576957423239946
            ],
            [
                0.0,
                0.0,
                0.0,
                1.0
            ]
        ]
    },
    {
        "class": "Car",
        "extent": [
            2.0377910137176514,
            4.4804368019104,
            2.069315195083618
        ],
        "position": [
            -3.6006428385250775,
            8.744831945335056,
            -2.5283824091336142
        ],
        "yaw": 0.2602747780093495,
        "num_points": 229,
        "distance": 9.789250850274026,
        "speed": 7.5165639455452515,
        "brake": 0.0,
        "id": 1587,
        "ego_matrix": [
            [
                0.9999999403953552,
                0.00033715652534738183,
                -7.247769826790318e-05,
                536.8361206054688
            ],
            [
                -0.0003371562052052468,
                0.9999999403953552,
                4.581242592394119e-06,
                45.241966247558594
            ],
            [
                7.247924077091739e-05,
                -4.556806288746884e-06,
                1.0,
                0.0031461906619369984
            ],
            [
                0.0,
                0.0,
                0.0,
                1.0
            ]
        ]
    },
    {
        "class": "Car",
        "extent": [
            1.0239027738571167,
            1.6428436040878296,
            0.3725162446498871
        ],
        "position": [
            41.46587449758874,
            -3.234038245938276,
            -2.5428476583671156
        ],
        "yaw": 0.26000792926812355,
        "num_points": 0,
        "distance": 41.66945914503373,
        "speed": 4.839610559790317,
        "brake": 0.0,
        "id": 1594,
        "ego_matrix": [
            [
                0.9999745488166809,
                0.0006040768348611891,
                0.00711005087941885,
                583.4674682617188
            ],
            [
                -0.0006039896397851408,
                0.9999998211860657,
                -1.4414519682759419e-05,
                45.20397186279297
            ],
            [
                -0.007110058329999447,
                1.0119755643245298e-05,
                0.9999747276306152,
                -0.017825279384851456
            ],
            [
                0.0,
                0.0,
                0.0,
                1.0
            ]
        ]
    },
    {
        "class": "Car",
        "extent": [
            1.300939917564392,
            4.717525005340576,
            1.894826889038086
        ],
        "position": [
            32.86443869958043,
            -4.564114126510145,
            -2.5326746964442313
        ],
        "yaw": 0.26029661596279746,
        "num_points": 2,
        "distance": 33.276371645903616,
        "speed": 8.90059500726106,
        "brake": 0.0,
        "id": 1614,
        "ego_matrix": [
            [
                0.9999999403953552,
                0.00031531823333352804,
                2.8252692573005334e-05,
                575.4992065429688
            ],
            [
                -0.00031531823333352804,
                0.9999999403953552,
                2.8943549068571883e-07,
                48.70547866821289
            ],
            [
                -2.8252599804545753e-05,
                -2.9834407655471296e-07,
                1.0,
                -0.005374240688979626
            ],
            [
                0.0,
                0.0,
                0.0,
                1.0
            ]
        ]
    },
    {
        "class": "Car",
        "extent": [
            1.2765706777572632,
            2.3557403087615967,
            0.7636788487434387
        ],
        "position": [
            43.435539006853745,
            -7.367389991403148,
            -2.555352186153712
        ],
        "yaw": 0.2601160536083808,
        "num_points": 0,
        "distance": 44.12997064237207,
        "speed": 7.215651192797153,
        "brake": 0.0,
        "id": 1625,
        "ego_matrix": [
            [
                0.9999966621398926,
                0.0004958981298841536,
                0.0025330716744065285,
                586.4356689453125
            ],
            [
                -0.000495879037771374,
                0.9999998807907104,
                -8.18032003735425e-06,
                48.69022750854492
            ],
            [
                -0.002533075399696827,
                6.9241959863575175e-06,
                0.9999967813491821,
                -0.029579753056168556
            ],
            [
                0.0,
                0.0,
                0.0,
                1.0
            ]
        ]
    },
    {
        "class": "Car",
        "extent": [
            1.5107464790344238,
            4.901683330535889,
            2.128324270248413
        ],
        "position": [
            -28.164062661187288,
            8.05971436236308,
            -2.50296289562233
        ],
        "yaw": 0.26048303723097566,
        "num_points": 0,
        "distance": 29.401330657693503,
        "speed": 5.372105399511864,
        "brake": 0.0,
        "id": 1653,
        "ego_matrix": [
            [
                0.9999998807907104,
                0.00012889648496638983,
                0.0005209447117522359,
                513.2786865234375
            ],
            [
                -0.00012889695062767714,
                1.0,
                8.453879445369239e-07,
                52.23324203491211
            ],
            [
                -0.0005209445953369141,
                -9.12535995212238e-07,
                0.9999998807907104,
                0.03417917340993881
            ],
            [
                0.0,
                0.0,
                0.0,
                1.0
            ]
        ]
    },
    {
        "class": "Car",
        "extent": [
            1.385296106338501,
            4.181210041046143,
            1.9941171407699585
        ],
        "position": [
            -27.639276739342225,
            -12.351122007342315,
            -2.554040979037475
        ],
        "yaw": -0.8548863113109342,
        "num_points": 4,
        "distance": 30.380963757537426,
        "speed": 6.314612151847687,
        "brake": 0.0,
        "id": 1654,
        "ego_matrix": [
            [
                0.43973010778427124,
                0.898129940032959,
                -0.00019456588779576123,
                519.0450439453125
            ],
            [
                -0.898129940032959,
                0.43973010778427124,
                -7.136919884942472e-05,
                71.81964874267578
            ],
            [
                2.1457672119140625e-05,
                0.00020612865046132356,
                1.0,
                -0.011165790259838104
            ],
            [
                0.0,
                0.0,
                0.0,
                1.0
            ]
        ]
    }
]