[
    {
        "class": "Car",
        "extent": [
            1.5107464790344238,
            4.901683330535889,
            2.128324270248413
        ],
        "position": [
            -1.3,
            0.0,
            -2.5
        ],
        "yaw": 0,
        "num_points": -1,
        "distance": -1,
        "speed": 2.5324778740168066,
        "brake": 0.0,
        "id": 1105,
        "ego_matrix": [
            [
                0.6526815295219421,
                0.7576279640197754,
                -0.00258696754463017,
                524.7556762695312
            ],
            [
                -0.7576250433921814,
                0.6526864767074585,
                0.002180329989641905,
                62.8928108215332
            ],
            [
                0.0033403572160750628,
                0.000536890234798193,
                0.9999942779541016,
                0.0317549891769886
            ],
            [
                0.0,
                0.0,
                0.0,
                1.0
            ]
        ]
    },
    {
        "class": "Car",
        "extent": [
            1.1256572008132935,
            1.8354405164718628,
            0.3289288878440857
        ],
        "position": [
            6.21761046460004,
            36.25314935932538,
            -2.55098434870982
        ],
        "yaw": 0.4873831137245838,
        "num_points": 1,
        "distance": 36.870815552499245,
        "speed": 1.6955671098812835,
        "brake": 0.0,
        "id": 1111,
        "ego_matrix": [
            [
                0.9314941167831421,
                0.36375048756599426,
                -0.002061924198642373,
                502.1960144042969
            ],
            [
                -0.3637484908103943,
                0.9314963221549988,
                0.0012745766434818506,
                33.53523254394531
            ],
            [
                0.0023843026719987392,
                -0.00043723886483348906,
                0.9999970197677612,
                -0.013581523671746254
            ],
            [
                0.0,
                0.0,
                0.0,
                1.0
            ]
        ]
    },
    {
        "class": "Car",
        "extent": [
            1.8548461198806763,
            4.6045098304748535,
            1.9315931797027588
        ],
        "position": [
            17.489924963487358,
            16.00735914941264,
            -2.5769966872005465
        ],
        "yaw": 0.8591847033421203,
        "num_points": 21,
        "distance": 23.848981825070553,
        "speed": 1.1664536934518255,
        "brake": 0.0,
        "id": 1183,
        "ego_matrix": [
            [
                0.9999656677246094,
                0.0004884148365817964,
                -0.008271838538348675,
                524.89208984375
            ],
            [
                -0.0004884069203399122,
                0.9999998807907104,
                2.974897597596282e-06,
                38.20914077758789
            ],
            [
                0.008271838538348675,
                1.0652275932443445e-06,
                0.9999657869338989,
                0.008929614908993244
            ],
            [
                0.0,
                0.0,
                0.0,
                1.0
            ]
        ]
    },
    {
        "class": "Car",
        "extent": [
            1.300939917564392,
            4.717525005340576,
            1.894826889038086
        ],
        "position": [
            25.425092847613392,
            -9.291139992284041,
            -2.632152842628104
        ],
        "yaw": 0.8591825728782668,
        "num_points": 7,
        "distance": 27.197221498765952,
        "speed": 1.6814875162648815,
        "brake": 0.0,
        "id": 1240,
        "ego_matrix": [
            [
                0.9999997615814209,
                0.0004905540845356882,
                -0.0005429982556961477,
                549.2382202148438
            ],
            [
                -0.0004905540263280272,
                0.9999998807907104,
                2.801148184516933e-07,
                48.70912551879883
            ],
            [
                0.0005429983139038086,
                -1.3744779536750684e-08,
                0.9999998807907104,
                -0.006137409247457981
            ],
            [
                0.0,
                0.0,
                0.0,
                1.0
            ]
        ]
    },
    {
        "class": "Car",
        "extent": [
            1.4738311767578125,
            4.1928300857543945,
            1.8161858320236206
        ],
        "position": [
            -7.962688160799514,
            24.067589056446515,
            -2.502331429090301
        ],
        "yaw": 0.8592070737977491,
        "num_points": 4,
        "distance": 25.473808280607237,
        "speed": 1.8076367075671838,
        "brake": 0.0,
        "id": 1247,
        "ego_matrix": [
            [
                0.9999957084655762,
                0.00046604854287579656,
                -0.0028941594064235687,
                502.17279052734375
            ],
            [
                -0.0004660512204281986,
                0.9999998807907104,
                -2.490646693331655e-07,
                52.23203659057617
            ],
            [
                0.0028941589407622814,
                1.5978901046764804e-06,
                0.9999958276748657,
                -0.0057538412511348724
            ],
            [
                0.0,
                0.0,
                0.0,
                1.0
            ]
        ]
    }
]