[
    {
        "class": "Car",
        "extent": [
            1.5107464790344238,
            4.901683330535889,
            2.128324270248413
        ],
        "position": [
            -1.3,
            0.0,
            -2.5
        ],
        "yaw": 0,
        "num_points": -1,
        "distance": -1,
        "speed": 3.787174861140804,
        "brake": 0.0,
        "id": 1105,
        "ego_matrix": [
            [
                0.6878277063369751,
                0.7258734107017517,
                -0.0009303312981501222,
                526.0012817382812
            ],
            [
                -0.725873589515686,
                0.6878280639648438,
                0.0001284370373468846,
                61.60796356201172
            ],
            [
                0.0007331370143219829,
                0.0005869604065082967,
                0.9999995231628418,
                0.033052559942007065
            ],
            [
                0.0,
                0.0,
                0.0,
                1.0
            ]
        ]
    },
    {
        "class": "Car",
        "extent": [
            1.1256572008132935,
            1.8354405164718628,
            0.3289288878440857
        ],
        "position": [
            3.537525989279115,
            36.19417495209575,
            -2.5289048939371988
        ],
        "yaw": 0.44174392291265074,
        "num_points": 2,
        "distance": 36.454461325746124,
        "speed": 1.9644457835754658,
        "brake": 0.0,
        "id": 1111,
        "ego_matrix": [
            [
                0.9321210980415344,
                0.36213740706443787,
                -0.002595065627247095,
                503.0563049316406
            ],
            [
                -0.3621361255645752,
                0.9321247339248657,
                0.0009653463494032621,
                33.20115661621094
            ],
            [
                0.0027685128152370453,
                3.994721919298172e-05,
                0.9999961853027344,
                -0.013550300151109695
            ],
            [
                0.0,
                0.0,
                0.0,
                1.0
            ]
        ]
    },
    {
        "class": "Car",
        "extent": [
            1.8548461198806763,
            4.6045098304748535,
            1.9315931797027588
        ],
        "position": [
            15.870355644005894,
            15.899195028180893,
            -2.5283821333426144
        ],
        "yaw": 0.8118421545669354,
        "num_points": 39,
        "distance": 22.606311221063198,
        "speed": 3.665444782747823,
        "brake": 0.0,
        "id": 1183,
        "ego_matrix": [
            [
                0.9999228119850159,
                0.00046182930236682296,
                -0.01241318043321371,
                526.270751953125
            ],
            [
                -0.0004617565427906811,
                0.9999998807907104,
                8.72649616212584e-06,
                38.20853805541992
            ],
            [
                0.012413183227181435,
                -2.9939549222035566e-06,
                0.9999229311943054,
                0.007926464080810547
            ],
            [
                0.0,
                0.0,
                0.0,
                1.0
            ]
        ]
    },
    {
        "class": "Car",
        "extent": [
            1.300939917564392,
            4.717525005340576,
            1.894826889038086
        ],
        "position": [
            25.227049400530714,
            -9.240107700615496,
            -2.5639540749058307
        ],
        "yaw": 0.8118133924921811,
        "num_points": 7,
        "distance": 26.988098715434123,
        "speed": 4.115304760225018,
        "brake": 0.0,
        "id": 1240,
        "ego_matrix": [
            [
                0.9999998211860657,
                0.0004905542591586709,
                -0.0003170966519974172,
                550.9545288085938
            ],
            [
                -0.00049055420095101,
                0.9999998807907104,
                1.8211461849659827e-07,
                48.708274841308594
            ],
            [
                0.00031709668110124767,
                -2.6561499666399868e-08,
                0.9999999403953552,
                -0.006029949057847261
            ],
            [
                0.0,
                0.0,
                0.0,
                1.0
            ]
        ]
    },
    {
        "class": "Car",
        "extent": [
            1.4738311767578125,
            4.1928300857543945,
            1.8161858320236206
        ],
        "position": [
            -9.690746232033312,
            22.487127996633834,
            -2.5193664862917875
        ],
        "yaw": 0.8119012768081537,
        "num_points": 9,
        "distance": 24.615618935198672,
        "speed": 4.087092962243031,
        "brake": 0.0,
        "id": 1247,
        "ego_matrix": [
            [
                0.9999985694885254,
                0.0004026664246339351,
                -0.001640915754251182,
                503.9071044921875
            ],
            [
                -0.0004026693641208112,
                0.9999999403953552,
                -1.4697812957820133e-06,
                52.23130416870117
            ],
            [
                0.0016409150557592511,
                2.1305256723280763e-06,
                0.9999986290931702,
                -0.005664539057761431
            ],
            [
                0.0,
                0.0,
                0.0,
                1.0
            ]
        ]
    }
]