[
    {
        "class": "Car",
        "extent": [
            1.5107464790344238,
            4.901683330535889,
            2.128324270248413
        ],
        "position": [
            -1.3,
            0.0,
            -2.5
        ],
        "yaw": 0,
        "num_points": -1,
        "distance": -1,
        "speed": 2.773689571410793,
        "brake": 0.0,
        "id": 1105,
        "ego_matrix": [
            [
                0.9388009309768677,
                0.34446004033088684,
                0.00027982599567621946,
                538.61328125
            ],
            [
                -0.3444599509239197,
                0.9388008713722229,
                -0.0003738673112820834,
                53.81283950805664
            ],
            [
                -0.00039148327778093517,
                0.0002545981260482222,
                0.9999998807907104,
                0.03361232578754425
            ],
            [
                0.0,
                0.0,
                0.0,
                1.0
            ]
        ]
    },
    {
        "class": "Car",
        "extent": [
            1.1256572008132935,
            1.8354405164718628,
            0.3289288878440857
        ],
        "position": [
            -12.633463203717124,
            36.84633783109117,
            -2.542147757189083
        ],
        "yaw": -0.5589009066390895,
        "num_points": 0,
        "distance": 39.034850061220375,
        "speed": 4.0568780195249925,
        "brake": 0.0,
        "id": 1111,
        "ego_matrix": [
            [
                0.6132959127426147,
                0.7898003458976746,
                -0.009139901027083397,
                515.2813110351562
            ],
            [
                -0.7898446917533875,
                0.6133019924163818,
                -0.002448269398882985,
                23.12540054321289
            ],
            [
                0.0036718761548399925,
                0.008720616810023785,
                0.9999552369117737,
                -0.013479575514793396
            ],
            [
                0.0,
                0.0,
                0.0,
                1.0
            ]
        ]
    },
    {
        "class": "Car",
        "extent": [
            1.4106584787368774,
            5.357479572296143,
            2.033203125
        ],
        "position": [
            -41.47009364159633,
            27.610920241499926,
            -2.550148850804477
        ],
        "yaw": 0.3513098299333666,
        "num_points": 1,
        "distance": 49.886218962620305,
        "speed": 4.717406881437606,
        "brake": 0.0,
        "id": 1153,
        "ego_matrix": [
            [
                0.9999999403953552,
                0.0003536677686497569,
                -7.236021338030696e-05,
                491.39068603515625
            ],
            [
                -0.00035366779775358737,
                0.9999999403953552,
                -5.070407382845588e-07,
                41.72868728637695
            ],
            [
                7.23600314813666e-05,
                5.326322138898831e-07,
                1.0,
                -0.007840289734303951
            ],
            [
                0.0,
                0.0,
                0.0,
                1.0
            ]
        ]
    },
    {
        "class": "Car",
        "extent": [
            1.8548461198806763,
            4.6045098304748535,
            1.9315931797027588
        ],
        "position": [
            14.459570900432448,
            10.847771265453407,
            -2.5140824277344866
        ],
        "yaw": 0.3513465816214283,
        "num_points": 51,
        "distance": 18.2503134906136,
        "speed": 5.228421149731668,
        "brake": 0.0,
        "id": 1183,
        "ego_matrix": [
            [
                0.999991238117218,
                0.0003169218834955245,
                -0.004178868606686592,
                549.6717529296875
            ],
            [
                -0.00031691332696937025,
                0.9999999403953552,
                2.709589352889452e-06,
                38.20040512084961
            ],
            [
                0.004178869538009167,
                -1.385226482852886e-06,
                0.9999912977218628,
                0.010598468594253063
            ],
            [
                0.0,
                0.0,
                0.0,
                1.0
            ]
        ]
    },
    {
        "class": "Car",
        "extent": [
            1.1454535722732544,
            2.0333523750305176,
            0.8025798797607422
        ],
        "position": [
            -42.75789974027656,
            24.35484186438722,
            -2.5423279434028463
        ],
        "yaw": 0.3513694847417844,
        "num_points": 0,
        "distance": 49.27331675268733,
        "speed": 4.678753874412244,
        "brake": 0.0,
        "id": 1228,
        "ego_matrix": [
            [
                0.9999999403953552,
                0.00029401222127489746,
                0.00020778282487299293,
                491.30328369140625
            ],
            [
                -0.00029401297797448933,
                0.9999999403953552,
                3.5591613141150447e-06,
                45.22909164428711
            ],
            [
                -0.0002077817771350965,
                -3.6202520732331323e-06,
                1.0,
                0.0013137629721313715
            ],
            [
                0.0,
                0.0,
                0.0,
                1.0
            ]
        ]
    },
    {
        "class": "Car",
        "extent": [
            1.300939917564392,
            4.717525005340576,
            1.894826889038086
        ],
        "position": [
            34.49174837062448,
            -7.682813876208245,
            -2.527438121659402
        ],
        "yaw": 0.3511729435508644,
        "num_points": 6,
        "distance": 35.42730977900737,
        "speed": 4.894911885270176,
        "brake": 0.0,
        "id": 1240,
        "ego_matrix": [
            [
                0.9999998807907104,
                0.0004905541427433491,
                -1.7881380699691363e-05,
                574.8610229492188
            ],
            [
                -0.0004905541427433491,
                0.9999998807907104,
                2.584817160311559e-08,
                48.696659088134766
            ],
            [
                1.7881391613627784e-05,
                -1.707638297432368e-08,
                1.0,
                -0.00588163360953331
            ],
            [
                0.0,
                0.0,
                0.0,
                1.0
            ]
        ]
    },
    {
        "class": "Car",
        "extent": [
            1.4738311767578125,
            4.1928300857543945,
            1.8161858320236206
        ],
        "position": [
            -11.622200335471614,
            5.481184558298759,
            -2.54172660637163
        ],
        "yaw": 0.3512341961584084,
        "num_points": 30,
        "distance": 13.09882815146098,
        "speed": 2.9724797660756064,
        "brake": 0.0,
        "id": 1247,
        "ego_matrix": [
            [
                0.9999992847442627,
                0.0004293032980058342,
                0.0010887372773140669,
                527.0347290039062
            ],
            [
                -0.0004293012898415327,
                0.9999998807907104,
                -2.0652935290854657e-06,
                52.22269821166992
            ],
            [
                -0.0010887380922213197,
                1.5978959027052042e-06,
                0.9999994039535522,
                -0.005468807183206081
            ],
            [
                0.0,
                0.0,
                0.0,
                1.0
            ]
        ]
    }
]