[
    {
        "class": "Car",
        "extent": [
            1.5107464790344238,
            4.901683330535889,
            2.128324270248413
        ],
        "position": [
            -1.3,
            0.0,
            -2.5
        ],
        "yaw": 0,
        "num_points": -1,
        "distance": -1,
        "speed": 3.0660461113582977,
        "brake": 0.0,
        "id": 1105,
        "ego_matrix": [
            [
                0.9548966288566589,
                0.29693835973739624,
                -0.0003019625146407634,
                540.048095703125
            ],
            [
                -0.2969384789466858,
                0.9548965096473694,
                -0.0004170365573372692,
                53.39821243286133
            ],
            [
                0.0001645088050281629,
                0.00048789105494506657,
                0.9999998807907104,
                0.033335648477077484
            ],
            [
                0.0,
                0.0,
                0.0,
                1.0
            ]
        ]
    },
    {
        "class": "Car",
        "extent": [
            1.1256572008132935,
            1.8354405164718628,
            0.3289288878440857
        ],
        "position": [
            -14.357178653360926,
            37.51177913793996,
            -2.526355893431884
        ],
        "yaw": -0.6817507633802226,
        "num_points": 0,
        "distance": 40.24480869725173,
        "speed": 4.072239366420012,
        "brake": 0.0,
        "id": 1111,
        "ego_matrix": [
            [
                0.554328441619873,
                0.8322286605834961,
                -0.01074527669698,
                516.441162109375
            ],
            [
                -0.8322893977165222,
                0.5543351769447327,
                -0.002616397337988019,
                21.455533981323242
            ],
            [
                0.0037790443748235703,
                0.01039352361112833,
                0.9999388456344604,
                -0.013469924218952656
            ],
            [
                0.0,
                0.0,
                0.0,
                1.0
            ]
        ]
    },
    {
        "class": "Car",
        "extent": [
            1.4106584787368774,
            5.357479572296143,
            2.033203125
        ],
        "position": [
            -42.044564256362115,
            24.891452350838154,
            -2.522328746573016
        ],
        "yaw": 0.30113124775387984,
        "num_points": 1,
        "distance": 48.92537098425721,
        "speed": 4.719870205314667,
        "brake": 0.0,
        "id": 1153,
        "ego_matrix": [
            [
                0.9999999403953552,
                0.0003536677686497569,
                -7.236021338030696e-05,
                493.7500305175781
            ],
            [
                -0.00035366779775358737,
                0.9999999403953552,
                -5.070407382845588e-07,
                41.72808837890625
            ],
            [
                7.23600314813666e-05,
                5.326322138898831e-07,
                1.0,
                -0.007840251550078392
            ],
            [
                0.0,
                0.0,
                0.0,
                1.0
            ]
        ]
    },
    {
        "class": "Car",
        "extent": [
            1.8548461198806763,
            4.6045098304748535,
            1.9315931797027588
        ],
        "position": [
            15.055124229862756,
            10.830631321742567,
            -2.52031851866066
        ],
        "yaw": 0.3011711952027403,
        "num_points": 37,
        "distance": 18.716606151747055,
        "speed": 5.834765054805448,
        "brake": 0.0,
        "id": 1183,
        "ego_matrix": [
            [
                0.9999936819076538,
                0.00031372622470371425,
                -0.00353418942540884,
                552.4495239257812
            ],
            [
                -0.0003137183957733214,
                0.9999999403953552,
                2.772421339614084e-06,
                38.199623107910156
            ],
            [
                0.003534190123900771,
                -1.663663738327159e-06,
                0.9999937415122986,
                0.010423526167869568
            ],
            [
                0.0,
                0.0,
                0.0,
                1.0
            ]
        ]
    },
    {
        "class": "Car",
        "extent": [
            1.1454535722732544,
            2.0333523750305176,
            0.8025798797607422
        ],
        "position": [
            -43.18590657575895,
            21.580611367912276,
            -2.514602280759375
        ],
        "yaw": 0.30119090256229764,
        "num_points": 0,
        "distance": 48.343236739108036,
        "speed": 4.68130017080796,
        "brake": 0.0,
        "id": 1228,
        "ego_matrix": [
            [
                0.9999999403953552,
                0.00029401222127489746,
                0.00020778282487299293,
                493.6432800292969
            ],
            [
                -0.00029401297797448933,
                0.9999999403953552,
                3.5591613141150447e-06,
                45.2285041809082
            ],
            [
                -0.0002077817771350965,
                -3.6202520732331323e-06,
                1.0,
                0.0013137820642441511
            ],
            [
                0.0,
                0.0,
                0.0,
                1.0
            ]
        ]
    },
    {
        "class": "Car",
        "extent": [
            1.300939917564392,
            4.717525005340576,
            1.894826889038086
        ],
        "position": [
            35.676803628116154,
            -6.573581859090523,
            -2.548507490523618
        ],
        "yaw": 0.30099436137137764,
        "num_points": 7,
        "distance": 36.36675935530386,
        "speed": 4.897007099969924,
        "brake": 0.0,
        "id": 1240,
        "ego_matrix": [
            [
                0.9999998807907104,
                0.0004905541427433491,
                -1.7881380699691363e-05,
                577.30908203125
            ],
            [
                -0.0004905541427433491,
                0.9999998807907104,
                2.584817160311559e-08,
                48.69548797607422
            ],
            [
                1.7881391613627784e-05,
                -1.707638297432368e-08,
                1.0,
                -0.00588163360953331
            ],
            [
                0.0,
                0.0,
                0.0,
                1.0
            ]
        ]
    },
    {
        "class": "Car",
        "extent": [
            1.4738311767578125,
            4.1928300857543945,
            1.8161858320236206
        ],
        "position": [
            -12.208830101335167,
            4.623858449357918,
            -2.534835786213553
        ],
        "yaw": 0.30104229817347117,
        "num_points": 49,
        "distance": 13.2989094239353,
        "speed": 2.4887294858411004,
        "brake": 0.0,
        "id": 1247,
        "ego_matrix": [
            [
                0.9999998807907104,
                0.00044261725270189345,
                -4.613516284734942e-05,
                528.25830078125
            ],
            [
                -0.0004426173691172153,
                0.9999998807907104,
                -2.642741037561791e-06,
                52.222171783447266
            ],
            [
                4.613399141817354e-05,
                2.663161012605997e-06,
                1.0,
                -0.005550670437514782
            ],
            [
                0.0,
                0.0,
                0.0,
                1.0
            ]
        ]
    }
]