[
    {
        "class": "Car",
        "extent": [
            1.5107464790344238,
            4.901683330535889,
            2.128324270248413
        ],
        "position": [
            -1.3,
            0.0,
            -2.5
        ],
        "yaw": 0,
        "num_points": -1,
        "distance": -1,
        "speed": 3.026207513506324,
        "brake": 0.0,
        "id": 1105,
        "ego_matrix": [
            [
                0.9679415225982666,
                0.2511752247810364,
                -0.0003870682558044791,
                541.4423217773438
            ],
            [
                -0.2511753737926483,
                0.9679415225982666,
                -0.00045698447502218187,
                53.06672668457031
            ],
            [
                0.00025987622211687267,
                0.0005395562620833516,
                0.9999998211860657,
                0.03328822925686836
            ],
            [
                0.0,
                0.0,
                0.0,
                1.0
            ]
        ]
    },
    {
        "class": "Car",
        "extent": [
            1.1256572008132935,
            1.8354405164718628,
            0.3289288878440857
        ],
        "position": [
            -16.12161994711465,
            38.321492676229106,
            -2.5222252679430817
        ],
        "yaw": -0.8084036308027456,
        "num_points": 1,
        "distance": 41.65099099608239,
        "speed": 4.077407039547601,
        "brake": 0.0,
        "id": 1111,
        "ego_matrix": [
            [
                0.4868625998497009,
                0.8734036087989807,
                -0.011440904811024666,
                517.470458984375
            ],
            [
                -0.8734701871871948,
                0.4868735671043396,
                -0.0019969488494098186,
                19.69660186767578
            ],
            [
                0.003826131811365485,
                0.010965528897941113,
                0.9999325275421143,
                -0.01346542313694954
            ],
            [
                0.0,
                0.0,
                0.0,
                1.0
            ]
        ]
    },
    {
        "class": "Car",
        "extent": [
            1.4106584787368774,
            5.357479572296143,
            2.033203125
        ],
        "position": [
            -42.33030683632134,
            22.361928468267642,
            -2.518400201169827
        ],
        "yaw": 0.2535407088769751,
        "num_points": 1,
        "distance": 47.94009867793645,
        "speed": 4.722325900982249,
        "brake": 0.0,
        "id": 1153,
        "ego_matrix": [
            [
                0.9999999403953552,
                0.0003536677686497569,
                -7.236021338030696e-05,
                496.1106262207031
            ],
            [
                -0.00035366779775358737,
                0.9999999403953552,
                -5.070407382845588e-07,
                41.727500915527344
            ],
            [
                7.23600314813666e-05,
                5.326322138898831e-07,
                1.0,
                -0.007840289734303951
            ],
            [
                0.0,
                0.0,
                0.0,
                1.0
            ]
        ]
    },
    {
        "class": "Car",
        "extent": [
            1.8548461198806763,
            4.6045098304748535,
            1.9315931797027588
        ],
        "position": [
            16.082293573441678,
            10.849796224869333,
            -2.5217146061633593
        ],
        "yaw": 0.2535806563258356,
        "num_points": 33,
        "distance": 19.56316153535747,
        "speed": 6.526675391593553,
        "brake": 0.0,
        "id": 1183,
        "ego_matrix": [
            [
                0.9999895691871643,
                0.00031372852390632033,
                -0.004550440236926079,
                555.5421752929688
            ],
            [
                -0.00031371708610095084,
                0.9999999403953552,
                3.2258421924780123e-06,
                38.19876480102539
            ],
            [
                0.004550441168248653,
                -1.7982578128794557e-06,
                0.9999896287918091,
                0.010236796922981739
            ],
            [
                0.0,
                0.0,
                0.0,
                1.0
            ]
        ]
    },
    {
        "class": "Car",
        "extent": [
            1.1454535722732544,
            2.0333523750305176,
            0.8025798797607422
        ],
        "position": [
            -43.33158264016248,
            19.005383810829578,
            -2.5107969459052657
        ],
        "yaw": 0.2536003636853929,
        "num_points": 1,
        "distance": 47.382853113776726,
        "speed": 4.683842177264504,
        "brake": 0.0,
        "id": 1228,
        "ego_matrix": [
            [
                0.9999999403953552,
                0.00029401222127489746,
                0.00020778282487299293,
                495.9845275878906
            ],
            [
                -0.00029401297797448933,
                0.9999999403953552,
                3.5591613141150447e-06,
                45.22793197631836
            ],
            [
                -0.0002077817771350965,
                -3.6202520732331323e-06,
                1.0,
                0.001313801039941609
            ],
            [
                0.0,
                0.0,
                0.0,
                1.0
            ]
        ]
    },
    {
        "class": "Car",
        "extent": [
            1.300939917564392,
            4.717525005340576,
            1.894826889038086
        ],
        "position": [
            36.90375932336281,
            -5.396411634341164,
            -2.552006967085876
        ],
        "yaw": 0.2534038224944729,
        "num_points": 8,
        "distance": 37.383438181686756,
        "speed": 4.922486424740884,
        "brake": 0.0,
        "id": 1240,
        "ego_matrix": [
            [
                0.9999998807907104,
                0.0004905541427433491,
                -1.3709038285014685e-05,
                579.7767944335938
            ],
            [
                -0.0004905541427433491,
                0.9999998807907104,
                6.192749424371868e-08,
                48.69431686401367
            ],
            [
                1.3709067388845142e-05,
                -5.520246304513421e-08,
                1.0,
                -0.00587881077080965
            ],
            [
                0.0,
                0.0,
                0.0,
                1.0
            ]
        ]
    },
    {
        "class": "Car",
        "extent": [
            1.4738311767578125,
            4.1928300857543945,
            1.8161858320236206
        ],
        "position": [
            -12.67201323104204,
            3.824123535286593,
            -2.5338527992186712
        ],
        "yaw": 0.25345388982543854,
        "num_points": 29,
        "distance": 13.476804151910262,
        "speed": 2.684711868887896,
        "brake": 0.0,
        "id": 1247,
        "ego_matrix": [
            [
                0.9999997615814209,
                0.00044048551353625953,
                -0.0004973422619514167,
                529.474365234375
            ],
            [
                -0.00044048679410479963,
                0.9999998807907104,
                -2.444088067932171e-06,
                52.22158432006836
            ],
            [
                0.0004973411560058594,
                2.6631603304849705e-06,
                0.9999998807907104,
                -0.005583209916949272
            ],
            [
                0.0,
                0.0,
                0.0,
                1.0
            ]
        ]
    }
]