[
    {
        "class": "Car",
        "extent": [
            1.5107464790344238,
            4.901683330535889,
            2.128324270248413
        ],
        "position": [
            -1.3,
            0.0,
            -2.5
        ],
        "yaw": 0,
        "num_points": -1,
        "distance": -1,
        "speed": 3.0674497630798068,
        "brake": 0.0,
        "id": 1105,
        "ego_matrix": [
            [
                0.9885525107383728,
                0.1508772075176239,
                -0.0002682480844669044,
                544.4007568359375
            ],
            [
                -0.15087735652923584,
                0.9885522723197937,
                -0.0006632705335505307,
                52.59727096557617
            ],
            [
                0.0001651048514759168,
                0.0006961502367630601,
                0.9999997615814209,
                0.033335380256175995
            ],
            [
                0.0,
                0.0,
                0.0,
                1.0
            ]
        ]
    },
    {
        "class": "Car",
        "extent": [
            1.1256572008132935,
            1.8354405164718628,
            0.3289288878440857
        ],
        "position": [
            -20.805969692643036,
            40.048890452318645,
            -2.5156981716395808
        ],
        "yaw": -1.0791077804045224,
        "num_points": 0,
        "distance": 45.20100373447244,
        "speed": 4.079748828973435,
        "brake": 0.0,
        "id": 1111,
        "ego_matrix": [
            [
                0.3337040841579437,
                0.9425989985466003,
                -0.012194326147437096,
                519.0756225585938
            ],
            [
                -0.9426700472831726,
                0.3337261974811554,
                -0.00023372424766421318,
                15.949869155883789
            ],
            [
                0.003849258180707693,
                0.01157322060316801,
                0.9999256134033203,
                -0.01346336305141449
            ],
            [
                0.0,
                0.0,
                0.0,
                1.0
            ]
        ]
    },
    {
        "class": "Car",
        "extent": [
            1.4106584787368774,
            5.357479572296143,
            2.033203125
        ],
        "position": [
            -42.69869584422803,
            17.31531413260472,
            -2.5223713675075623
        ],
        "yaw": 0.15110632883451933,
        "num_points": 1,
        "distance": 46.14500067855995,
        "speed": 4.804376594066273,
        "brake": 0.0,
        "id": 1153,
        "ego_matrix": [
            [
                0.9999999403953552,
                0.00034940658952109516,
                -0.0002136232069460675,
                500.8634948730469
            ],
            [
                -0.000349406705936417,
                0.9999999403953552,
                -4.5799077952324296e-07,
                41.726318359375
            ],
            [
                0.00021362303232308477,
                5.326321570464643e-07,
                1.0,
                -0.007925166748464108
            ],
            [
                0.0,
                0.0,
                0.0,
                1.0
            ]
        ]
    },
    {
        "class": "Car",
        "extent": [
            1.8548461198806763,
            4.6045098304748535,
            1.9315931797027588
        ],
        "position": [
            18.632548217654445,
            11.52499444095825,
            -2.5181430315214026
        ],
        "yaw": 0.15114414572199844,
        "num_points": 30,
        "distance": 22.053081287532958,
        "speed": 7.117332804920487,
        "brake": 0.0,
        "id": 1183,
        "ego_matrix": [
            [
                0.999993622303009,
                0.0003115958534181118,
                -0.003560892306268215,
                562.3662719726562
            ],
            [
                -0.00031158782076090574,
                0.9999999403953552,
                2.812230377458036e-06,
                38.19685363769531
            ],
            [
                0.003560893004760146,
                -1.702681743154244e-06,
                0.9999936819076538,
                0.010460185818374157
            ],
            [
                0.0,
                0.0,
                0.0,
                1.0
            ]
        ]
    },
    {
        "class": "Car",
        "extent": [
            1.1454535722732544,
            2.0333523750305176,
            0.8025798797607422
        ],
        "position": [
            -43.417207501562466,
            13.883696142958703,
            -2.5154026325846774
        ],
        "yaw": 0.15116172255268367,
        "num_points": 1,
        "distance": 45.65236221958018,
        "speed": 4.688910463783657,
        "brake": 0.0,
        "id": 1228,
        "ego_matrix": [
            [
                0.9999999403953552,
                0.00029401222127489746,
                0.00020778282487299293,
                500.67095947265625
            ],
            [
                -0.00029401297797448933,
                0.9999999403953552,
                3.5591613141150447e-06,
                45.227054595947266
            ],
            [
                -0.0002077817771350965,
                -3.6202520732331323e-06,
                1.0,
                0.0013138583162799478
            ],
            [
                0.0,
                0.0,
                0.0,
                1.0
            ]
        ]
    },
    {
        "class": "Car",
        "extent": [
            1.300939917564392,
            4.717525005340576,
            1.894826889038086
        ],
        "position": [
            39.75288992265673,
            -2.314748396215759,
            -2.547177316785512
        ],
        "yaw": 0.15096571396147243,
        "num_points": 0,
        "distance": 39.90160936132518,
        "speed": 6.093561862156103,
        "brake": 0.0,
        "id": 1240,
        "ego_matrix": [
            [
                0.9999998807907104,
                0.0004900216008536518,
                -0.0001194476499222219,
                585.3329467773438
            ],
            [
                -0.0004900216008536518,
                0.9999998807907104,
                1.3271279897253407e-07,
                48.69160079956055
            ],
            [
                0.0001194477008539252,
                -7.418085345989311e-08,
                1.0,
                -0.0054524801671504974
            ],
            [
                0.0,
                0.0,
                0.0,
                1.0
            ]
        ]
    },
    {
        "class": "Car",
        "extent": [
            1.4738311767578125,
            4.1928300857543945,
            1.8161858320236206
        ],
        "position": [
            -12.768950362212518,
            2.1318820868426327,
            -2.5354818207674024
        ],
        "yaw": 0.15101631395716536,
        "num_points": 45,
        "distance": 13.191652006033577,
        "speed": 2.9424485155173215,
        "brake": 0.0,
        "id": 1247,
        "ego_matrix": [
            [
                0.9999998211860657,
                0.0004394215648062527,
                0.00032114979694597423,
                532.741455078125
            ],
            [
                -0.00043942153570242226,
                0.9999998807907104,
                -1.411201537848683e-07,
                52.22022247314453
            ],
            [
                -0.0003211498260498047,
                -0.0,
                0.9999999403953552,
                -0.005524120293557644
            ],
            [
                0.0,
                0.0,
                0.0,
                1.0
            ]
        ]
    }
]