[
    {
        "class": "Car",
        "extent": [
            1.5107464790344238,
            4.901683330535889,
            2.128324270248413
        ],
        "position": [
            -1.3,
            0.0,
            -2.5
        ],
        "yaw": 0,
        "num_points": -1,
        "distance": -1,
        "speed": 3.034060590215316,
        "brake": 0.0,
        "id": 1105,
        "ego_matrix": [
            [
                0.9945231676101685,
                0.10451575368642807,
                -0.000290988216875121,
                545.8311767578125
            ],
            [
                -0.10451582074165344,
                0.9945231676101685,
                -0.000234524515690282,
                52.47858810424805
            ],
            [
                0.00026488304138183594,
                0.0002636529097799212,
                0.9999998807907104,
                0.033285558223724365
            ],
            [
                0.0,
                0.0,
                0.0,
                1.0
            ]
        ]
    },
    {
        "class": "Car",
        "extent": [
            1.1256572008132935,
            1.8354405164718628,
            0.3289288878440857
        ],
        "position": [
            -23.331799488579545,
            41.01883924481964,
            -2.5300979710293596
        ],
        "yaw": -1.2118444812121418,
        "num_points": 0,
        "distance": 47.258009227120894,
        "speed": 4.079958511107943,
        "brake": 0.0,
        "id": 1111,
        "ego_matrix": [
            [
                0.25151267647743225,
                0.9677762985229492,
                -0.012265761382877827,
                519.6329345703125
            ],
            [
                -0.9678463935852051,
                0.2515408992767334,
                0.0007915706373751163,
                13.987078666687012
            ],
            [
                0.003851403947919607,
                0.01167228166013956,
                0.9999244809150696,
                -0.013463000766932964
            ],
            [
                0.0,
                0.0,
                0.0,
                1.0
            ]
        ]
    },
    {
        "class": "Car",
        "extent": [
            1.4106584787368774,
            5.357479572296143,
            2.033203125
        ],
        "position": [
            -42.394355322138146,
            15.130745646559445,
            -2.5270398824522218
        ],
        "yaw": 0.10436296646750409,
        "num_points": 1,
        "distance": 45.08444030447849,
        "speed": 5.576551970771218,
        "brake": 0.0,
        "id": 1153,
        "ego_matrix": [
            [
                0.9999958872795105,
                0.00034407887142151594,
                -0.0028413496911525726,
                503.3804931640625
            ],
            [
                -0.00034407898783683777,
                0.9999999403953552,
                4.450205324246781e-07,
                41.72572708129883
            ],
            [
                0.0028413496911525726,
                5.326300538399664e-07,
                0.9999959468841553,
                -0.008628787472844124
            ],
            [
                0.0,
                0.0,
                0.0,
                1.0
            ]
        ]
    },
    {
        "class": "Car",
        "extent": [
            1.8548461198806763,
            4.6045098304748535,
            1.9315931797027588
        ],
        "position": [
            20.29441093452237,
            12.092041822757984,
            -2.52523843610105
        ],
        "yaw": 0.10439279387171298,
        "num_points": 17,
        "distance": 23.758312645929877,
        "speed": 7.571811625511576,
        "brake": 0.0,
        "id": 1183,
        "ego_matrix": [
            [
                0.9999953508377075,
                0.00031425897032022476,
                -0.0030282677616924047,
                566.0435180664062
            ],
            [
                -0.00031425151973962784,
                0.9999999403953552,
                2.9289235499163624e-06,
                38.19581985473633
            ],
            [
                0.0030282686930149794,
                -1.977272177100531e-06,
                0.9999954104423523,
                0.010579013265669346
            ],
            [
                0.0,
                0.0,
                0.0,
                1.0
            ]
        ]
    },
    {
        "class": "Car",
        "extent": [
            1.1454535722732544,
            2.0333523750305176,
            0.8025798797607422
        ],
        "position": [
            -42.94544217757194,
            11.66855484298658,
            -2.5164392331568095
        ],
        "yaw": 0.10441782758595973,
        "num_points": 0,
        "distance": 44.57351951961087,
        "speed": 5.827060207213725,
        "brake": 0.0,
        "id": 1228,
        "ego_matrix": [
            [
                0.9999855756759644,
                0.0002891987969633192,
                0.00535616697743535,
                503.19427490234375
            ],
            [
                -0.00028921509510837495,
                0.9999999403953552,
                2.2692397578794044e-06,
                45.2265510559082
            ],
            [
                -0.005356166511774063,
                -3.818291588686407e-06,
                0.9999856352806091,
                0.0027387049049139023
            ],
            [
                0.0,
                0.0,
                0.0,
                1.0
            ]
        ]
    },
    {
        "class": "Car",
        "extent": [
            1.300939917564392,
            4.717525005340576,
            1.894826889038086
        ],
        "position": [
            41.487925432458745,
            -0.6872429352306184,
            -2.5502261351385522
        ],
        "yaw": 0.10421702527227704,
        "num_points": 0,
        "distance": 41.57191254779632,
        "speed": 6.345863142580122,
        "brake": 0.0,
        "id": 1240,
        "ego_matrix": [
            [
                0.9999998807907104,
                0.0004900216008536518,
                -6.74724142299965e-05,
                588.4566040039062
            ],
            [
                -0.0004900216008536518,
                0.9999998807907104,
                1.0286674978488008e-07,
                48.6900634765625
            ],
            [
                6.747245788574219e-05,
                -6.980379652077318e-08,
                1.0,
                -0.005425586365163326
            ],
            [
                0.0,
                0.0,
                0.0,
                1.0
            ]
        ]
    },
    {
        "class": "Car",
        "extent": [
            1.4738311767578125,
            4.1928300857543945,
            1.8161858320236206
        ],
        "position": [
            -12.866872192368882,
            1.4759814994976577,
            -2.5353866856927203
        ],
        "yaw": 0.10426283157800782,
        "num_points": 46,
        "distance": 13.19708706675844,
        "speed": 2.8595969993254426,
        "brake": 0.31806954741477966,
        "id": 1247,
        "ego_matrix": [
            [
                0.9999998807907104,
                0.00044421522761695087,
                -9.393689833814278e-05,
                534.1734008789062
            ],
            [
                -0.00044421522761695087,
                0.9999998807907104,
                4.172820666781263e-08,
                52.21961975097656
            ],
            [
                9.393691289005801e-05,
                -0.0,
                1.0,
                -0.005554141942411661
            ],
            [
                0.0,
                0.0,
                0.0,
                1.0
            ]
        ]
    }
]