[
    {
        "class": "Car",
        "extent": [
            1.5107464790344238,
            4.901683330535889,
            2.128324270248413
        ],
        "position": [
            -1.3,
            0.0,
            -2.5
        ],
        "yaw": 0,
        "num_points": -1,
        "distance": -1,
        "speed": 2.7336631763287262,
        "brake": 0.0,
        "id": 1105,
        "ego_matrix": [
            [
                0.9977892637252808,
                0.06645609438419342,
                0.0004284270107746124,
                547.3299560546875
            ],
            [
                -0.06645600497722626,
                0.9977893829345703,
                -0.00022070706472732127,
                52.40216064453125
            ],
            [
                -0.0004421472258400172,
                0.00019174757471773773,
                0.9999998807907104,
                0.033637579530477524
            ],
            [
                0.0,
                0.0,
                0.0,
                1.0
            ]
        ]
    },
    {
        "class": "Car",
        "extent": [
            1.1256572008132935,
            1.8354405164718628,
            0.3289288878440857
        ],
        "position": [
            -25.864694813403514,
            42.144328985946636,
            -2.5498806481318446
        ],
        "yaw": -1.3364686149340805,
        "num_points": 0,
        "distance": 49.51392526134362,
        "speed": 4.080024016079554,
        "brake": 0.0,
        "id": 1111,
        "ego_matrix": [
            [
                0.16703477501869202,
                0.9858754873275757,
                -0.012196977622807026,
                520.018798828125
            ],
            [
                -0.9859434962272644,
                0.16706904768943787,
                0.0018406175076961517,
                11.98348331451416
            ],
            [
                0.0038523573894053698,
                0.01171808410435915,
                0.9999239444732666,
                -0.013462924398481846
            ],
            [
                0.0,
                0.0,
                0.0,
                1.0
            ]
        ]
    },
    {
        "class": "Car",
        "extent": [
            1.4106584787368774,
            5.357479572296143,
            2.033203125
        ],
        "position": [
            -41.385227187728674,
            13.370622207497618,
            -2.5576254790853263
        ],
        "yaw": 0.06616520114690706,
        "num_points": 10,
        "distance": 43.56663879262218,
        "speed": 6.618799845367456,
        "brake": 0.0,
        "id": 1153,
        "ego_matrix": [
            [
                0.9999967813491821,
                0.0003398180124349892,
                -0.0025110216811299324,
                506.44476318359375
            ],
            [
                -0.0003398182743694633,
                0.9999999403953552,
                3.2066162702903966e-07,
                41.725013732910156
            ],
            [
                0.0025110216811299324,
                5.326305085873173e-07,
                0.9999968409538269,
                -0.00882810540497303
            ],
            [
                0.0,
                0.0,
                0.0,
                1.0
            ]
        ]
    },
    {
        "class": "Car",
        "extent": [
            1.8548461198806763,
            4.6045098304748535,
            1.9315931797027588
        ],
        "position": [
            22.206921510224,
            12.673290399163683,
            -2.5102261622589888
        ],
        "yaw": 0.06618703906784572,
        "num_points": 8,
        "distance": 25.69165015892271,
        "speed": 8.004372382369318,
        "brake": 0.0,
        "id": 1183,
        "ego_matrix": [
            [
                0.9999954700469971,
                0.00031798798590898514,
                -0.0029915515333414078,
                569.9426879882812
            ],
            [
                -0.00031798001145944,
                0.9999999403953552,
                3.144251422781963e-06,
                38.1947135925293
            ],
            [
                0.0029915524646639824,
                -2.192983629356604e-06,
                0.9999955296516418,
                0.010587825439870358
            ],
            [
                0.0,
                0.0,
                0.0,
                1.0
            ]
        ]
    },
    {
        "class": "Car",
        "extent": [
            1.1454535722732544,
            2.0333523750305176,
            0.8025798797607422
        ],
        "position": [
            -41.61447684446524,
            9.877243201280995,
            -2.547124161560541
        ],
        "yaw": 0.06622006229787199,
        "num_points": 0,
        "distance": 42.846382085191166,
        "speed": 7.352776148983754,
        "brake": 0.0,
        "id": 1228,
        "ego_matrix": [
            [
                0.9999819397926331,
                0.00028493424179032445,
                0.005995356943458319,
                506.44818115234375
            ],
            [
                -0.00028495307196862996,
                0.9999999403953552,
                2.2886267743160715e-06,
                45.22590255737305
            ],
            [
                -0.005995356477797031,
                -3.9969813769857865e-06,
                0.9999819993972778,
                0.0024444200098514557
            ],
            [
                0.0,
                0.0,
                0.0,
                1.0
            ]
        ]
    },
    {
        "class": "Car",
        "extent": [
            1.300939917564392,
            4.717525005340576,
            1.894826889038086
        ],
        "position": [
            43.18309377745492,
            0.759224949609974,
            -2.519237572331324
        ],
        "yaw": 0.06601499892644518,
        "num_points": 7,
        "distance": 43.2631779769173,
        "speed": 6.455551919762024,
        "brake": 0.0,
        "id": 1240,
        "ego_matrix": [
            [
                0.9999998807907104,
                0.0004900216008536518,
                -4.7445260861422867e-05,
                591.6642456054688
            ],
            [
                -0.0004900216008536518,
                0.9999998807907104,
                7.818979952389782e-08,
                48.68844985961914
            ],
            [
                4.744529360323213e-05,
                -5.4940588967156145e-08,
                1.0,
                -0.005413646809756756
            ],
            [
                0.0,
                0.0,
                0.0,
                1.0
            ]
        ]
    },
    {
        "class": "Car",
        "extent": [
            1.4738311767578125,
            4.1928300857543945,
            1.8161858320236206
        ],
        "position": [
            -12.899348983714434,
            0.9561707612759661,
            -2.5441999837349365
        ],
        "yaw": 0.06607305580569961,
        "num_points": 39,
        "distance": 13.182580183166364,
        "speed": 3.552048789358733,
        "brake": 0.0,
        "id": 1247,
        "ego_matrix": [
            [
                0.9999994039535522,
                0.00043196469778195024,
                -0.0009661909425631166,
                535.6926879882812
            ],
            [
                -0.00043196449405513704,
                0.9999998807907104,
                4.173604395418806e-07,
                52.21895980834961
            ],
            [
                0.0009661910589784384,
                -0.0,
                0.9999995231628418,
                -0.005617122631520033
            ],
            [
                0.0,
                0.0,
                0.0,
                1.0
            ]
        ]
    }
]