[
    {
        "class": "Car",
        "extent": [
            1.5107464790344238,
            4.901683330535889,
            2.128324270248413
        ],
        "position": [
            -1.3,
            0.0,
            -2.5
        ],
        "yaw": 0,
        "num_points": -1,
        "distance": -1,
        "speed": 3.0779756272753453,
        "brake": 0.0,
        "id": 1105,
        "ego_matrix": [
            [
                0.9992009401321411,
                0.03996817395091057,
                -0.000194380889297463,
                548.8236694335938
            ],
            [
                -0.03996819630265236,
                0.9992009401321411,
                -0.00010523304808884859,
                52.35957717895508
            ],
            [
                0.00019001959299203008,
                0.00011291801638435572,
                1.0,
                0.03332275152206421
            ],
            [
                0.0,
                0.0,
                0.0,
                1.0
            ]
        ]
    },
    {
        "class": "Car",
        "extent": [
            1.4106584787368774,
            5.357479572296143,
            2.033203125
        ],
        "position": [
            -39.66099197278745,
            12.17832251328229,
            -2.533409309928862
        ],
        "yaw": 0.0396395591228739,
        "num_points": 0,
        "distance": 41.56589931945011,
        "speed": 7.588990231051794,
        "brake": 0.0,
        "id": 1153,
        "ego_matrix": [
            [
                0.999997079372406,
                0.000339285412337631,
                -0.002385017927736044,
                510.006591796875
            ],
            [
                -0.000339285732479766,
                0.9999999403953552,
                2.7657273449221975e-07,
                41.72420883178711
            ],
            [
                0.002385017927736044,
                5.32630622274155e-07,
                0.9999971389770508,
                -0.00875104870647192
            ],
            [
                0.0,
                0.0,
                0.0,
                1.0
            ]
        ]
    },
    {
        "class": "Car",
        "extent": [
            1.8548461198806763,
            4.6045098304748535,
            1.9315931797027588
        ],
        "position": [
            24.46387062129808,
            13.146810760703827,
            -2.5260403888330654
        ],
        "yaw": 0.03965766865079574,
        "num_points": 17,
        "distance": 27.887281671030347,
        "speed": 8.365996685039516,
        "brake": 0.0,
        "id": 1183,
        "ego_matrix": [
            [
                0.9999967217445374,
                0.00032118213130161166,
                -0.002527829259634018,
                574.04150390625
            ],
            [
                -0.0003211761068087071,
                0.9999999403953552,
                2.7760695502365706e-06,
                38.193538665771484
            ],
            [
                0.0025278301909565926,
                -1.9641820472315885e-06,
                0.9999967813491821,
                0.010693492367863655
            ],
            [
                0.0,
                0.0,
                0.0,
                1.0
            ]
        ]
    },
    {
        "class": "Car",
        "extent": [
            1.1454535722732544,
            2.0333523750305176,
            0.8025798797607422
        ],
        "position": [
            -39.37641926108602,
            8.663227102234703,
            -2.5227985186685995
        ],
        "yaw": 0.03969655073769231,
        "num_points": 0,
        "distance": 40.39700991429336,
        "speed": 8.580804289803808,
        "brake": 0.0,
        "id": 1228,
        "ego_matrix": [
            [
                0.9999886155128479,
                0.0002822766837198287,
                0.004753810353577137,
                510.4314270019531
            ],
            [
                -0.00028229187591932714,
                0.9999999403953552,
                2.5272825041611213e-06,
                45.225120544433594
            ],
            [
                -0.00475380988791585,
                -3.869216470775427e-06,
                0.9999886751174927,
                0.002310734009370208
            ],
            [
                0.0,
                0.0,
                0.0,
                1.0
            ]
        ]
    },
    {
        "class": "Car",
        "extent": [
            1.300939917564392,
            4.717525005340576,
            1.894826889038086
        ],
        "position": [
            44.89504358599967,
            1.8278701440132212,
            -2.547302928766933
        ],
        "yaw": 0.03948882423768471,
        "num_points": 0,
        "distance": 45.00438645357905,
        "speed": 6.5048974211874455,
        "brake": 0.0,
        "id": 1240,
        "ego_matrix": [
            [
                0.9999998807907104,
                0.0004900216008536518,
                -3.683565591927618e-05,
                594.9087524414062
            ],
            [
                -0.0004900216008536518,
                0.9999998807907104,
                2.9748257190931326e-08,
                48.68684005737305
            ],
            [
                3.68356668332126e-05,
                -1.169798746758488e-08,
                1.0,
                -0.00540861114859581
            ],
            [
                0.0,
                0.0,
                0.0,
                1.0
            ]
        ]
    },
    {
        "class": "Car",
        "extent": [
            1.4738311767578125,
            4.1928300857543945,
            1.8161858320236206
        ],
        "position": [
            -12.880309749467488,
            0.6046236236463102,
            -2.536599934951273
        ],
        "yaw": 0.039530902117889385,
        "num_points": 37,
        "distance": 13.141624260284313,
        "speed": 2.998894280645646,
        "brake": 0.0,
        "id": 1247,
        "ego_matrix": [
            [
                0.9999998807907104,
                0.00044794363202527165,
                1.9670049368869513e-05,
                537.2284545898438
            ],
            [
                -0.0004479436611291021,
                0.9999998807907104,
                1.1521004807946156e-06,
                52.218284606933594
            ],
            [
                -1.9669530956889503e-05,
                -1.1609114380917163e-06,
                1.0,
                -0.00554594025015831
            ],
            [
                0.0,
                0.0,
                0.0,
                1.0
            ]
        ]
    }
]