[
    {
        "class": "Car",
        "extent": [
            1.5107464790344238,
            4.901683330535889,
            2.128324270248413
        ],
        "position": [
            -1.3,
            0.0,
            -2.5
        ],
        "yaw": 0,
        "num_points": -1,
        "distance": -1,
        "speed": 1.7889900438386137e-05,
        "brake": 0.0,
        "id": 2939,
        "ego_matrix": [
            [
                -0.9997705817222595,
                0.021418992429971695,
                3.063242547796108e-05,
                -35.35611343383789
            ],
            [
                -0.021418992429971695,
                -0.9997705817222595,
                2.835949453583453e-05,
                -139.0297393798828
            ],
            [
                3.123283022432588e-05,
                2.7696873075910844e-05,
                1.0,
                0.018273696303367615
            ],
            [
                0.0,
                0.0,
                0.0,
                1.0
            ]
        ]
    },
    {
        "class": "Car",
        "extent": [
            1.1454535722732544,
            2.0333523750305176,
            0.8025798797607422
        ],
        "position": [
            -46.62294609306443,
            -8.525537597222847,
            -2.5250705660887274
        ],
        "yaw": 1.5740473806956108,
        "num_points": 0,
        "distance": 47.46324762468514,
        "speed": -3.2215960121648675e-07,
        "brake": 0.0,
        "id": 2950,
        "ego_matrix": [
            [
                0.02466912753880024,
                0.9996956586837769,
                -7.87492717790883e-06,
                10.139042854309082
            ],
            [
                -0.9996956586837769,
                0.02466912753880024,
                3.8441241485998034e-05,
                -146.58255004882812
            ],
            [
                3.8623809814453125e-05,
                6.924219178472413e-06,
                1.0,
                -0.00797630287706852
            ],
            [
                0.0,
                0.0,
                0.0,
                1.0
            ]
        ]
    },
    {
        "class": "Car",
        "extent": [
            1.488319993019104,
            4.791779518127441,
            2.163450002670288
        ],
        "position": [
            30.429098043954284,
            3.5000349325397657,
            -2.5299981864140877
        ],
        "yaw": 3.141606762101787,
        "num_points": 9,
        "distance": 30.73403883515539,
        "speed": -0.0003072520183612925,
        "brake": 0.0,
        "id": 2959,
        "ego_matrix": [
            [
                0.9997649788856506,
                -0.02143154665827751,
                -0.0032678483985364437,
                -67.15290069580078
            ],
            [
                0.02143295668065548,
                0.9997702240943909,
                0.0003974433057010174,
                -136.21011352539062
            ],
            [
                0.0032585798762738705,
                -0.0004673895600717515,
                0.9999945759773254,
                -0.010830440558493137
            ],
            [
                0.0,
                0.0,
                0.0,
                1.0
            ]
        ]
    },
    {
        "class": "Car",
        "extent": [
            1.0239027738571167,
            1.6428436040878296,
            0.3725162446498871
        ],
        "position": [
            -36.056060153686744,
            12.035475446207512,
            -2.5408557322674477
        ],
        "yaw": 4.715646026397857,
        "num_points": 0,
        "distance": 38.09656271732054,
        "speed": -0.0001579192370462602,
        "brake": 0.0,
        "id": 3033,
        "ego_matrix": [
            [
                -0.02467484027147293,
                -0.9996955394744873,
                -0.00012850308849010617,
                -0.8658156394958496
            ],
            [
                0.9996820092201233,
                -0.024675173684954643,
                0.005199013277888298,
                -126.2525863647461
            ],
            [
                -0.00520060071721673,
                -1.7741693625339394e-07,
                0.999986469745636,
                -0.02400091104209423
            ],
            [
                0.0,
                0.0,
                0.0,
                1.0
            ]
        ]
    },
    {
        "class": "Car",
        "extent": [
            1.3787471055984497,
            2.2072951793670654,
            1.4809197187423706
        ],
        "position": [
            -32.55606796388528,
            12.027713949924,
            -2.523410140068932
        ],
        "yaw": 4.715640433759567,
        "num_points": 6,
        "distance": 34.798434776083205,
        "speed": 0.0011091313359854113,
        "brake": 0.0,
        "id": 3034,
        "ego_matrix": [
            [
                -0.024668961763381958,
                -0.9996956586837769,
                0.00017339624173473567,
                -4.364838123321533
            ],
            [
                0.9996708631515503,
                -0.024669570848345757,
                -0.007041645236313343,
                -126.33531188964844
            ],
            [
                0.007043779827654362,
                -3.708991869189049e-07,
                0.9999752044677734,
                -0.006445789244025946
            ],
            [
                0.0,
                0.0,
                0.0,
                1.0
            ]
        ]
    },
    {
        "class": "Car",
        "extent": [
            1.4738311767578125,
            4.1928300857543945,
            1.8161858320236206
        ],
        "position": [
            -25.5595645327439,
            -6.806000200118222e-05,
            -2.5303238298998907
        ],
        "yaw": 0.0,
        "num_points": 0,
        "distance": 25.68450657093282,
        "speed": -2.6027166598604767e-08,
        "brake": 0.0,
        "id": 3042,
        "ego_matrix": [
            [
                -0.9997705817222595,
                0.021418992429971695,
                0.0,
                -11.102113723754883
            ],
            [
                -0.021418992429971695,
                -0.9997705817222595,
                0.0,
                -138.51019287109375
            ],
            [
                0.0,
                -0.0,
                1.0,
                -0.01280782651156187
            ],
            [
                0.0,
                0.0,
                0.0,
                1.0
            ]
        ]
    },
    {
        "class": "Car",
        "extent": [
            1.1454535722732544,
            2.0333523750305176,
            0.8025798797607422
        ],
        "position": [
            38.08275657607757,
            -8.562309376578344,
            -2.5295326737889665
        ],
        "yaw": 1.5766102737706487,
        "num_points": 3,
        "distance": 39.11531702339618,
        "speed": -2.5432488594192594e-05,
        "brake": 0.0,
        "id": 3064,
        "ego_matrix": [
            [
                0.02723105251789093,
                0.9996291399002075,
                -5.701505142496899e-05,
                -74.54644012451172
            ],
            [
                -0.9996258020401001,
                0.027231108397245407,
                0.002590776653960347,
                -148.43362426757812
            ],
            [
                0.002591368742287159,
                -1.3555865734815598e-05,
                0.9999966621398926,
                -0.009791793301701546
            ],
            [
                0.0,
                0.0,
                0.0,
                1.0
            ]
        ]
    },
    {
        "class": "Car",
        "extent": [
            1.0795789957046509,
            1.4872888326644897,
            0.8592574596405029
        ],
        "position": [
            -43.12296485073395,
            -8.53689255208301,
            -2.544476859682759
        ],
        "yaw": 1.5740473806956108,
        "num_points": 2,
        "distance": 44.03343041886366,
        "speed": 6.792921294067342e-08,
        "brake": 0.0,
        "id": 3075,
        "ego_matrix": [
            [
                0.02466912753880024,
                0.9996956586837769,
                0.0,
                6.640107154846191
            ],
            [
                -0.9996956586837769,
                0.02466912753880024,
                0.0,
                -146.6688690185547
            ],
            [
                0.0,
                -0.0,
                1.0,
                -0.027272967621684074
            ],
            [
                0.0,
                0.0,
                0.0,
                1.0
            ]
        ]
    },
    {
        "class": "Car",
        "extent": [
            1.6171096563339233,
            3.987684965133667,
            1.8508483171463013
        ],
        "position": [
            -12.42280592655264,
            3.500005273009124,
            -2.48640680492612
        ],
        "yaw": 3.1415927950702263,
        "num_points": 37,
        "distance": 13.143757560129675,
        "speed": -0.0002885611589160828,
        "brake": 0.0,
        "id": 3080,
        "ego_matrix": [
            [
                0.9997702836990356,
                -0.02141910418868065,
                0.0007657273672521114,
                -24.31082534790039
            ],
            [
                0.0214191023260355,
                0.9997705817222595,
                1.1610169167397544e-05,
                -135.29229736328125
            ],
            [
                -0.0007658003596588969,
                4.793689186044503e-06,
                0.9999997019767761,
                0.031422555446624756
            ],
            [
                0.0,
                0.0,
                0.0,
                1.0
            ]
        ]
    },
    {
        "class": "Car",
        "extent": [
            1.4738311767578125,
            4.1928300857543945,
            1.8161858320236206
        ],
        "position": [
            41.582693522436955,
            -8.583509844714818,
            -2.5352958220895774
        ],
        "yaw": 1.576701220721875,
        "num_points": 3,
        "distance": 42.534982858122106,
        "speed": 2.1839378455202065e-05,
        "brake": 0.0,
        "id": 3141,
        "ego_matrix": [
            [
                0.027322012931108475,
                0.9996266961097717,
                -3.346102312207222e-05,
                -78.04512023925781
            ],
            [
                -0.9996247291564941,
                0.02732202596962452,
                0.0019727349281311035,
                -148.52978515625
            ],
            [
                0.0019729125779122114,
                -2.0450619558687322e-05,
                0.9999980330467224,
                -0.015445041470229626
            ],
            [
                0.0,
                0.0,
                0.0,
                1.0
            ]
        ]
    }
]