[
    {
        "class": "Car",
        "extent": [
            1.5107464790344238,
            4.901683330535889,
            2.128324270248413
        ],
        "position": [
            -1.3,
            0.0,
            -2.5
        ],
        "yaw": 0,
        "num_points": -1,
        "distance": -1,
        "speed": 5.981855476965943e-07,
        "brake": 0.0,
        "id": 2939,
        "ego_matrix": [
            [
                -0.9997705817222595,
                0.021418992429971695,
                1.1575939424801618e-06,
                -35.356101989746094
            ],
            [
                -0.021418992429971695,
                -0.9997705817222595,
                1.6230635537795024e-06,
                -139.02972412109375
            ],
            [
                1.1920927818209748e-06,
                1.597896812199906e-06,
                1.0,
                0.03310234099626541
            ],
            [
                0.0,
                0.0,
                0.0,
                1.0
            ]
        ]
    },
    {
        "class": "Car",
        "extent": [
            1.1454535722732544,
            2.0333523750305176,
            0.8025798797607422
        ],
        "position": [
            -46.62293354255967,
            -8.525553283965063,
            -2.53154372348118
        ],
        "yaw": 1.5740473806956108,
        "num_points": 2,
        "distance": 47.46358292981641,
        "speed": 4.439404235149431e-08,
        "brake": 0.0,
        "id": 2950,
        "ego_matrix": [
            [
                0.02466912753880024,
                0.9996956586837769,
                -7.87492717790883e-06,
                10.139042854309082
            ],
            [
                -0.9996956586837769,
                0.02466912753880024,
                3.8441241485998034e-05,
                -146.58255004882812
            ],
            [
                3.8623809814453125e-05,
                6.924219178472413e-06,
                1.0,
                0.0015182113274931908
            ],
            [
                0.0,
                0.0,
                0.0,
                1.0
            ]
        ]
    },
    {
        "class": "Car",
        "extent": [
            1.488319993019104,
            4.791779518127441,
            2.163450002670288
        ],
        "position": [
            30.42920950967777,
            3.5000365550902175,
            -2.5370445416973926
        ],
        "yaw": 3.141605395151134,
        "num_points": 7,
        "distance": 30.734730229455216,
        "speed": -1.3681887096804068e-05,
        "brake": 0.0,
        "id": 2959,
        "ego_matrix": [
            [
                0.9997653365135193,
                -0.021430296823382378,
                -0.0031616713386029005,
                -67.15299987792969
            ],
            [
                0.02143159694969654,
                0.9997702240943909,
                0.00037811705260537565,
                -136.21009826660156
            ],
            [
                0.003152842167764902,
                -0.0004457880277186632,
                0.9999949336051941,
                -0.003909969236701727
            ],
            [
                0.0,
                0.0,
                0.0,
                1.0
            ]
        ]
    },
    {
        "class": "Car",
        "extent": [
            1.0239027738571167,
            1.6428436040878296,
            0.3725162446498871
        ],
        "position": [
            -36.056046929776755,
            12.035497506475405,
            -2.550872143933948
        ],
        "yaw": 4.715646026397857,
        "num_points": 0,
        "distance": 38.09722652799463,
        "speed": -2.48322582978985e-06,
        "brake": 0.0,
        "id": 3033,
        "ego_matrix": [
            [
                -0.024674858897924423,
                -0.9996955394744873,
                -0.00012479707947932184,
                -0.8658166527748108
            ],
            [
                0.9996827840805054,
                -0.024675173684954643,
                0.0050514801405370235,
                -126.25254821777344
            ],
            [
                -0.005053021479398012,
                -1.1292285506669941e-07,
                0.9999872446060181,
                -0.017830466851592064
            ],
            [
                0.0,
                0.0,
                0.0,
                1.0
            ]
        ]
    },
    {
        "class": "Car",
        "extent": [
            1.3787471055984497,
            2.2072951793670654,
            1.4809197187423706
        ],
        "position": [
            -32.55605668753314,
            12.027354876238297,
            -2.5305865081734167
        ],
        "yaw": 4.715640300601513,
        "num_points": 5,
        "distance": 34.79882125067161,
        "speed": -1.2939002989350483e-05,
        "brake": 0.0,
        "id": 3034,
        "ego_matrix": [
            [
                -0.024669064208865166,
                -0.9996956586837769,
                0.00013842836779076606,
                -4.3648295402526855
            ],
            [
                0.9996798634529114,
                -0.024669451639056206,
                -0.005619698669761419,
                -126.33565521240234
            ],
            [
                0.005621403455734253,
                -2.4866312742233276e-07,
                0.9999842047691345,
                0.002459354232996702
            ],
            [
                0.0,
                0.0,
                0.0,
                1.0
            ]
        ]
    },
    {
        "class": "Car",
        "extent": [
            1.4738311767578125,
            4.1928300857543945,
            1.8161858320236206
        ],
        "position": [
            -25.559551839947286,
            -8.386902095767703e-05,
            -2.5387780530574067
        ],
        "yaw": 0.0,
        "num_points": 0,
        "distance": 25.68532819079158,
        "speed": 3.030798975033719e-08,
        "brake": 0.0,
        "id": 3042,
        "ego_matrix": [
            [
                -0.9997705817222595,
                0.021418992429971695,
                0.0,
                -11.102113723754883
            ],
            [
                -0.021418992429971695,
                -0.9997705817222595,
                0.0,
                -138.51019287109375
            ],
            [
                0.0,
                -0.0,
                1.0,
                -0.0057046315632760525
            ],
            [
                0.0,
                0.0,
                0.0,
                1.0
            ]
        ]
    },
    {
        "class": "Car",
        "extent": [
            1.1454535722732544,
            2.0333523750305176,
            0.8025798797607422
        ],
        "position": [
            38.082768527642024,
            -8.56229460036316,
            -2.5333119344976653
        ],
        "yaw": 1.5766247879985895,
        "num_points": 2,
        "distance": 39.11557000621158,
        "speed": -7.139830331014983e-07,
        "brake": 0.0,
        "id": 3064,
        "ego_matrix": [
            [
                0.027245597913861275,
                0.9996287822723389,
                -5.4336363973561674e-05,
                -74.54644012451172
            ],
            [
                -0.9996256828308105,
                0.027245648205280304,
                0.0024890077766031027,
                -148.43359375
            ],
            [
                0.0024895640090107918,
                -1.3498472071660217e-05,
                0.9999969005584717,
                -0.0001489639253122732
            ],
            [
                0.0,
                0.0,
                0.0,
                1.0
            ]
        ]
    },
    {
        "class": "Car",
        "extent": [
            1.0795789957046509,
            1.4872888326644897,
            0.8592574596405029
        ],
        "position": [
            -43.12295168990499,
            -8.536908783516225,
            -2.525143419062396
        ],
        "yaw": 1.5740473806956108,
        "num_points": 2,
        "distance": 44.03230772188519,
        "speed": -2.8958709580670478e-08,
        "brake": 0.0,
        "id": 3075,
        "ego_matrix": [
            [
                0.02466912753880024,
                0.9996956586837769,
                0.0,
                6.640107154846191
            ],
            [
                -0.9996956586837769,
                0.02466912753880024,
                0.0,
                -146.6688690185547
            ],
            [
                0.0,
                -0.0,
                1.0,
                0.007922706194221973
            ],
            [
                0.0,
                0.0,
                0.0,
                1.0
            ]
        ]
    },
    {
        "class": "Car",
        "extent": [
            1.6171096563339233,
            3.987684965133667,
            1.8508483171463013
        ],
        "position": [
            -12.423035160099918,
            3.500000726120639,
            -2.494566244506635
        ],
        "yaw": 3.1415928824551993,
        "num_points": 46,
        "distance": 13.145518948301575,
        "speed": -2.904757653747728e-07,
        "brake": 0.0,
        "id": 3080,
        "ego_matrix": [
            [
                0.9997705817222595,
                -0.02141919545829296,
                -2.393844397374778e-06,
                -24.310585021972656
            ],
            [
                0.02141919545829296,
                0.9997705817222595,
                4.2531206645435304e-07,
                -135.2922821044922
            ],
            [
                2.3841855636419496e-06,
                -4.7648870804550825e-07,
                1.0,
                0.038517244160175323
            ],
            [
                0.0,
                0.0,
                0.0,
                1.0
            ]
        ]
    },
    {
        "class": "Car",
        "extent": [
            1.4738311767578125,
            4.1928300857543945,
            1.8161858320236206
        ],
        "position": [
            41.582705967777265,
            -8.58351046747195,
            -2.541385121486861
        ],
        "yaw": 1.576701220721875,
        "num_points": 2,
        "distance": 42.53535853714571,
        "speed": 1.0912286465222837e-07,
        "brake": 0.0,
        "id": 3141,
        "ego_matrix": [
            [
                0.027322016656398773,
                0.9996266961097717,
                -3.337115776957944e-05,
                -78.04512023925781
            ],
            [
                -0.9996248483657837,
                0.027322029694914818,
                0.0019243201240897179,
                -148.52976989746094
            ],
            [
                0.0019245134899392724,
                -1.921766670420766e-05,
                0.999998152256012,
                -0.008217944763600826
            ],
            [
                0.0,
                0.0,
                0.0,
                1.0
            ]
        ]
    }
]