[
    {
        "class": "Car",
        "extent": [
            1.5107464790344238,
            4.901683330535889,
            2.128324270248413
        ],
        "position": [
            -1.3,
            0.0,
            -2.5
        ],
        "yaw": 0,
        "num_points": -1,
        "distance": -1,
        "speed": -2.5538099074296458e-08,
        "brake": 0.0,
        "id": 2939,
        "ego_matrix": [
            [
                -0.9997705817222595,
                0.021418992429971695,
                0.0,
                -35.356101989746094
            ],
            [
                -0.021418992429971695,
                -0.9997705817222595,
                0.0,
                -139.02972412109375
            ],
            [
                0.0,
                -0.0,
                1.0,
                0.03341503068804741
            ],
            [
                0.0,
                0.0,
                0.0,
                1.0
            ]
        ]
    },
    {
        "class": "Car",
        "extent": [
            1.1454535722732544,
            2.0333523750305176,
            0.8025798797607422
        ],
        "position": [
            -46.62293350490846,
            -8.525553334433244,
            -2.5322002213215455
        ],
        "yaw": 1.5740473806956108,
        "num_points": 1,
        "distance": 47.46361792175395,
        "speed": -7.166075204743344e-08,
        "brake": 0.0,
        "id": 2950,
        "ego_matrix": [
            [
                0.02466912753880024,
                0.9996956586837769,
                -7.87492717790883e-06,
                10.139042854309082
            ],
            [
                -0.9996956586837769,
                0.02466912753880024,
                3.8441241485998034e-05,
                -146.58255004882812
            ],
            [
                3.8623809814453125e-05,
                6.924219178472413e-06,
                1.0,
                0.0012148093665018678
            ],
            [
                0.0,
                0.0,
                0.0,
                1.0
            ]
        ]
    },
    {
        "class": "Car",
        "extent": [
            1.488319993019104,
            4.791779518127441,
            2.163450002670288
        ],
        "position": [
            30.429209553799875,
            3.5000364959483647,
            -2.537161273183301
        ],
        "yaw": 3.141605382667566,
        "num_points": 5,
        "distance": 30.734739902399976,
        "speed": -5.528830046624425e-06,
        "brake": 0.0,
        "id": 2959,
        "ego_matrix": [
            [
                0.9997653365135193,
                -0.021430285647511482,
                -0.003159651532769203,
                -67.15299987792969
            ],
            [
                0.021431585773825645,
                0.9997702240943909,
                0.00037845951737836003,
                -136.21009826660156
            ],
            [
                0.003150815377011895,
                -0.00044608706957660615,
                0.9999949336051941,
                -0.003746242495253682
            ],
            [
                0.0,
                0.0,
                0.0,
                1.0
            ]
        ]
    },
    {
        "class": "Car",
        "extent": [
            1.0239027738571167,
            1.6428436040878296,
            0.3725162446498871
        ],
        "position": [
            -36.05604680946916,
            12.035497426366705,
            -2.5511372182518244
        ],
        "yaw": 4.715646026397857,
        "num_points": 0,
        "distance": 38.097244138297725,
        "speed": -7.610130108102992e-09,
        "brake": 0.0,
        "id": 3033,
        "ego_matrix": [
            [
                -0.024674858897924423,
                -0.9996955394744873,
                -0.00012479707947932184,
                -0.8658167123794556
            ],
            [
                0.9996827840805054,
                -0.024675173684954643,
                0.0050514801405370235,
                -126.25254821777344
            ],
            [
                -0.005053021479398012,
                -1.1292285506669941e-07,
                0.9999872446060181,
                -0.01772218756377697
            ],
            [
                0.0,
                0.0,
                0.0,
                1.0
            ]
        ]
    },
    {
        "class": "Car",
        "extent": [
            1.3787471055984497,
            2.2072951793670654,
            1.4809197187423706
        ],
        "position": [
            -32.556056364718174,
            12.027408251423541,
            -2.5312203019857407
        ],
        "yaw": 4.715640300601513,
        "num_points": 4,
        "distance": 34.798885492014,
        "speed": 2.2833129772784314e-06,
        "brake": 0.0,
        "id": 3034,
        "ego_matrix": [
            [
                -0.024669041857123375,
                -0.9996956586837769,
                0.0001423196808900684,
                -4.36483097076416
            ],
            [
                0.9996789693832397,
                -0.024669451639056206,
                -0.00577640812844038,
                -126.33560180664062
            ],
            [
                0.005778160877525806,
                -2.244487262714756e-07,
                0.9999833106994629,
                0.0021947287023067474
            ],
            [
                0.0,
                0.0,
                0.0,
                1.0
            ]
        ]
    },
    {
        "class": "Car",
        "extent": [
            1.4738311767578125,
            4.1928300857543945,
            1.8161858320236206
        ],
        "position": [
            -25.559551793685774,
            -8.393103049542106e-05,
            -2.5389607422985137
        ],
        "yaw": 0.0,
        "num_points": 0,
        "distance": 25.685346202690805,
        "speed": -3.949428040742179e-08,
        "brake": 0.0,
        "id": 3042,
        "ego_matrix": [
            [
                -0.9997705817222595,
                0.021418992429971695,
                0.0,
                -11.102113723754883
            ],
            [
                -0.021418992429971695,
                -0.9997705817222595,
                0.0,
                -138.51019287109375
            ],
            [
                0.0,
                -0.0,
                1.0,
                -0.005545711610466242
            ],
            [
                0.0,
                0.0,
                0.0,
                1.0
            ]
        ]
    },
    {
        "class": "Car",
        "extent": [
            1.1454535722732544,
            2.0333523750305176,
            0.8025798797607422
        ],
        "position": [
            38.08276856728067,
            -8.562294653495314,
            -2.5338709251373075
        ],
        "yaw": 1.5766247879985895,
        "num_points": 2,
        "distance": 39.11560626332655,
        "speed": -3.113745343217515e-08,
        "brake": 0.0,
        "id": 3064,
        "ego_matrix": [
            [
                0.027245597913861275,
                0.9996287822723389,
                -5.4336363973561674e-05,
                -74.54644012451172
            ],
            [
                -0.9996256828308105,
                0.027245648205280304,
                0.0024890077766031027,
                -148.43359375
            ],
            [
                0.0024895640090107918,
                -1.3498472071660217e-05,
                0.9999969005584717,
                -0.0004558944492600858
            ],
            [
                0.0,
                0.0,
                0.0,
                1.0
            ]
        ]
    },
    {
        "class": "Car",
        "extent": [
            1.0795789957046509,
            1.4872888326644897,
            0.8592574596405029
        ],
        "position": [
            -43.12295165988853,
            -8.536908823750682,
            -2.530870456015691
        ],
        "yaw": 1.5740473806956108,
        "num_points": 4,
        "distance": 44.03263650284012,
        "speed": -2.681827266188723e-08,
        "brake": 0.0,
        "id": 3075,
        "ego_matrix": [
            [
                0.02466912753880024,
                0.9996956586837769,
                0.0,
                6.640107154846191
            ],
            [
                -0.9996956586837769,
                0.02466912753880024,
                0.0,
                -146.6688690185547
            ],
            [
                0.0,
                -0.0,
                1.0,
                0.002544574672356248
            ],
            [
                0.0,
                0.0,
                0.0,
                1.0
            ]
        ]
    },
    {
        "class": "Car",
        "extent": [
            1.6171096563339233,
            3.987684965133667,
            1.8508483171463013
        ],
        "position": [
            -12.423035166554985,
            3.5000007347730957,
            -2.4951390251517296
        ],
        "yaw": 3.1415928824551993,
        "num_points": 46,
        "distance": 13.145627662751945,
        "speed": 5.959421648278663e-10,
        "brake": 0.0,
        "id": 3080,
        "ego_matrix": [
            [
                0.9997705817222595,
                -0.02141919545829296,
                -2.393844397374778e-06,
                -24.310585021972656
            ],
            [
                0.02141919545829296,
                0.9997705817222595,
                4.2531206645435304e-07,
                -135.2922821044922
            ],
            [
                2.3841855636419496e-06,
                -4.7648870804550825e-07,
                1.0,
                0.038276005536317825
            ],
            [
                0.0,
                0.0,
                0.0,
                1.0
            ]
        ]
    },
    {
        "class": "Car",
        "extent": [
            1.4738311767578125,
            4.1928300857543945,
            1.8161858320236206
        ],
        "position": [
            41.58270601703488,
            -8.583510533497503,
            -2.5414705453440547
        ],
        "yaw": 1.576701220721875,
        "num_points": 2,
        "distance": 42.535363702578856,
        "speed": -1.1827759966690202e-06,
        "brake": 0.0,
        "id": 3141,
        "ego_matrix": [
            [
                0.027322016656398773,
                0.9996266961097717,
                -3.337115776957944e-05,
                -78.04512023925781
            ],
            [
                -0.9996248483657837,
                0.027322029694914818,
                0.0019243201240897179,
                -148.52976989746094
            ],
            [
                0.0019245134899392724,
                -1.921766670420766e-05,
                0.999998152256012,
                -0.00805551465600729
            ],
            [
                0.0,
                0.0,
                0.0,
                1.0
            ]
        ]
    }
]