[
    {
        "class": "Car",
        "extent": [
            1.5107464790344238,
            4.901683330535889,
            2.128324270248413
        ],
        "position": [
            -1.3,
            0.0,
            -2.5
        ],
        "yaw": 0,
        "num_points": -1,
        "distance": -1,
        "speed": 2.3934228634015438,
        "brake": 0.0,
        "id": 2939,
        "ego_matrix": [
            [
                -0.9997655749320984,
                0.02140609547495842,
                0.003252394963055849,
                -35.68097686767578
            ],
            [
                -0.021406006067991257,
                -0.9997708797454834,
                6.201164796948433e-05,
                -139.0366973876953
            ],
            [
                0.0032529770396649837,
                -7.623671535839094e-06,
                0.999994695186615,
                0.031798627227544785
            ],
            [
                0.0,
                0.0,
                0.0,
                1.0
            ]
        ]
    },
    {
        "class": "Car",
        "extent": [
            1.1454535722732544,
            2.0333523750305176,
            0.8025798797607422
        ],
        "position": [
            -46.94814021156743,
            -8.619889386852114,
            -2.3808121365738937
        ],
        "yaw": 1.5740312685710154,
        "num_points": 0,
        "distance": 47.79224444191984,
        "speed": 1.6885413682657153,
        "brake": 0.0,
        "id": 2950,
        "ego_matrix": [
            [
                0.024638870730996132,
                0.9996963739395142,
                0.0002531329810153693,
                10.14136791229248
            ],
            [
                -0.9996388554573059,
                0.024640168994665146,
                -0.010723979212343693,
                -146.67745971679688
            ],
            [
                -0.010726960375905037,
                1.1185183211637195e-05,
                0.9999424815177917,
                0.0024277877528220415
            ],
            [
                0.0,
                0.0,
                0.0,
                1.0
            ]
        ]
    },
    {
        "class": "Car",
        "extent": [
            1.488319993019104,
            4.791779518127441,
            2.163450002670288
        ],
        "position": [
            30.01551818887953,
            3.4996723837992967,
            -2.6371445380313863
        ],
        "yaw": 3.141609073642389,
        "num_points": 1,
        "distance": 30.333703536748594,
        "speed": 1.476179227529599,
        "brake": 0.0,
        "id": 2959,
        "ego_matrix": [
            [
                0.999763548374176,
                -0.021421128883957863,
                -0.003739661071449518,
                -67.06451416015625
            ],
            [
                0.021422451362013817,
                0.9997705221176147,
                0.00031399953877553344,
                -136.2081756591797
            ],
            [
                0.0037320763804018497,
                -0.00039403801201842725,
                0.9999929666519165,
                -0.003449840471148491
            ],
            [
                0.0,
                0.0,
                0.0,
                1.0
            ]
        ]
    },
    {
        "class": "Car",
        "extent": [
            1.0239027738571167,
            1.6428436040878296,
            0.3725162446498871
        ],
        "position": [
            -36.380579575855805,
            12.110890733593775,
            -2.4360979636855244
        ],
        "yaw": 4.715642963762603,
        "num_points": 0,
        "distance": 38.420760246576286,
        "speed": 1.3583834257105594,
        "brake": 0.0,
        "id": 3033,
        "ego_matrix": [
            [
                -0.02465570904314518,
                -0.999695897102356,
                -0.0004162184486631304,
                -0.8676602244377136
            ],
            [
                0.9995494484901428,
                -0.02465922199189663,
                0.017111245542764664,
                -126.17764282226562
            ],
            [
                -0.017116304486989975,
                5.858950316905975e-06,
                0.9998534917831421,
                -0.018323669210076332
            ],
            [
                0.0,
                0.0,
                0.0,
                1.0
            ]
        ]
    },
    {
        "class": "Car",
        "extent": [
            1.3787471055984497,
            2.2072951793670654,
            1.4809197187423706
        ],
        "position": [
            -32.88059201839388,
            12.084532264576227,
            -2.4263788319400756
        ],
        "yaw": 4.715648423242837,
        "num_points": 10,
        "distance": 35.11490517956353,
        "speed": 0.8402620294999373,
        "brake": 0.0,
        "id": 3034,
        "ego_matrix": [
            [
                -0.024663681164383888,
                -0.9996957778930664,
                0.00023497978691011667,
                -4.366231441497803
            ],
            [
                0.999650239944458,
                -0.024664800614118576,
                -0.009540379978716373,
                -126.27891540527344
            ],
            [
                0.009543272666633129,
                -4.0326264638679277e-07,
                0.9999544620513916,
                0.002780589973554015
            ],
            [
                0.0,
                0.0,
                0.0,
                1.0
            ]
        ]
    },
    {
        "class": "Car",
        "extent": [
            1.4738311767578125,
            4.1928300857543945,
            1.8161858320236206
        ],
        "position": [
            -25.7729987116686,
            0.0002524228661676739,
            -2.4579416842283965
        ],
        "yaw": 3.408846195274151e-05,
        "num_points": 2,
        "distance": 25.889938972088288,
        "speed": 1.807636757229607,
        "brake": 0.0,
        "id": 3042,
        "ego_matrix": [
            [
                -0.999765932559967,
                0.021440209820866585,
                0.0028934592846781015,
                -11.213583946228027
            ],
            [
                -0.021440116688609123,
                -0.9997701048851013,
                6.364889850374311e-05,
                -138.5125732421875
            ],
            [
                0.0028941589407622814,
                1.5978912415448576e-06,
                0.9999958276748657,
                -0.005753383506089449
            ],
            [
                0.0,
                0.0,
                0.0,
                1.0
            ]
        ]
    },
    {
        "class": "Car",
        "extent": [
            1.1454535722732544,
            2.0333523750305176,
            0.8025798797607422
        ],
        "position": [
            37.75686356095008,
            -8.657774487538138,
            -2.6579702004519548
        ],
        "yaw": 1.57660974113843,
        "num_points": 5,
        "distance": 38.82785869222969,
        "speed": 1.6919883601829928,
        "brake": 0.0,
        "id": 3064,
        "ego_matrix": [
            [
                0.027216900140047073,
                0.9996294975280762,
                0.0002650649403221905,
                -74.54386901855469
            ],
            [
                -0.999592125415802,
                0.027218174189329147,
                -0.008639384061098099,
                -148.52854919433594
            ],
            [
                -0.008643398992717266,
                -2.9819550036336295e-05,
                0.9999626278877258,
                0.0008143424638547003
            ],
            [
                0.0,
                0.0,
                0.0,
                1.0
            ]
        ]
    },
    {
        "class": "Car",
        "extent": [
            1.0795789957046509,
            1.4872888326644897,
            0.8592574596405029
        ],
        "position": [
            -43.448117684472265,
            -8.606411132564455,
            -2.393775502704303
        ],
        "yaw": 1.5741250118413863,
        "num_points": 1,
        "distance": 44.356954404736,
        "speed": 1.383328761808158,
        "brake": 0.0,
        "id": 3075,
        "ego_matrix": [
            [
                0.024725010618567467,
                0.9996940493583679,
                0.0006598053150810301,
                6.6418352127075195
            ],
            [
                -0.9993324875831604,
                0.024733813479542732,
                -0.02688334882259369,
                -146.73890686035156
            ],
            [
                -0.026891443878412247,
                5.326233349478571e-06,
                0.9996383190155029,
                0.000850086216814816
            ],
            [
                0.0,
                0.0,
                0.0,
                1.0
            ]
        ]
    },
    {
        "class": "Car",
        "extent": [
            1.6171096563339233,
            3.987684965133667,
            1.8508483171463013
        ],
        "position": [
            -12.808622307470545,
            3.500158014138382,
            -2.456568220773833
        ],
        "yaw": 3.141588371726103,
        "num_points": 49,
        "distance": 13.503578746491064,
        "speed": 1.015417676101894,
        "brake": 0.0,
        "id": 3080,
        "ego_matrix": [
            [
                0.99977046251297,
                -0.0214019026607275,
                -0.0009521981119178236,
                -24.249835968017578
            ],
            [
                0.021401895210146904,
                0.9997709393501282,
                -1.7887436115415767e-05,
                -135.29098510742188
            ],
            [
                0.0009523628395982087,
                -2.495512262612465e-06,
                0.9999995231628418,
                0.037819575518369675
            ],
            [
                0.0,
                0.0,
                0.0,
                1.0
            ]
        ]
    },
    {
        "class": "Car",
        "extent": [
            1.4738311767578125,
            4.1928300857543945,
            1.8161858320236206
        ],
        "position": [
            41.256630770964016,
            -8.695414641486456,
            -2.678280579297226
        ],
        "yaw": 1.5767371733965907,
        "num_points": 2,
        "distance": 42.247994097003854,
        "speed": 1.8065089952748785,
        "brake": 0.0,
        "id": 3141,
        "ego_matrix": [
            [
                0.027345001697540283,
                0.9996260404586792,
                -0.0001082894450519234,
                -78.04207611083984
            ],
            [
                -0.9996150135993958,
                0.027345208451151848,
                0.004694669041782618,
                -148.64109802246094
            ],
            [
                0.004695874638855457,
                -2.0127974494243972e-05,
                0.9999889731407166,
                -0.008111553266644478
            ],
            [
                0.0,
                0.0,
                0.0,
                1.0
            ]
        ]
    }
]