[
    {
        "class": "Car",
        "extent": [
            1.5107464790344238,
            4.901683330535889,
            2.128324270248413
        ],
        "position": [
            -1.3,
            0.0,
            -2.5
        ],
        "yaw": 0,
        "num_points": -1,
        "distance": -1,
        "speed": 4.40167795112327,
        "brake": 0.0,
        "id": 2939,
        "ego_matrix": [
            [
                -0.9997624158859253,
                0.021731005981564522,
                0.0016859938623383641,
                -37.526851654052734
            ],
            [
                -0.021730978041887283,
                -0.9997638463973999,
                3.395634121261537e-05,
                -139.07684326171875
            ],
            [
                0.001686333678662777,
                -2.6900252123596147e-06,
                0.9999985694885254,
                0.03257797285914421
            ],
            [
                0.0,
                0.0,
                0.0,
                1.0
            ]
        ]
    },
    {
        "class": "Car",
        "extent": [
            1.1454535722732544,
            2.0333523750305176,
            0.8025798797607422
        ],
        "position": [
            -48.79695495711153,
            -10.414804400755793,
            -2.450265641923271
        ],
        "yaw": 1.5737096918693887,
        "num_points": 0,
        "distance": 49.95612840791772,
        "speed": 4.536212442370652,
        "brake": 0.0,
        "id": 2950,
        "ego_matrix": [
            [
                0.0246428269892931,
                0.9996963143348694,
                0.00019872251141350716,
                10.18522834777832
            ],
            [
                -0.9996639490127563,
                0.024643627926707268,
                -0.008042298257350922,
                -148.45703125
            ],
            [
                -0.008044752292335033,
                -4.707835614681244e-07,
                0.999967634677887,
                0.002188530284911394
            ],
            [
                0.0,
                0.0,
                0.0,
                1.0
            ]
        ]
    },
    {
        "class": "Car",
        "extent": [
            1.488319993019104,
            4.791779518127441,
            2.163450002670288
        ],
        "position": [
            26.4694156132221,
            3.5093020526243173,
            -2.57990409783456
        ],
        "yaw": 3.1412069987356253,
        "num_points": 0,
        "distance": 26.82538105891625,
        "speed": 4.174216370495913,
        "brake": 0.0,
        "id": 2959,
        "ego_matrix": [
            [
                0.9997699856758118,
                -0.02134552411735058,
                -0.002072432544082403,
                -65.3660659790039
            ],
            [
                0.021345404908061028,
                0.9997721314430237,
                -7.887606625445187e-05,
                -136.1718292236328
            ],
            [
                0.0020736439619213343,
                3.462102176854387e-05,
                0.9999978542327881,
                -0.0004880714404862374
            ],
            [
                0.0,
                0.0,
                0.0,
                1.0
            ]
        ]
    },
    {
        "class": "Car",
        "extent": [
            1.0239027738571167,
            1.6428436040878296,
            0.3725162446498871
        ],
        "position": [
            -38.22813918642844,
            13.056005684480064,
            -2.4882081837956203
        ],
        "yaw": 4.714917385523611,
        "num_points": 0,
        "distance": 40.47272031944516,
        "speed": 2.060465433451362,
        "brake": 0.0,
        "id": 3033,
        "ego_matrix": [
            [
                -0.02425800822675228,
                -0.9997057318687439,
                -0.0001946055272128433,
                -0.8911850452423096
            ],
            [
                0.9996739029884338,
                -0.024258790537714958,
                0.007973595522344112,
                -125.221435546875
            ],
            [
                -0.007975969463586807,
                -1.118518298426352e-06,
                0.9999681711196899,
                -0.017868271097540855
            ],
            [
                0.0,
                0.0,
                0.0,
                1.0
            ]
        ]
    },
    {
        "class": "Car",
        "extent": [
            1.3787471055984497,
            2.2072951793670654,
            1.4809197187423706
        ],
        "position": [
            -34.72830819915036,
            12.944556490364867,
            -2.472821349918256
        ],
        "yaw": 4.715347752355767,
        "num_points": 3,
        "distance": 37.14474092702805,
        "speed": 2.409205906943937,
        "brake": 0.0,
        "id": 3034,
        "ego_matrix": [
            [
                -0.0246866587549448,
                -0.9996951818466187,
                0.00033578419242985547,
                -4.387736797332764
            ],
            [
                0.9996004104614258,
                -0.02468894235789776,
                -0.013761162757873535,
                -125.4089126586914
            ],
            [
                0.01376525778323412,
                -4.067085228598444e-06,
                0.9999052286148071,
                0.003420124063268304
            ],
            [
                0.0,
                0.0,
                0.0,
                1.0
            ]
        ]
    },
    {
        "class": "Car",
        "extent": [
            1.8548461198806763,
            4.6045098304748535,
            1.9315931797027588
        ],
        "position": [
            46.072057589533145,
            14.696338963485552,
            -2.6683004353866013
        ],
        "yaw": 4.688255015112228,
        "num_points": 4,
        "distance": 48.43280599631211,
        "speed": 3.6891051443899627,
        "brake": 0.0,
        "id": 3040,
        "ego_matrix": [
            [
                0.002401268109679222,
                -0.9999964833259583,
                0.0011317201424390078,
                -85.20730590820312
            ],
            [
                0.9999814629554749,
                0.0023948969319462776,
                -0.0055977883748710155,
                -125.41342163085938
            ],
            [
                0.00559505820274353,
                0.0011451409664005041,
                0.9999836683273315,
                -0.05579759553074837
            ],
            [
                0.0,
                0.0,
                0.0,
                1.0
            ]
        ]
    },
    {
        "class": "Car",
        "extent": [
            1.4738311767578125,
            4.1928300857543945,
            1.8161858320236206
        ],
        "position": [
            -25.88497811831413,
            -0.007249435537881848,
            -2.4967835155916225
        ],
        "yaw": -0.0002271676409839607,
        "num_points": 0,
        "distance": 26.0051162786027,
        "speed": 4.0871714585767815,
        "brake": 0.0,
        "id": 3042,
        "ego_matrix": [
            [
                -0.9997674226760864,
                0.02150385081768036,
                0.0016405013157054782,
                -12.947550773620605
            ],
            [
                -0.021503819152712822,
                -0.9997687935829163,
                3.6883517168462276e-05,
                -138.54983520507812
            ],
            [
                0.0016409150557592511,
                1.597894765836827e-06,
                0.9999986290931702,
                -0.005664043128490448
            ],
            [
                0.0,
                0.0,
                0.0,
                1.0
            ]
        ]
    },
    {
        "class": "Car",
        "extent": [
            1.1454535722732544,
            2.0333523750305176,
            0.8025798797607422
        ],
        "position": [
            35.90353368833896,
            -10.431829692393645,
            -2.5930792856688525
        ],
        "yaw": 1.576474319397,
        "num_points": 3,
        "distance": 37.478138457273474,
        "speed": 4.556211500592308,
        "brake": 0.0,
        "id": 3064,
        "ego_matrix": [
            [
                0.027406366541981697,
                0.9996243715286255,
                0.00027565343771129847,
                -74.49501037597656
            ],
            [
                -0.9995914101600647,
                0.027407700195908546,
                -0.00811582151800394,
                -150.31468200683594
            ],
            [
                -0.00812032725661993,
                -5.311565109877847e-05,
                0.9999670386314392,
                0.00220832834020257
            ],
            [
                0.0,
                0.0,
                0.0,
                1.0
            ]
        ]
    },
    {
        "class": "Car",
        "extent": [
            1.0795789957046509,
            1.4872888326644897,
            0.8592574596405029
        ],
        "position": [
            -45.295616600456995,
            -9.796090115910628,
            -2.4561377507164237
        ],
        "yaw": 1.5653004944113544,
        "num_points": 2,
        "distance": 46.40785361795061,
        "speed": 2.4694081355451205,
        "brake": 0.0,
        "id": 3075,
        "ego_matrix": [
            [
                0.0162360742688179,
                0.9998671412467957,
                -0.0014459923841059208,
                6.671266555786133
            ],
            [
                -0.9998638033866882,
                0.016231674700975418,
                -0.0030033825896680355,
                -147.91455078125
            ],
            [
                -0.0029795123264193535,
                0.0014945584116503596,
                0.9999944567680359,
                0.002222518902271986
            ],
            [
                0.0,
                0.0,
                0.0,
                1.0
            ]
        ]
    },
    {
        "class": "Car",
        "extent": [
            1.6171096563339233,
            3.987684965133667,
            1.8508483171463013
        ],
        "position": [
            -16.083368940511107,
            3.4959278853513576,
            -2.470090331894127
        ],
        "yaw": 3.1411520294262503,
        "num_points": 27,
        "distance": 16.643245311653956,
        "speed": 4.053795729532807,
        "brake": 0.0,
        "id": 3080,
        "ego_matrix": [
            [
                0.9997722506523132,
                -0.021290481090545654,
                -0.0014755205484107137,
                -22.822914123535156
            ],
            [
                0.02129046991467476,
                0.9997733235359192,
                -2.3726495783193968e-05,
                -135.26048278808594
            ],
            [
                0.001475691213272512,
                -7.693432053201832e-06,
                0.999998927116394,
                0.03756731003522873
            ],
            [
                0.0,
                0.0,
                0.0,
                1.0
            ]
        ]
    },
    {
        "class": "Car",
        "extent": [
            1.4738311767578125,
            4.1928300857543945,
            1.8161858320236206
        ],
        "position": [
            39.403358201315086,
            -10.414669473401378,
            -2.6070859865298655
        ],
        "yaw": 1.5765905663785817,
        "num_points": 1,
        "distance": 40.83977075257039,
        "speed": 4.086167894408434,
        "brake": 0.0,
        "id": 3141,
        "ego_matrix": [
            [
                0.027523407712578773,
                0.9996211528778076,
                -3.90531713492237e-05,
                -77.99440002441406
            ],
            [
                -0.9996194839477539,
                0.027523433789610863,
                0.0018228014232590795,
                -150.3735809326172
            ],
            [
                0.0018231857102364302,
                -1.1131399332953151e-05,
                0.9999983310699463,
                -0.005896434653550386
            ],
            [
                0.0,
                0.0,
                0.0,
                1.0
            ]
        ]
    }
]