[
    {
        "class": "Car",
        "extent": [
            1.5107464790344238,
            4.901683330535889,
            2.128324270248413
        ],
        "position": [
            -1.3,
            0.0,
            -2.5
        ],
        "yaw": 0,
        "num_points": -1,
        "distance": -1,
        "speed": 3.7133907395896677,
        "brake": 0.0,
        "id": 2939,
        "ego_matrix": [
            [
                -0.999763011932373,
                0.021760819479823112,
                -0.0006209912244230509,
                -39.57868576049805
            ],
            [
                -0.02176080085337162,
                -0.9997631907463074,
                -3.824012674158439e-05,
                -139.12147521972656
            ],
            [
                -0.0006216763285920024,
                -2.4717797714401968e-05,
                0.9999998211860657,
                0.03372669219970703
            ],
            [
                0.0,
                0.0,
                0.0,
                1.0
            ]
        ]
    },
    {
        "class": "Car",
        "extent": [
            1.488319993019104,
            4.791779518127441,
            2.163450002670288
        ],
        "position": [
            22.202919821687065,
            3.50928187217613,
            -2.5177501456944253
        ],
        "yaw": 3.141199019655328,
        "num_points": 18,
        "distance": 22.61910196410973,
        "speed": 4.602269707641503,
        "brake": 0.0,
        "id": 2959,
        "ego_matrix": [
            [
                0.9997717142105103,
                -0.02136729098856449,
                -0.00013927058898843825,
                -63.15238952636719
            ],
            [
                0.02136729285120964,
                0.9997717142105103,
                5.688194505637512e-06,
                -136.1244659423828
            ],
            [
                0.00013911724090576172,
                -8.662730579089839e-06,
                1.0,
                0.0014520835829898715
            ],
            [
                0.0,
                0.0,
                0.0,
                1.0
            ]
        ]
    },
    {
        "class": "Car",
        "extent": [
            1.0239027738571167,
            1.6428436040878296,
            0.3725162446498871
        ],
        "position": [
            -40.27764884720153,
            14.158750593421153,
            -2.576118277473192
        ],
        "yaw": 4.714992220350243,
        "num_points": 0,
        "distance": 42.7714343973254,
        "speed": 2.339921479388435,
        "brake": 0.0,
        "id": 3033,
        "ego_matrix": [
            [
                -0.024362852796912193,
                -0.9997031688690186,
                -0.00016752086230553687,
                -0.9183328747749329
            ],
            [
                0.9996801018714905,
                -0.024363428354263306,
                0.006792692933231592,
                -124.11788940429688
            ],
            [
                -0.006794757675379515,
                -1.9778963178396225e-06,
                0.9999769330024719,
                -0.017810115590691566
            ],
            [
                0.0,
                0.0,
                0.0,
                1.0
            ]
        ]
    },
    {
        "class": "Car",
        "extent": [
            1.3787471055984497,
            2.2072951793670654,
            1.4809197187423706
        ],
        "position": [
            -36.77652031319032,
            14.466792776836302,
            -2.553093758186099
        ],
        "yaw": 4.715321253902921,
        "num_points": 4,
        "distance": 39.602005344837174,
        "speed": 3.6366878443189696,
        "brake": 0.0,
        "id": 3034,
        "ego_matrix": [
            [
                -0.024690760299563408,
                -0.9996951222419739,
                0.00027890477213077247,
                -4.425349235534668
            ],
            [
                0.9996313452720642,
                -0.024692334234714508,
                -0.011291752569377422,
                -123.8861083984375
            ],
            [
                0.01129519660025835,
                -0.0,
                0.9999362230300903,
                0.0030454443767666817
            ],
            [
                0.0,
                0.0,
                0.0,
                1.0
            ]
        ]
    },
    {
        "class": "Car",
        "extent": [
            1.8548461198806763,
            4.6045098304748535,
            1.9315931797027588
        ],
        "position": [
            43.97020766082345,
            16.733284438486226,
            -2.5762542236232515
        ],
        "yaw": 4.688329184148587,
        "num_points": 7,
        "distance": 47.117078174054456,
        "speed": 4.3319913276790825,
        "brake": 0.0,
        "id": 3040,
        "ego_matrix": [
            [
                0.0022970722056925297,
                -0.9999973773956299,
                1.4164536878524814e-05,
                -85.2022476196289
            ],
            [
                0.9999257922172546,
                0.00229707732796669,
                0.011964271776378155,
                -123.37726593017578
            ],
            [
                -0.01196427270770073,
                -1.3319308891368564e-05,
                0.9999284148216248,
                -0.07025732100009918
            ],
            [
                0.0,
                0.0,
                0.0,
                1.0
            ]
        ]
    },
    {
        "class": "Car",
        "extent": [
            1.4738311767578125,
            4.1928300857543945,
            1.8161858320236206
        ],
        "position": [
            -25.76433403916261,
            -0.007464994374863134,
            -2.5545111867901182
        ],
        "yaw": -0.00024341292363327938,
        "num_points": 0,
        "distance": 25.890664178640336,
        "speed": 4.4885492979401205,
        "brake": 0.0,
        "id": 3042,
        "ego_matrix": [
            [
                -0.9997684359550476,
                0.0215174350887537,
                0.0004169823369011283,
                -15.119953155517578
            ],
            [
                -0.02151743322610855,
                -0.9997684955596924,
                1.0572734026936814e-05,
                -138.59657287597656
            ],
            [
                0.00041711327503435314,
                1.5978961300788797e-06,
                0.9999999403953552,
                -0.005575770977884531
            ],
            [
                0.0,
                0.0,
                0.0,
                1.0
            ]
        ]
    },
    {
        "class": "Car",
        "extent": [
            1.1454535722732544,
            2.0333523750305176,
            0.8025798797607422
        ],
        "position": [
            33.83726569996935,
            -12.764347664390499,
            -2.5102362914661436
        ],
        "yaw": 1.5772184066055681,
        "num_points": 0,
        "distance": 36.25176419964617,
        "speed": 4.63076254608182,
        "brake": 0.0,
        "id": 3064,
        "ego_matrix": [
            [
                0.02818087488412857,
                0.9996028542518616,
                0.00020800020138267428,
                -74.42985534667969
            ],
            [
                -0.9996027946472168,
                0.028180938214063644,
                -0.00030372629407793283,
                -152.6474151611328
            ],
            [
                -0.00030946728656999767,
                -0.00019935829914174974,
                0.9999999403953552,
                0.001330890809185803
            ],
            [
                0.0,
                0.0,
                0.0,
                1.0
            ]
        ]
    },
    {
        "class": "Car",
        "extent": [
            1.0795789957046509,
            1.4872888326644897,
            0.8592574596405029
        ],
        "position": [
            -47.342597587142784,
            -11.124646826899536,
            -2.559791479590401
        ],
        "yaw": 1.5627626350505637,
        "num_points": 1,
        "distance": 48.69940293001925,
        "speed": 2.740947251411894,
        "brake": 0.0,
        "id": 3075,
        "ego_matrix": [
            [
                0.013728485442698002,
                0.9998977184295654,
                0.004020516760647297,
                6.6951189041137695
            ],
            [
                -0.9999046325683594,
                0.013734390959143639,
                -0.001444819150492549,
                -149.24156188964844
            ],
            [
                -0.0014998905826359987,
                -0.004000298213213682,
                0.9999908804893494,
                0.0022838402073830366
            ],
            [
                0.0,
                0.0,
                0.0,
                1.0
            ]
        ]
    },
    {
        "class": "Car",
        "extent": [
            1.6171096563339233,
            3.987684965133667,
            1.8508483171463013
        ],
        "position": [
            -20.349940180293363,
            3.4944120116581185,
            -2.5074773490670097
        ],
        "yaw": 3.1410920708510206,
        "num_points": 17,
        "distance": 20.79948132297589,
        "speed": 4.568899386245022,
        "brake": 0.0,
        "id": 3080,
        "ego_matrix": [
            [
                0.9997739791870117,
                -0.021260369569063187,
                -0.00020513872732408345,
                -20.609296798706055
            ],
            [
                0.021260369569063187,
                0.9997739791870117,
                -3.142048171866918e-06,
                -135.21334838867188
            ],
            [
                0.0002051591727649793,
                -1.219987211698026e-06,
                1.0,
                0.038178615272045135
            ],
            [
                0.0,
                0.0,
                0.0,
                1.0
            ]
        ]
    },
    {
        "class": "Car",
        "extent": [
            1.4738311767578125,
            4.1928300857543945,
            1.8161858320236206
        ],
        "position": [
            37.33771191424313,
            -12.58602129269495,
            -2.5149376103603007
        ],
        "yaw": 1.5771487649430627,
        "num_points": 3,
        "distance": 39.48211714378028,
        "speed": 4.488337776945536,
        "brake": 0.0,
        "id": 3141,
        "ego_matrix": [
            [
                0.028111284598708153,
                0.9996048212051392,
                -3.595561065594666e-05,
                -77.933349609375
            ],
            [
                -0.9996047616004944,
                0.028111295774579048,
                0.0004069650312885642,
                -152.54530334472656
            ],
            [
                0.0004078149504493922,
                2.4501088773831725e-05,
                0.9999999403953552,
                -0.005542163737118244
            ],
            [
                0.0,
                0.0,
                0.0,
                1.0
            ]
        ]
    }
]