[
    {
        "class": "Car",
        "extent": [
            1.5107464790344238,
            4.901683330535889,
            2.128324270248413
        ],
        "position": [
            -1.3,
            0.0,
            -2.5
        ],
        "yaw": 0,
        "num_points": -1,
        "distance": -1,
        "speed": 4.1259252462325025,
        "brake": 0.0,
        "id": 2939,
        "ego_matrix": [
            [
                -0.9997681379318237,
                0.021531254053115845,
                0.00041134923230856657,
                -41.53486633300781
            ],
            [
                -0.021531259641051292,
                -0.9997681975364685,
                -1.022870492306538e-05,
                -139.1634979248047
            ],
            [
                0.00041103363037109375,
                -1.9083199731539935e-05,
                0.9999999403953552,
                0.03321292623877525
            ],
            [
                0.0,
                0.0,
                0.0,
                1.0
            ]
        ]
    },
    {
        "class": "Car",
        "extent": [
            1.488319993019104,
            4.791779518127441,
            2.163450002670288
        ],
        "position": [
            17.901687360906077,
            3.503390182870193,
            -2.5398544427203222
        ],
        "yaw": 3.141428380243022,
        "num_points": 25,
        "distance": 18.41724772411073,
        "speed": 4.748324585620327,
        "brake": 0.0,
        "id": 2959,
        "ego_matrix": [
            [
                0.9997717142105103,
                -0.021367089822888374,
                -7.602678670082241e-05,
                -60.80754852294922
            ],
            [
                0.021367089822888374,
                0.9997717142105103,
                -2.1575956452579703e-06,
                -136.07435607910156
            ],
            [
                7.605552673339844e-05,
                5.326321002030454e-07,
                1.0,
                0.0013178825611248612
            ],
            [
                0.0,
                0.0,
                0.0,
                1.0
            ]
        ]
    },
    {
        "class": "Car",
        "extent": [
            1.0239027738571167,
            1.6428436040878296,
            0.3725162446498871
        ],
        "position": [
            -42.22732524293391,
            15.40157420623778,
            -2.5344571625747987
        ],
        "yaw": 4.715364263954526,
        "num_points": 0,
        "distance": 45.0197618642269,
        "speed": 2.531579872738662,
        "brake": 0.0,
        "id": 3033,
        "ego_matrix": [
            [
                -0.0245053768157959,
                -0.9996997117996216,
                -0.0001336158748017624,
                -0.9486637711524963
            ],
            [
                0.9996813535690308,
                -0.0245057363063097,
                0.006059346720576286,
                -122.88427734375
            ],
            [
                -0.006060800980776548,
                1.4913267477822956e-05,
                0.9999816417694092,
                -0.017772827297449112
            ],
            [
                0.0,
                0.0,
                0.0,
                1.0
            ]
        ]
    },
    {
        "class": "Car",
        "extent": [
            1.3787471055984497,
            2.2072951793670654,
            1.4809197187423706
        ],
        "position": [
            -38.72330245283708,
            16.549781137271662,
            -2.515333195618626
        ],
        "yaw": 4.715552815759704,
        "num_points": 6,
        "distance": 42.18668403217385,
        "speed": 4.529226639165435,
        "brake": 0.0,
        "id": 3034,
        "ego_matrix": [
            [
                -0.024693172425031662,
                -0.9996950626373291,
                0.000241775531321764,
                -4.476588249206543
            ],
            [
                0.9996469616889954,
                -0.024694357067346573,
                -0.009805044159293175,
                -121.81178283691406
            ],
            [
                0.009808024391531944,
                -4.274770333267952e-07,
                0.9999518990516663,
                0.002813320141285658
            ],
            [
                0.0,
                0.0,
                0.0,
                1.0
            ]
        ]
    },
    {
        "class": "Car",
        "extent": [
            1.8548461198806763,
            4.6045098304748535,
            1.9315931797027588
        ],
        "position": [
            41.964668669093,
            18.936854817006406,
            -2.6517807309545094
        ],
        "yaw": 4.688556218631516,
        "num_points": 3,
        "distance": 46.115830556460715,
        "speed": 4.479992854096613,
        "brake": 0.0,
        "id": 3040,
        "ego_matrix": [
            [
                0.0022995679173618555,
                -0.9999973773956299,
                1.947507553268224e-05,
                -85.19729614257812
            ],
            [
                0.999922513961792,
                0.002299634041264653,
                0.012236873619258404,
                -121.1625747680664
            ],
            [
                -0.012236885726451874,
                -8.665955647302326e-06,
                0.9999251365661621,
                -0.1004231795668602
            ],
            [
                0.0,
                0.0,
                0.0,
                1.0
            ]
        ]
    },
    {
        "class": "Car",
        "extent": [
            1.4738311767578125,
            4.1928300857543945,
            1.8161858320236206
        ],
        "position": [
            -25.449908772129767,
            -0.0019275252749879944,
            -2.5288386649637444
        ],
        "yaw": -9.321063815459496e-06,
        "num_points": 0,
        "distance": 25.57523969034302,
        "speed": 4.559774019702331,
        "brake": 0.0,
        "id": 3042,
        "ego_matrix": [
            [
                -0.9997683763504028,
                0.02152196504175663,
                9.0186127636116e-05,
                -17.39052963256836
            ],
            [
                -0.02152196504175663,
                -0.9997683763504028,
                3.5396988096181303e-06,
                -138.64544677734375
            ],
            [
                9.024142491398379e-05,
                1.597896357452555e-06,
                1.0,
                -0.005552196409553289
            ],
            [
                0.0,
                0.0,
                0.0,
                1.0
            ]
        ]
    },
    {
        "class": "Car",
        "extent": [
            1.1454535722732544,
            2.0333523750305176,
            0.8025798797607422
        ],
        "position": [
            31.859263815407626,
            -15.098210289830051,
            -2.545237413616689
        ],
        "yaw": 1.5792722364382372,
        "num_points": 0,
        "distance": 35.34751587180273,
        "speed": 4.65712165690241,
        "brake": 0.0,
        "id": 3064,
        "ego_matrix": [
            [
                0.030004365369677544,
                0.9995496273040771,
                0.0004308429197408259,
                -74.36137390136719
            ],
            [
                -0.9995497465133667,
                0.030004460364580154,
                -0.00022153799363877624,
                -154.97216796875
            ],
            [
                -0.00023436546325683594,
                -0.00042400186066515744,
                0.9999998807907104,
                0.001316967187449336
            ],
            [
                0.0,
                0.0,
                0.0,
                1.0
            ]
        ]
    },
    {
        "class": "Car",
        "extent": [
            1.0795789957046509,
            1.4872888326644897,
            0.8592574596405029
        ],
        "position": [
            -49.28928723156456,
            -12.573950595519996,
            -2.5110330676970456
        ],
        "yaw": 1.5712408083808307,
        "num_points": 0,
        "distance": 50.92978849790483,
        "speed": 3.032390578903109,
        "brake": 0.0,
        "id": 3075,
        "ego_matrix": [
            [
                0.021975649520754814,
                0.9997578859329224,
                0.0011199049185961485,
                6.714017868041992
            ],
            [
                -0.9997547268867493,
                0.021978620439767838,
                -0.002713204128667712,
                -150.70126342773438
            ],
            [
                -0.0027371610049158335,
                -0.0010600058594718575,
                0.9999957084655762,
                0.0022146988194435835
            ],
            [
                0.0,
                0.0,
                0.0,
                1.0
            ]
        ]
    },
    {
        "class": "Car",
        "extent": [
            1.6171096563339233,
            3.987684965133667,
            1.8508483171463013
        ],
        "position": [
            -24.60042434037426,
            3.4980861084527666,
            -2.4854363368080907
        ],
        "yaw": 3.1413188348566514,
        "num_points": 14,
        "distance": 24.97188174593486,
        "speed": 4.591062781732922,
        "brake": 0.0,
        "id": 3080,
        "ego_matrix": [
            [
                0.9997740387916565,
                -0.021257568150758743,
                -2.337107616767753e-05,
                -18.31515884399414
            ],
            [
                0.021257568150758743,
                0.9997740387916565,
                3.636102974269306e-08,
                -135.16453552246094
            ],
            [
                2.3365020751953125e-05,
                -5.331650072548655e-07,
                1.0,
                0.03826608508825302
            ],
            [
                0.0,
                0.0,
                0.0,
                1.0
            ]
        ]
    },
    {
        "class": "Car",
        "extent": [
            1.4738311767578125,
            4.1928300857543945,
            1.8161858320236206
        ],
        "position": [
            35.35984828181979,
            -14.86598522848712,
            -2.5535491425410313
        ],
        "yaw": 1.5788627754206375,
        "num_points": 0,
        "distance": 38.442645597698956,
        "speed": 4.559711311524261,
        "brake": 0.0,
        "id": 3141,
        "ego_matrix": [
            [
                0.029595181345939636,
                0.9995619654655457,
                -5.4496864322572947e-05,
                -77.86614990234375
            ],
            [
                -0.9995619654655457,
                0.029595186933875084,
                9.486902126809582e-05,
                -154.81536865234375
            ],
            [
                9.644030797062442e-05,
                5.1665327191585675e-05,
                1.0,
                -0.005551471374928951
            ],
            [
                0.0,
                0.0,
                0.0,
                1.0
            ]
        ]
    }
]