[
    {
        "class": "Car",
        "extent": [
            1.5107464790344238,
            4.901683330535889,
            2.128324270248413
        ],
        "position": [
            -1.3,
            0.0,
            -2.5
        ],
        "yaw": 0,
        "num_points": -1,
        "distance": -1,
        "speed": 3.8149635496985317,
        "brake": 0.0,
        "id": 2939,
        "ego_matrix": [
            [
                -0.9997730255126953,
                0.02130386233329773,
                -4.5181408495409414e-05,
                -43.45039367675781
            ],
            [
                -0.02130386233329773,
                -0.9997730255126953,
                -4.3000403593396186e-07,
                -139.20413208007812
            ],
            [
                -4.518031710176729e-05,
                5.326321570464643e-07,
                1.0,
                0.033439863473176956
            ],
            [
                0.0,
                0.0,
                0.0,
                1.0
            ]
        ]
    },
    {
        "class": "Car",
        "extent": [
            1.488319993019104,
            4.791779518127441,
            2.163450002670288
        ],
        "position": [
            13.597502203351514,
            3.4990002787354406,
            -2.5314392615397203
        ],
        "yaw": 3.1416553210991944,
        "num_points": 37,
        "distance": 14.266858583991247,
        "speed": 4.797647362379651,
        "brake": 0.0,
        "id": 2959,
        "ego_matrix": [
            [
                0.9997717142105103,
                -0.021366596221923828,
                -3.8722791941836476e-05,
                -58.4190559387207
            ],
            [
                0.021366596221923828,
                0.9997717142105103,
                -1.3603169009002158e-06,
                -136.02330017089844
            ],
            [
                3.87430154660251e-05,
                5.326321002030454e-07,
                1.0,
                0.0013256644597277045
            ],
            [
                0.0,
                0.0,
                0.0,
                1.0
            ]
        ]
    },
    {
        "class": "Car",
        "extent": [
            1.300939917564392,
            4.717525005340576,
            1.894826889038086
        ],
        "position": [
            43.47973105439411,
            21.990931156021077,
            -2.6869960739302465
        ],
        "yaw": 4.688528788072288,
        "num_points": 0,
        "distance": 48.79864766130941,
        "speed": 4.840116289003337,
        "brake": 0.0,
        "id": 3029,
        "ego_matrix": [
            [
                0.00255439430475235,
                -0.9999967217445374,
                3.8944490370340645e-05,
                -88.68844604492188
            ],
            [
                0.9999128580093384,
                0.0025546844117343426,
                0.012951072305440903,
                -118.17217254638672
            ],
            [
                -0.012951130047440529,
                5.8589498621586245e-06,
                0.999916136264801,
                -0.15559108555316925
            ],
            [
                0.0,
                0.0,
                0.0,
                1.0
            ]
        ]
    },
    {
        "class": "Car",
        "extent": [
            1.0239027738571167,
            1.6428436040878296,
            0.3725162446498871
        ],
        "position": [
            -44.13576011010336,
            16.658802017092338,
            -2.553109223927371
        ],
        "yaw": 4.7155903663310745,
        "num_points": 0,
        "distance": 47.24404059614899,
        "speed": 2.526340435861086,
        "brake": 0.0,
        "id": 3033,
        "ego_matrix": [
            [
                -0.024504149332642555,
                -0.9996997117996216,
                -0.00013462785864248872,
                -0.9792488813400269
            ],
            [
                0.9996846318244934,
                -0.024504518136382103,
                0.005486955400556326,
                -121.63654327392578
            ],
            [
                -0.005488606635481119,
                -1.3224779138454323e-07,
                0.9999849200248718,
                -0.017742900177836418
            ],
            [
                0.0,
                0.0,
                0.0,
                1.0
            ]
        ]
    },
    {
        "class": "Car",
        "extent": [
            1.3787471055984497,
            2.2072951793670654,
            1.4809197187423706
        ],
        "position": [
            -40.62737309183136,
            18.94600021124913,
            -2.532731486487091
        ],
        "yaw": 4.715783844984268,
        "num_points": 2,
        "distance": 44.899321789200314,
        "speed": 4.9597907633703295,
        "brake": 0.0,
        "id": 3034,
        "ego_matrix": [
            [
                -0.02469721995294094,
                -0.9996949434280396,
                0.00018750621529761702,
                -4.535566806793213
            ],
            [
                0.9996659755706787,
                -0.024697931483387947,
                -0.00760567095130682,
                -119.42460632324219
            ],
            [
                0.007607982028275728,
                -3.953464045025612e-07,
                0.9999710321426392,
                0.002475108951330185
            ],
            [
                0.0,
                0.0,
                0.0,
                1.0
            ]
        ]
    },
    {
        "class": "Car",
        "extent": [
            1.5248334407806396,
            4.513522624969482,
            2.006814479827881
        ],
        "position": [
            29.1220592053718,
            36.644666133820266,
            -2.94180854853036
        ],
        "yaw": 1.5467955195769392,
        "num_points": 3,
        "distance": 46.89968151231457,
        "speed": 4.724103213151601,
        "brake": 0.0,
        "id": 3037,
        "ego_matrix": [
            [
                -0.002694532973691821,
                0.9999963641166687,
                5.5480024457210675e-05,
                -74.64620208740234
            ],
            [
                -0.9997327923774719,
                -0.002695096656680107,
                0.02295643277466297,
                -103.21588897705078
            ],
            [
                0.022956499829888344,
                6.391665920091327e-06,
                0.9997364282608032,
                -0.4097626805305481
            ],
            [
                0.0,
                0.0,
                0.0,
                1.0
            ]
        ]
    },
    {
        "class": "Car",
        "extent": [
            1.8548461198806763,
            4.6045098304748535,
            1.9315931797027588
        ],
        "position": [
            39.99962302274103,
            21.18768152646829,
            -2.661432854659848
        ],
        "yaw": 4.688778592582538,
        "num_points": 4,
        "distance": 45.342815475754286,
        "speed": 4.7272056665917015,
        "brake": 0.0,
        "id": 3040,
        "ego_matrix": [
            [
                0.0023047190625220537,
                -0.9999973177909851,
                3.240196019760333e-05,
                -85.1920166015625
            ],
            [
                0.999933660030365,
                0.0023049379233270884,
                0.011285139247775078,
                -118.9011001586914
            ],
            [
                -0.011285184882581234,
                6.390735052264063e-06,
                0.9999363422393799,
                -0.12987020611763
            ],
            [
                0.0,
                0.0,
                0.0,
                1.0
            ]
        ]
    },
    {
        "class": "Car",
        "extent": [
            1.4738311767578125,
            4.1928300857543945,
            1.8161858320236206
        ],
        "position": [
            -25.075883160150795,
            0.00289715009633472,
            -2.540098417974473
        ],
        "yaw": 0.00022849922152889945,
        "num_points": 15,
        "distance": 25.204206486775362,
        "speed": 4.859938532633817,
        "brake": 0.0,
        "id": 3042,
        "ego_matrix": [
            [
                -0.9997680187225342,
                0.0215324554592371,
                0.0005399661022238433,
                -19.67996597290039
            ],
            [
                -0.0215324517339468,
                -0.9997681379318237,
                1.376051386614563e-05,
                -138.69471740722656
            ],
            [
                0.0005401372327469289,
                2.1305277186911553e-06,
                0.9999998807907104,
                -0.005584354046732187
            ],
            [
                0.0,
                0.0,
                0.0,
                1.0
            ]
        ]
    },
    {
        "class": "Car",
        "extent": [
            1.5248334407806396,
            4.513522624969482,
            2.006814479827881
        ],
        "position": [
            32.62104604480457,
            36.72877916080803,
            -2.941650388595116
        ],
        "yaw": 1.5467929895739034,
        "num_points": 0,
        "distance": 49.21167717838306,
        "speed": 4.724102295209394,
        "brake": 0.0,
        "id": 3049,
        "ego_matrix": [
            [
                -0.0026970356702804565,
                0.9999963641166687,
                5.660352326231077e-05,
                -78.14618682861328
            ],
            [
                -0.9997327923774719,
                -0.002697624498978257,
                0.022956548258662224,
                -103.20633697509766
            ],
            [
                0.022956617176532745,
                5.32623289473122e-06,
                0.9997364282608032,
                -0.4097626507282257
            ],
            [
                0.0,
                0.0,
                0.0,
                1.0
            ]
        ]
    },
    {
        "class": "Car",
        "extent": [
            1.1454535722732544,
            2.0333523750305176,
            0.8025798797607422
        ],
        "position": [
            29.914096523869258,
            -17.43535031356978,
            -2.530724991148826
        ],
        "yaw": 1.5828043869920094,
        "num_points": 0,
        "distance": 34.71669886923424,
        "speed": 4.660745284935989,
        "brake": 0.0,
        "id": 3064,
        "ego_matrix": [
            [
                0.03330742567777634,
                0.9994449019432068,
                0.0007009883411228657,
                -74.28596496582031
            ],
            [
                -0.9994451403617859,
                0.03330755978822708,
                -0.00018286614795215428,
                -157.30050659179688
            ],
            [
                -0.00020611284708138555,
                -0.0006945086061023176,
                0.9999997615814209,
                0.0013138962676748633
            ],
            [
                0.0,
                0.0,
                0.0,
                1.0
            ]
        ]
    },
    {
        "class": "Car",
        "extent": [
            1.6171096563339233,
            3.987684965133667,
            1.8508483171463013
        ],
        "position": [
            -28.816548869404627,
            3.5031024078270927,
            -2.4965221986322383
        ],
        "yaw": 3.1415343199589474,
        "num_points": 1,
        "distance": 29.135851425876893,
        "speed": 4.81825272553184,
        "brake": 0.0,
        "id": 3080,
        "ego_matrix": [
            [
                0.9997742176055908,
                -0.021245623007416725,
                -0.0002493519859854132,
                -16.014719009399414
            ],
            [
                0.021245621144771576,
                0.9997742772102356,
                -4.2428878259670455e-06,
                -135.11561584472656
            ],
            [
                0.0002493858337402344,
                -1.055707571140374e-06,
                0.9999999403953552,
                0.03815900534391403
            ],
            [
                0.0,
                0.0,
                0.0,
                1.0
            ]
        ]
    },
    {
        "class": "Car",
        "extent": [
            1.4738311767578125,
            4.1928300857543945,
            1.8161858320236206
        ],
        "position": [
            33.41502192015177,
            -17.164294436700793,
            -2.5374651151091503
        ],
        "yaw": 1.5818941185314204,
        "num_points": 0,
        "distance": 37.65123401223892,
        "speed": 4.859872902191942,
        "brake": 0.0,
        "id": 3141,
        "ego_matrix": [
            [
                0.03239762783050537,
                0.9994750618934631,
                -0.00010875932639464736,
                -77.7918701171875
            ],
            [
                -0.9994748830795288,
                0.03239768370985985,
                0.0005439326050691307,
                -157.10409545898438
            ],
            [
                0.0005471706390380859,
                9.108008816838264e-05,
                0.9999998211860657,
                -0.0055845449678599834
            ],
            [
                0.0,
                0.0,
                0.0,
                1.0
            ]
        ]
    }
]