[
    {
        "class": "Car",
        "extent": [
            1.5107464790344238,
            4.901683330535889,
            2.128324270248413
        ],
        "position": [
            -1.3,
            0.0,
            -2.5
        ],
        "yaw": 0,
        "num_points": -1,
        "distance": -1,
        "speed": 3.7981187968801113,
        "brake": 0.0,
        "id": 2939,
        "ego_matrix": [
            [
                -0.9997784495353699,
                0.021047383546829224,
                -0.0003113949787802994,
                -45.45361328125
            ],
            [
                -0.021047379821538925,
                -0.9997785091400146,
                -1.3639029930345714e-05,
                -139.2463836669922
            ],
            [
                -0.00031161305378191173,
                -7.081959211063804e-06,
                0.9999999403953552,
                0.03357250243425369
            ],
            [
                0.0,
                0.0,
                0.0,
                1.0
            ]
        ]
    },
    {
        "class": "Car",
        "extent": [
            1.488319993019104,
            4.791779518127441,
            2.163450002670288
        ],
        "position": [
            9.190683498808365,
            3.4960048623760462,
            -2.528998214811871
        ],
        "yaw": 3.14191211432671,
        "num_points": 115,
        "distance": 10.153154443006713,
        "speed": 4.815271263617576,
        "brake": 0.0,
        "id": 2959,
        "ego_matrix": [
            [
                0.9997717142105103,
                -0.02136666141450405,
                -3.66966996807605e-05,
                -56.01554489135742
            ],
            [
                0.02136666141450405,
                0.9997717142105103,
                -1.3170187003197498e-06,
                -135.97195434570312
            ],
            [
                3.6716461181640625e-05,
                5.326321002030454e-07,
                1.0,
                0.0013300132704898715
            ],
            [
                0.0,
                0.0,
                0.0,
                1.0
            ]
        ]
    },
    {
        "class": "Car",
        "extent": [
            1.300939917564392,
            4.717525005340576,
            1.894826889038086
        ],
        "position": [
            41.42400585617804,
            24.43111218240926,
            -2.712631745208653
        ],
        "yaw": 4.688785916275535,
        "num_points": 2,
        "distance": 48.16830778247511,
        "speed": 4.914738136624003,
        "brake": 0.0,
        "id": 3029,
        "ego_matrix": [
            [
                0.0025538988411426544,
                -0.9999967217445374,
                4.8795722250360996e-05,
                -88.68229675292969
            ],
            [
                0.9998589158058167,
                0.0025543570518493652,
                0.0166013240814209,
                -115.71990966796875
            ],
            [
                -0.01660139486193657,
                6.390735052264063e-06,
                0.9998621940612793,
                -0.19219957292079926
            ],
            [
                0.0,
                0.0,
                0.0,
                1.0
            ]
        ]
    },
    {
        "class": "Car",
        "extent": [
            1.0239027738571167,
            1.6428436040878296,
            0.3725162446498871
        ],
        "position": [
            -46.130507694884976,
            18.00806356972078,
            -2.5654819083442995
        ],
        "yaw": 4.715846562427939,
        "num_points": 0,
        "distance": 49.58725432145834,
        "speed": 2.8157638228677198,
        "brake": 0.0,
        "id": 3033,
        "ego_matrix": [
            [
                -0.024503350257873535,
                -0.9996997117996216,
                -0.00016822486941237003,
                -1.012041687965393
            ],
            [
                0.9996763467788696,
                -0.024503927677869797,
                0.006832621525973082,
                -120.29874420166016
            ],
            [
                -0.006834691856056452,
                -7.483176318601181e-07,
                0.999976634979248,
                -0.017812099307775497
            ],
            [
                0.0,
                0.0,
                0.0,
                1.0
            ]
        ]
    },
    {
        "class": "Car",
        "extent": [
            1.3787471055984497,
            2.2072951793670654,
            1.4809197187423706
        ],
        "position": [
            -42.616890636931686,
            21.494692144226807,
            -2.5436591093923586
        ],
        "yaw": 4.716043236874441,
        "num_points": 1,
        "distance": 47.79844515881324,
        "speed": 5.287733300048302,
        "brake": 0.0,
        "id": 3034,
        "ego_matrix": [
            [
                -0.0246999841183424,
                -0.9996948838233948,
                0.00016812182730063796,
                -4.598271369934082
            ],
            [
                0.9996716380119324,
                -0.024700555950403214,
                -0.0068147373385727406,
                -116.8868408203125
            ],
            [
                0.006816810928285122,
                -2.572778328158165e-07,
                0.9999767541885376,
                0.002940502017736435
            ],
            [
                0.0,
                0.0,
                0.0,
                1.0
            ]
        ]
    },
    {
        "class": "Car",
        "extent": [
            1.5248334407806396,
            4.513522624969482,
            2.006814479827881
        ],
        "position": [
            27.183937071320447,
            34.27391715287087,
            -2.880694158476733
        ],
        "yaw": 1.5470522483060223,
        "num_points": 3,
        "distance": 43.84023529286822,
        "speed": 4.731767047099775,
        "brake": 0.0,
        "id": 3037,
        "ego_matrix": [
            [
                -0.002694532973691821,
                0.9999963641166687,
                5.5480024457210675e-05,
                -74.65249633789062
            ],
            [
                -0.9997327923774719,
                -0.002695096656680107,
                0.02295643277466297,
                -105.5795669555664
            ],
            [
                0.022956499829888344,
                6.391665920091327e-06,
                0.9997364282608032,
                -0.35575488209724426
            ],
            [
                0.0,
                0.0,
                0.0,
                1.0
            ]
        ]
    },
    {
        "class": "Car",
        "extent": [
            1.8548461198806763,
            4.6045098304748535,
            1.9315931797027588
        ],
        "position": [
            37.94467335660955,
            23.609675752955685,
            -2.684924530983761
        ],
        "yaw": 4.689030128147495,
        "num_points": 6,
        "distance": 44.770792320848834,
        "speed": 4.890308593837881,
        "brake": 0.0,
        "id": 3040,
        "ego_matrix": [
            [
                0.0023097486700862646,
                -0.9999973177909851,
                3.83027181669604e-05,
                -85.18645477294922
            ],
            [
                0.9998921155929565,
                0.0023100613616406918,
                0.014506137929856777,
                -116.46793365478516
            ],
            [
                -0.014506188221275806,
                4.79305163025856e-06,
                0.9998947978019714,
                -0.16341397166252136
            ],
            [
                0.0,
                0.0,
                0.0,
                1.0
            ]
        ]
    },
    {
        "class": "Car",
        "extent": [
            1.4738311767578125,
            4.1928300857543945,
            1.8161858320236206
        ],
        "position": [
            -24.608453388421566,
            0.0078933779692714,
            -2.5463839312101824
        ],
        "yaw": 0.0004892226922472709,
        "num_points": 11,
        "distance": 24.73984865759405,
        "speed": 4.905871128580097,
        "brake": 0.0,
        "id": 3042,
        "ego_matrix": [
            [
                -0.999768078327179,
                0.021536504849791527,
                3.355186709086411e-05,
                -22.150476455688477
            ],
            [
                -0.021536504849791527,
                -0.999768078327179,
                3.3865360364870867e-06,
                -138.74790954589844
            ],
            [
                3.361701965332031e-05,
                2.663160557858646e-06,
                1.0,
                -0.005548152606934309
            ],
            [
                0.0,
                0.0,
                0.0,
                1.0
            ]
        ]
    },
    {
        "class": "Car",
        "extent": [
            1.5248334407806396,
            4.513522624969482,
            2.006814479827881
        ],
        "position": [
            30.682952972376842,
            34.35713272097798,
            -2.879604408706798
        ],
        "yaw": 1.5470497183029865,
        "num_points": 1,
        "distance": 46.15352958834923,
        "speed": 4.731765085538663,
        "brake": 0.0,
        "id": 3049,
        "ego_matrix": [
            [
                -0.0026970356702804565,
                0.9999963641166687,
                5.660352326231077e-05,
                -78.1524887084961
            ],
            [
                -0.9997327923774719,
                -0.002697624498978257,
                0.022956548258662224,
                -105.57001495361328
            ],
            [
                0.022956617176532745,
                5.32623289473122e-06,
                0.9997364282608032,
                -0.35575488209724426
            ],
            [
                0.0,
                0.0,
                0.0,
                1.0
            ]
        ]
    },
    {
        "class": "Car",
        "extent": [
            1.1454535722732544,
            2.0333523750305176,
            0.8025798797607422
        ],
        "position": [
            27.869115090656766,
            -19.77405379524135,
            -2.523029319590799
        ],
        "yaw": 1.587926045242395,
        "num_points": 0,
        "distance": 34.264653163002926,
        "speed": 4.6634050728497805,
        "brake": 0.0,
        "id": 3064,
        "ego_matrix": [
            [
                0.038169246166944504,
                0.9992708563804626,
                0.0009514943812973797,
                -74.20006561279297
            ],
            [
                -0.9992712736129761,
                0.03816942498087883,
                -0.00016836790018714964,
                -159.62998962402344
            ],
            [
                -0.0002045631263172254,
                -0.0009443745366297662,
                0.9999995827674866,
                0.0013136673951521516
            ],
            [
                0.0,
                0.0,
                0.0,
                1.0
            ]
        ]
    },
    {
        "class": "Car",
        "extent": [
            1.6171096563339233,
            3.987684965133667,
            1.8508483171463013
        ],
        "position": [
            -33.31369520364486,
            3.5107196796270235,
            -2.5054719615758647
        ],
        "yaw": 3.141778490219015,
        "num_points": 0,
        "distance": 33.591737533812,
        "speed": 4.986053001713508,
        "brake": 0.0,
        "id": 3080,
        "ego_matrix": [
            [
                0.9997745156288147,
                -0.02123306691646576,
                -3.385956370038912e-05,
                -13.520901679992676
            ],
            [
                0.02123306691646576,
                0.9997745156288147,
                -1.650220724513929e-07,
                -135.06263732910156
            ],
            [
                3.385543459444307e-05,
                -5.53957534066285e-07,
                1.0,
                0.03810128942131996
            ],
            [
                0.0,
                0.0,
                0.0,
                1.0
            ]
        ]
    },
    {
        "class": "Car",
        "extent": [
            1.4738311767578125,
            4.1928300857543945,
            1.8161858320236206
        ],
        "position": [
            31.368220434514352,
            -19.64387473945646,
            -2.528801656618358
        ],
        "yaw": 1.5865603762354024,
        "num_points": 0,
        "distance": 37.097734510698295,
        "speed": 4.905825003804882,
        "brake": 0.0,
        "id": 3141,
        "ego_matrix": [
            [
                0.03680454194545746,
                0.9993224740028381,
                -0.0001334950065938756,
                -77.70113372802734
            ],
            [
                -0.9993224740028381,
                0.03680454567074776,
                3.5642086004372686e-05,
                -159.573486328125
            ],
            [
                4.0531158447265625e-05,
                0.00013209276949055493,
                1.0,
                -0.00554811442270875
            ],
            [
                0.0,
                0.0,
                0.0,
                1.0
            ]
        ]
    }
]