[
    {
        "class": "Car",
        "extent": [
            1.5107464790344238,
            4.901683330535889,
            2.128324270248413
        ],
        "position": [
            -1.3,
            0.0,
            -2.5
        ],
        "yaw": 0,
        "num_points": -1,
        "distance": -1,
        "speed": 4.160497802570942,
        "brake": 0.0,
        "id": 2939,
        "ego_matrix": [
            [
                -0.9997760653495789,
                0.021153448149561882,
                0.0005522606079466641,
                -47.37948989868164
            ],
            [
                -0.02115345001220703,
                -0.9997762441635132,
                1.906427314679604e-06,
                -139.28712463378906
            ],
            [
                0.0005521773709915578,
                -9.776216757018119e-06,
                0.9999998211860657,
                0.03314254805445671
            ],
            [
                0.0,
                0.0,
                0.0,
                1.0
            ]
        ]
    },
    {
        "class": "Car",
        "extent": [
            1.488319993019104,
            4.791779518127441,
            2.163450002670288
        ],
        "position": [
            4.854226308272576,
            3.497695580339503,
            -2.535243508474693
        ],
        "yaw": 3.141805854199216,
        "num_points": 464,
        "distance": 6.498064871322474,
        "speed": 4.822532643474105,
        "brake": 0.0,
        "id": 2959,
        "ego_matrix": [
            [
                0.9997717142105103,
                -0.02136666141450405,
                -3.66966996807605e-05,
                -53.606346130371094
            ],
            [
                0.02136666141450405,
                0.9997717142105103,
                -1.3170187003197498e-06,
                -135.92039489746094
            ],
            [
                3.6716461181640625e-05,
                5.326321002030454e-07,
                1.0,
                0.0013314628740772605
            ],
            [
                0.0,
                0.0,
                0.0,
                1.0
            ]
        ]
    },
    {
        "class": "Car",
        "extent": [
            1.300939917564392,
            4.717525005340576,
            1.894826889038086
        ],
        "position": [
            39.43648102043894,
            26.89469037706659,
            -2.790247171536451
        ],
        "yaw": 4.6886793898319326,
        "num_points": 0,
        "distance": 47.815749340902165,
        "speed": 4.927183409167213,
        "brake": 0.0,
        "id": 3029,
        "ego_matrix": [
            [
                0.0025540683418512344,
                -0.9999967217445374,
                5.32953672518488e-05,
                -88.6759262084961
            ],
            [
                0.9998319149017334,
                0.0025546150282025337,
                0.018152592703700066,
                -113.26016998291016
            ],
            [
                -0.018152669072151184,
                6.9234511101967655e-06,
                0.999835193157196,
                -0.2343478947877884
            ],
            [
                0.0,
                0.0,
                0.0,
                1.0
            ]
        ]
    },
    {
        "class": "Car",
        "extent": [
            1.3787471055984497,
            2.2072951793670654,
            1.4809197187423706
        ],
        "position": [
            -44.53664931482205,
            23.982020202314256,
            -2.5064185767033504
        ],
        "yaw": 4.71593910727582,
        "num_points": 2,
        "distance": 50.6451632365549,
        "speed": 5.093045517190916,
        "brake": 0.0,
        "id": 3034,
        "ego_matrix": [
            [
                -0.024702206254005432,
                -0.99969482421875,
                0.00015608532703481615,
                -4.659826755523682
            ],
            [
                0.9996747970581055,
                -0.02470269985496998,
                -0.006325541529804468,
                -114.39586639404297
            ],
            [
                0.006327467039227486,
                -2.2025777468570595e-07,
                0.9999799728393555,
                0.0030841254629194736
            ],
            [
                0.0,
                0.0,
                0.0,
                1.0
            ]
        ]
    },
    {
        "class": "Car",
        "extent": [
            1.5248334407806396,
            4.513522624969482,
            2.006814479827881
        ],
        "position": [
            25.310043111492536,
            31.911061716801676,
            -2.8511147398668175
        ],
        "yaw": 1.5469459881785284,
        "num_points": 4,
        "distance": 40.82943787831302,
        "speed": 4.738161098115285,
        "brake": 0.0,
        "id": 3037,
        "ego_matrix": [
            [
                -0.002694589551538229,
                0.9999963641166687,
                5.296271410770714e-05,
                -74.65879821777344
            ],
            [
                -0.9997538328170776,
                -0.0026951024774461985,
                0.022021712735295296,
                -107.94609832763672
            ],
            [
                0.02202177606523037,
                6.389803729689447e-06,
                0.9997574687004089,
                -0.3029667139053345
            ],
            [
                0.0,
                0.0,
                0.0,
                1.0
            ]
        ]
    },
    {
        "class": "Car",
        "extent": [
            1.8548461198806763,
            4.6045098304748535,
            1.9315931797027588
        ],
        "position": [
            35.95845913660332,
            26.054549847490378,
            -2.757289140234145
        ],
        "yaw": 4.688917875907549,
        "num_points": 2,
        "distance": 44.49104398232283,
        "speed": 4.889208494345738,
        "brake": 0.0,
        "id": 3040,
        "ego_matrix": [
            [
                0.0023156742099672556,
                -0.9999973177909851,
                4.928310227114707e-05,
                -85.18089294433594
            ],
            [
                0.9998258352279663,
                0.0023161896970123053,
                0.018518514931201935,
                -114.02655029296875
            ],
            [
                -0.018518580123782158,
                6.391666374838678e-06,
                0.9998285174369812,
                -0.20331856608390808
            ],
            [
                0.0,
                0.0,
                0.0,
                1.0
            ]
        ]
    },
    {
        "class": "Car",
        "extent": [
            1.4738311767578125,
            4.1928300857543945,
            1.8161858320236206
        ],
        "position": [
            -24.08717569314608,
            0.0044543609737936795,
            -2.5261068492698104
        ],
        "yaw": 0.0003829625647533419,
        "num_points": 15,
        "distance": 24.219274731662523,
        "speed": 4.888144318564193,
        "brake": 0.0,
        "id": 3042,
        "ego_matrix": [
            [
                -0.999768078327179,
                0.021536504849791527,
                1.4363622540258802e-05,
                -24.597524642944336
            ],
            [
                -0.021536504849791527,
                -0.999768078327179,
                2.9731927497778088e-06,
                -138.80064392089844
            ],
            [
                1.442432312614983e-05,
                2.6631607852323214e-06,
                1.0,
                -0.005546817556023598
            ],
            [
                0.0,
                0.0,
                0.0,
                1.0
            ]
        ]
    },
    {
        "class": "Car",
        "extent": [
            1.5248334407806396,
            4.513522624969482,
            2.006814479827881
        ],
        "position": [
            28.80908747000989,
            31.994664550882206,
            -2.8530483360622925
        ],
        "yaw": 1.5469406618563484,
        "num_points": 2,
        "distance": 43.148139767388194,
        "speed": 4.738133986571128,
        "brake": 0.0,
        "id": 3049,
        "ego_matrix": [
            [
                -0.002699952805414796,
                0.9999963641166687,
                5.361275907489471e-05,
                -78.15882873535156
            ],
            [
                -0.9997538328170776,
                -0.00270047876983881,
                0.022021710872650146,
                -107.93653106689453
            ],
            [
                0.02202177606523037,
                5.85801899433136e-06,
                0.9997574687004089,
                -0.3029673993587494
            ],
            [
                0.0,
                0.0,
                0.0,
                1.0
            ]
        ]
    },
    {
        "class": "Car",
        "extent": [
            1.1454535722732544,
            2.0333523750305176,
            0.8025798797607422
        ],
        "position": [
            25.894931052110827,
            -22.102820543112415,
            -2.5466292686642937
        ],
        "yaw": 1.5936447842091768,
        "num_points": 0,
        "distance": 34.14040788840437,
        "speed": 4.6659919550626485,
        "brake": 0.0,
        "id": 3064,
        "ego_matrix": [
            [
                0.04398936405777931,
                0.9990315437316895,
                0.001001574913971126,
                -74.1008071899414
            ],
            [
                -0.9990320205688477,
                0.04398954659700394,
                -0.00016065991076175123,
                -161.96026611328125
            ],
            [
                -0.0002045631263172254,
                -0.0009935380658134818,
                0.9999995231628418,
                0.0013136293273419142
            ],
            [
                0.0,
                0.0,
                0.0,
                1.0
            ]
        ]
    },
    {
        "class": "Car",
        "extent": [
            1.6171096563339233,
            3.987684965133667,
            1.8508483171463013
        ],
        "position": [
            -37.72121878691843,
            3.50751098930785,
            -2.474801188359362
        ],
        "yaw": 3.14167286259228,
        "num_points": 1,
        "distance": 37.96468913388582,
        "speed": 4.94759195002182,
        "brake": 0.0,
        "id": 3080,
        "ego_matrix": [
            [
                0.9997745156288147,
                -0.02123369835317135,
                -4.537929726211587e-06,
                -11.040607452392578
            ],
            [
                0.02123369835317135,
                0.9997745156288147,
                3.275005724390212e-07,
                -135.0099639892578
            ],
            [
                4.529952548182337e-06,
                -4.2378377429486136e-07,
                1.0,
                0.038264673203229904
            ],
            [
                0.0,
                0.0,
                0.0,
                1.0
            ]
        ]
    },
    {
        "class": "Car",
        "extent": [
            1.4738311767578125,
            4.1928300857543945,
            1.8161858320236206
        ],
        "position": [
            29.392172665136524,
            -22.087477891437388,
            -2.5554209262091847
        ],
        "yaw": 1.5919142621328433,
        "num_points": 0,
        "distance": 36.85494091288225,
        "speed": 4.888096929072949,
        "brake": 0.0,
        "id": 3141,
        "ego_matrix": [
            [
                0.042260412126779556,
                0.9991066455841064,
                -0.00015049816283863038,
                -77.59759521484375
            ],
            [
                -0.9991066455841064,
                0.042260415852069855,
                1.6423531633336097e-05,
                -162.01890563964844
            ],
            [
                2.2768972485209815e-05,
                0.00014966963499318808,
                1.0,
                -0.0055467793717980385
            ],
            [
                0.0,
                0.0,
                0.0,
                1.0
            ]
        ]
    }
]