[
    {
        "class": "Car",
        "extent": [
            1.5107464790344238,
            4.901683330535889,
            2.128324270248413
        ],
        "position": [
            -1.3,
            0.0,
            -2.5
        ],
        "yaw": 0,
        "num_points": -1,
        "distance": -1,
        "speed": 3.7176985216993965,
        "brake": 0.0,
        "id": 2939,
        "ego_matrix": [
            [
                -0.9997754693031311,
                0.02118682488799095,
                -0.00031313762883655727,
                -49.32488250732422
            ],
            [
                -0.021186823025345802,
                -0.9997755289077759,
                -4.50487414127565e-06,
                -139.3280792236328
            ],
            [
                -0.0003131627745460719,
                2.130528628185857e-06,
                0.9999999403953552,
                0.033573225140571594
            ],
            [
                0.0,
                0.0,
                0.0,
                1.0
            ]
        ]
    },
    {
        "class": "Car",
        "extent": [
            1.488319993019104,
            4.791779518127441,
            2.163450002670288
        ],
        "position": [
            0.4959707805314497,
            3.498079732153489,
            -2.531671383687452
        ],
        "yaw": 3.14177256468559,
        "num_points": 0,
        "distance": 4.346482350433042,
        "speed": 4.826404983826294,
        "brake": 0.0,
        "id": 2959,
        "ego_matrix": [
            [
                0.9997717142105103,
                -0.02136666141450405,
                -3.66966996807605e-05,
                -51.19455337524414
            ],
            [
                0.02136666141450405,
                0.9997717142105103,
                -1.3170187003197498e-06,
                -135.86883544921875
            ],
            [
                3.6716461181640625e-05,
                5.326321002030454e-07,
                1.0,
                0.0013319586869329214
            ],
            [
                0.0,
                0.0,
                0.0,
                1.0
            ]
        ]
    },
    {
        "class": "Car",
        "extent": [
            1.300939917564392,
            4.717525005340576,
            1.894826889038086
        ],
        "position": [
            37.431349136833674,
            29.360027664162757,
            -2.8040778333149197
        ],
        "yaw": 4.688645301369979,
        "num_points": 3,
        "distance": 47.6548001269466,
        "speed": 4.935968445785033,
        "brake": 0.0,
        "id": 3029,
        "ego_matrix": [
            [
                0.0025547577533870935,
                -0.9999967217445374,
                6.070624658605084e-05,
                -88.66948699951172
            ],
            [
                0.999775230884552,
                0.0025554695166647434,
                0.021046306937932968,
                -110.79523468017578
            ],
            [
                -0.021046394482254982,
                6.924382887518732e-06,
                0.9997785091400146,
                -0.28269636631011963
            ],
            [
                0.0,
                0.0,
                0.0,
                1.0
            ]
        ]
    },
    {
        "class": "Car",
        "extent": [
            1.5248334407806396,
            4.513522624969482,
            2.006814479827881
        ],
        "position": [
            23.419937738733196,
            29.543077578627035,
            -2.7774843801851308
        ],
        "yaw": 1.546912432348793,
        "num_points": 4,
        "distance": 37.80213401363853,
        "speed": 4.7422950941124355,
        "brake": 0.0,
        "id": 3037,
        "ego_matrix": [
            [
                -0.0026948729064315557,
                0.9999963641166687,
                5.090053673484363e-05,
                -74.66510772705078
            ],
            [
                -0.99977046251297,
                -0.0026953457854688168,
                0.021255023777484894,
                -110.31536865234375
            ],
            [
                0.02125508338212967,
                6.390735052264063e-06,
                0.9997740983963013,
                -0.25171545147895813
            ],
            [
                0.0,
                0.0,
                0.0,
                1.0
            ]
        ]
    },
    {
        "class": "Car",
        "extent": [
            1.8548461198806763,
            4.6045098304748535,
            1.9315931797027588
        ],
        "position": [
            33.95461777519453,
            28.500308147596048,
            -2.7731646863464503
        ],
        "yaw": 4.688877662175089,
        "num_points": 3,
        "distance": 44.417047123205805,
        "speed": 4.898105636203064,
        "brake": 0.0,
        "id": 3040,
        "ego_matrix": [
            [
                0.002322528511285782,
                -0.9999973177909851,
                5.246702130534686e-05,
                -85.17533111572266
            ],
            [
                0.9998005628585815,
                0.0023231124505400658,
                0.01983433961868286,
                -111.58110046386719
            ],
            [
                -0.019834408536553383,
                6.390734597516712e-06,
                0.9998032450675964,
                -0.25069260597229004
            ],
            [
                0.0,
                0.0,
                0.0,
                1.0
            ]
        ]
    },
    {
        "class": "Car",
        "extent": [
            1.4738311767578125,
            4.1928300857543945,
            1.8161858320236206
        ],
        "position": [
            -23.59019741122101,
            0.002519068606483915,
            -2.5461012246001835
        ],
        "yaw": 0.00034967305112720837,
        "num_points": 0,
        "distance": 23.727200671212685,
        "speed": 4.884269976070018,
        "brake": 0.0,
        "id": 3042,
        "ego_matrix": [
            [
                -0.999768078327179,
                0.021536504849791527,
                1.4363622540258802e-05,
                -27.03972816467285
            ],
            [
                -0.021536504849791527,
                -0.999768078327179,
                2.9731927497778088e-06,
                -138.85330200195312
            ],
            [
                1.442432312614983e-05,
                2.6631607852323214e-06,
                1.0,
                -0.005547542590647936
            ],
            [
                0.0,
                0.0,
                0.0,
                1.0
            ]
        ]
    },
    {
        "class": "Car",
        "extent": [
            1.5248334407806396,
            4.513522624969482,
            2.006814479827881
        ],
        "position": [
            26.918979207502726,
            29.626820108522004,
            -2.7763892963977126
        ],
        "yaw": 1.5469075055007764,
        "num_points": 4,
        "distance": 40.12590495978676,
        "speed": 4.7422908249349955,
        "brake": 0.0,
        "id": 3049,
        "ego_matrix": [
            [
                -0.0026998785324394703,
                0.9999963641166687,
                5.154040263732895e-05,
                -78.1651382446289
            ],
            [
                -0.99977046251297,
                -0.0027003639843314886,
                0.021254904568195343,
                -110.30577850341797
            ],
            [
                0.021254966035485268,
                5.857087671756744e-06,
                0.9997740983963013,
                -0.2517163157463074
            ],
            [
                0.0,
                0.0,
                0.0,
                1.0
            ]
        ]
    },
    {
        "class": "Car",
        "extent": [
            1.1454535722732544,
            2.0333523750305176,
            0.8025798797607422
        ],
        "position": [
            23.88641678127268,
            -24.434968847656318,
            -2.524424207553536
        ],
        "yaw": 1.599339954200311,
        "num_points": 0,
        "distance": 34.26370275983438,
        "speed": 4.668570988536103,
        "brake": 0.0,
        "id": 3064,
        "ego_matrix": [
            [
                0.049711547791957855,
                0.9987632036209106,
                0.0009457710548304021,
                -73.9879379272461
            ],
            [
                -0.9987636208534241,
                0.049711715430021286,
                -0.00015774232451803982,
                -164.2911834716797
            ],
            [
                -0.0002045631263172254,
                -0.000936760101467371,
                0.9999995827674866,
                0.0013136293273419142
            ],
            [
                0.0,
                0.0,
                0.0,
                1.0
            ]
        ]
    },
    {
        "class": "Car",
        "extent": [
            1.6171096563339233,
            3.987684965133667,
            1.8508483171463013
        ],
        "position": [
            -42.13797333495844,
            3.50611964979274,
            -2.5080842158437098
        ],
        "yaw": 3.1416396958337356,
        "num_points": 1,
        "distance": 42.35790549838478,
        "speed": 4.938119595874564,
        "brake": 0.0,
        "id": 3080,
        "ego_matrix": [
            [
                0.9997745156288147,
                -0.021233821287751198,
                -1.0616768122417852e-05,
                -8.570358276367188
            ],
            [
                0.021233821287751198,
                0.9997745156288147,
                2.2356357476382982e-07,
                -134.95751953125
            ],
            [
                1.0609626770019531e-05,
                -4.489477305469336e-07,
                1.0,
                0.03827047348022461
            ],
            [
                0.0,
                0.0,
                0.0,
                1.0
            ]
        ]
    },
    {
        "class": "Car",
        "extent": [
            1.4738311767578125,
            4.1928300857543945,
            1.8161858320236206
        ],
        "position": [
            27.381733732719045,
            -24.528629320116433,
            -2.5301909760232135
        ],
        "yaw": 1.5974160866288378,
        "num_points": 1,
        "distance": 36.848539522053635,
        "speed": 4.8842352965774944,
        "brake": 0.0,
        "id": 3141,
        "ego_matrix": [
            [
                0.04778991639614105,
                0.9988574385643005,
                -0.00013408043014351279,
                -77.48048400878906
            ],
            [
                -0.9988574385643005,
                0.04778992012143135,
                2.724045407376252e-05,
                -164.45887756347656
            ],
            [
                3.361701965332031e-05,
                0.0001326253986917436,
                1.0,
                -0.005547542590647936
            ],
            [
                0.0,
                0.0,
                0.0,
                1.0
            ]
        ]
    }
]