[
    {
        "class": "Car",
        "extent": [
            1.5107464790344238,
            4.901683330535889,
            2.128324270248413
        ],
        "position": [
            -1.3,
            0.0,
            -2.5
        ],
        "yaw": 0,
        "num_points": -1,
        "distance": -1,
        "speed": 3.968911813288737,
        "brake": 0.0,
        "id": 2939,
        "ego_matrix": [
            [
                -0.9997727870941162,
                0.02131744846701622,
                -1.101646830647951e-05,
                -51.32823944091797
            ],
            [
                -0.02131744846701622,
                -0.9997727870941162,
                -8.99302995094331e-06,
                -139.37094116210938
            ],
            [
                -1.1205672308278736e-05,
                -8.756142960919533e-06,
                1.0,
                0.03342277556657791
            ],
            [
                0.0,
                0.0,
                0.0,
                1.0
            ]
        ]
    },
    {
        "class": "Car",
        "extent": [
            1.488319993019104,
            4.791779518127441,
            2.163450002670288
        ],
        "position": [
            -3.9222493506612324,
            3.498560336370294,
            -2.5321506822293793
        ],
        "yaw": 3.1416418034760674,
        "num_points": 411,
        "distance": 5.834016752932802,
        "speed": 4.829171200033274,
        "brake": 0.0,
        "id": 2959,
        "ego_matrix": [
            [
                0.9997717142105103,
                -0.02136666141450405,
                -3.66966996807605e-05,
                -48.781166076660156
            ],
            [
                0.02136666141450405,
                0.9997717142105103,
                -1.3170187003197498e-06,
                -135.81727600097656
            ],
            [
                3.6716461181640625e-05,
                5.326321002030454e-07,
                1.0,
                0.0013321113074198365
            ],
            [
                0.0,
                0.0,
                0.0,
                1.0
            ]
        ]
    },
    {
        "class": "Car",
        "extent": [
            1.300939917564392,
            4.717525005340576,
            1.894826889038086
        ],
        "position": [
            35.364534424404305,
            31.833587511547062,
            -2.868600765814168
        ],
        "yaw": 4.688514007528239,
        "num_points": 2,
        "distance": 47.66819127325718,
        "speed": 4.943369017211641,
        "brake": 0.0,
        "id": 3029,
        "ego_matrix": [
            [
                0.0025552010629326105,
                -0.9999967217445374,
                6.227929407032207e-05,
                -88.66304779052734
            ],
            [
                0.9997621178627014,
                0.0025559505447745323,
                0.021658187732100487,
                -108.32617950439453
            ],
            [
                -0.02165827713906765,
                6.9234511101967655e-06,
                0.9997653961181641,
                -0.33531010150909424
            ],
            [
                0.0,
                0.0,
                0.0,
                1.0
            ]
        ]
    },
    {
        "class": "Car",
        "extent": [
            1.5248334407806396,
            4.513522624969482,
            2.006814479827881
        ],
        "position": [
            21.469169753627156,
            27.174919406196246,
            -2.7382607530531566
        ],
        "yaw": 1.5467822037714887,
        "num_points": 10,
        "distance": 34.740460080359206,
        "speed": 4.750970450143617,
        "brake": 0.0,
        "id": 3037,
        "ego_matrix": [
            [
                -0.0026945234276354313,
                0.9999963641166687,
                4.455493399291299e-05,
                -74.6715316772461
            ],
            [
                -0.9998176693916321,
                -0.002694884082302451,
                0.018904102966189384,
                -112.68757629394531
            ],
            [
                0.018904155120253563,
                6.3907355070114136e-06,
                0.9998213052749634,
                -0.20485517382621765
            ],
            [
                0.0,
                0.0,
                0.0,
                1.0
            ]
        ]
    },
    {
        "class": "Car",
        "extent": [
            1.8548461198806763,
            4.6045098304748535,
            1.9315931797027588
        ],
        "position": [
            31.888929728807245,
            30.95348012752988,
            -2.83416043450526
        ],
        "yaw": 4.688733851476225,
        "num_points": 2,
        "distance": 44.53149712981485,
        "speed": 4.904505191428246,
        "brake": 0.0,
        "id": 3040,
        "ego_matrix": [
            [
                0.0023354406002908945,
                -0.9999972581863403,
                5.602862438536249e-05,
                -85.16947174072266
            ],
            [
                0.9997665882110596,
                0.0023361050989478827,
                0.021476687863469124,
                -109.13199615478516
            ],
            [
                -0.021476760506629944,
                5.85801899433136e-06,
                0.9997693300247192,
                -0.30083853006362915
            ],
            [
                0.0,
                0.0,
                0.0,
                1.0
            ]
        ]
    },
    {
        "class": "Car",
        "extent": [
            1.4738311767578125,
            4.1928300857543945,
            1.8161858320236206
        ],
        "position": [
            -23.151873369724502,
            -0.0006777354996047627,
            -2.53921552037075
        ],
        "yaw": 0.00021891184160471866,
        "num_points": 0,
        "distance": 23.2907032192241,
        "speed": 4.884674113272414,
        "brake": 0.0,
        "id": 3042,
        "ego_matrix": [
            [
                -0.999768078327179,
                0.021536504849791527,
                1.4363622540258802e-05,
                -29.4813175201416
            ],
            [
                -0.021536504849791527,
                -0.999768078327179,
                2.9731927497778088e-06,
                -138.90579223632812
            ],
            [
                1.442432312614983e-05,
                2.6631607852323214e-06,
                1.0,
                -0.005547885783016682
            ],
            [
                0.0,
                0.0,
                0.0,
                1.0
            ]
        ]
    },
    {
        "class": "Car",
        "extent": [
            1.5248334407806396,
            4.513522624969482,
            2.006814479827881
        ],
        "position": [
            24.968215836926603,
            27.25911942157902,
            -2.7382231156193133
        ],
        "yaw": 1.5467768774493085,
        "num_points": 4,
        "distance": 37.06709132843,
        "speed": 4.750970009252396,
        "brake": 0.0,
        "id": 3049,
        "ego_matrix": [
            [
                -0.002699767705053091,
                0.9999963641166687,
                4.51865817012731e-05,
                -78.17157745361328
            ],
            [
                -0.9998176693916321,
                -0.0027001393027603626,
                0.018903981894254684,
                -112.67798614501953
            ],
            [
                0.018904035910964012,
                5.85801899433136e-06,
                0.9998213052749634,
                -0.2048560082912445
            ],
            [
                0.0,
                0.0,
                0.0,
                1.0
            ]
        ]
    },
    {
        "class": "Car",
        "extent": [
            1.1454535722732544,
            2.0333523750305176,
            0.8025798797607422
        ],
        "position": [
            21.810565243026325,
            -26.765317139865896,
            -2.53161579688579
        ],
        "yaw": 1.60411460256066,
        "num_points": 0,
        "distance": 34.61924372889952,
        "speed": 4.671143209643934,
        "brake": 0.0,
        "id": 3064,
        "ego_matrix": [
            [
                0.05461020767688751,
                0.9985074400901794,
                0.0007509754505008459,
                -73.86298370361328
            ],
            [
                -0.9985077381134033,
                0.054610345512628555,
                -0.00016379656153731048,
                -166.62283325195312
            ],
            [
                -0.0002045631263172254,
                -0.0007409098907373846,
                0.9999997019767761,
                0.001313648303039372
            ],
            [
                0.0,
                0.0,
                0.0,
                1.0
            ]
        ]
    },
    {
        "class": "Car",
        "extent": [
            1.6171096563339233,
            3.987684965133667,
            1.8508483171463013
        ],
        "position": [
            -46.61074080848972,
            3.5007524317600067,
            -2.4956933263001866
        ],
        "yaw": 3.141508934624213,
        "num_points": 0,
        "distance": 46.80859869173208,
        "speed": 4.93657218605415,
        "brake": 0.0,
        "id": 3080,
        "ego_matrix": [
            [
                0.9997745156288147,
                -0.021233821287751198,
                -1.0616768122417852e-05,
                -6.102423667907715
            ],
            [
                0.021233821287751198,
                0.9997745156288147,
                2.2356357476382982e-07,
                -134.9050750732422
            ],
            [
                1.0609626770019531e-05,
                -4.489477305469336e-07,
                1.0,
                0.0382678396999836
            ],
            [
                0.0,
                0.0,
                0.0,
                1.0
            ]
        ]
    },
    {
        "class": "Car",
        "extent": [
            1.4738311767578125,
            4.1928300857543945,
            1.8161858320236206
        ],
        "position": [
            25.304009785470218,
            -26.965625903696765,
            -2.5384362779069116
        ],
        "yaw": 1.6021918002536228,
        "num_points": 1,
        "distance": 37.06590819524443,
        "speed": 4.884645277122434,
        "brake": 0.0,
        "id": 3141,
        "ego_matrix": [
            [
                0.05269025266170502,
                0.9986109137535095,
                -0.00011316291056573391,
                -77.35136413574219
            ],
            [
                -0.9986109137535095,
                0.052690256386995316,
                3.1990406569093466e-05,
                -166.89756774902344
            ],
            [
                3.790855043916963e-05,
                0.00011132013605674729,
                1.0,
                -0.005547733046114445
            ],
            [
                0.0,
                0.0,
                0.0,
                1.0
            ]
        ]
    }
]