[
    {
        "class": "Car",
        "extent": [
            1.5107464790344238,
            4.901683330535889,
            2.128324270248413
        ],
        "position": [
            -1.3,
            0.0,
            -2.5
        ],
        "yaw": 0,
        "num_points": -1,
        "distance": -1,
        "speed": 4.044141901827568,
        "brake": 0.0,
        "id": 2939,
        "ego_matrix": [
            [
                -0.9997733235359192,
                0.021286698058247566,
                0.00038825420779176056,
                -53.233299255371094
            ],
            [
                -0.021286698058247566,
                -0.999773383140564,
                4.622078904503724e-06,
                -139.4115753173828
            ],
            [
                0.0003882646269630641,
                -3.6436194932321087e-06,
                0.9999999403953552,
                0.03322418034076691
            ],
            [
                0.0,
                0.0,
                0.0,
                1.0
            ]
        ]
    },
    {
        "class": "Car",
        "extent": [
            1.488319993019104,
            4.791779518127441,
            2.163450002670288
        ],
        "position": [
            -8.242858722698823,
            3.4988610523987624,
            -2.5292091156091967
        ],
        "yaw": 3.1416726961447123,
        "num_points": 138,
        "distance": 9.30503344093108,
        "speed": 4.831573261361377,
        "brake": 0.0,
        "id": 2959,
        "ego_matrix": [
            [
                0.9997717142105103,
                -0.02136666141450405,
                -3.66966996807605e-05,
                -46.36650466918945
            ],
            [
                0.02136666141450405,
                0.9997717142105103,
                -1.3170187003197498e-06,
                -135.76571655273438
            ],
            [
                3.6716461181640625e-05,
                5.326321002030454e-07,
                1.0,
                0.0013321494916453958
            ],
            [
                0.0,
                0.0,
                0.0,
                1.0
            ]
        ]
    },
    {
        "class": "Car",
        "extent": [
            1.300939917564392,
            4.717525005340576,
            1.894826889038086
        ],
        "position": [
            33.400786118769304,
            34.30362127394686,
            -2.936870443352826
        ],
        "yaw": 4.688543035984121,
        "num_points": 0,
        "distance": 47.968491261026664,
        "speed": 4.947735726898704,
        "brake": 0.0,
        "id": 3029,
        "ego_matrix": [
            [
                0.002557034371420741,
                -0.9999967217445374,
                6.562114867847413e-05,
                -88.65660095214844
            ],
            [
                0.9997333288192749,
                0.0025578669738024473,
                0.02294853888452053,
                -105.8543930053711
            ],
            [
                -0.022948632016777992,
                6.923451564944116e-06,
                0.9997366070747375,
                -0.39004814624786377
            ],
            [
                0.0,
                0.0,
                0.0,
                1.0
            ]
        ]
    },
    {
        "class": "Car",
        "extent": [
            1.5248334407806396,
            4.513522624969482,
            2.006814479827881
        ],
        "position": [
            19.62145462581903,
            24.7989523546385,
            -2.702513775697579
        ],
        "yaw": 1.5468120311756977,
        "num_points": 5,
        "distance": 31.737881155309356,
        "speed": 4.7572823255411665,
        "brake": 0.0,
        "id": 3037,
        "ego_matrix": [
            [
                -0.002695646835491061,
                0.9999963641166687,
                4.181535405223258e-05,
                -74.677978515625
            ],
            [
                -0.9998365044593811,
                -0.0026959634851664305,
                0.017880747094750404,
                -115.06359100341797
            ],
            [
                0.017880795523524284,
                6.391666374838678e-06,
                0.9998401403427124,
                -0.161076158285141
            ],
            [
                0.0,
                0.0,
                0.0,
                1.0
            ]
        ]
    },
    {
        "class": "Car",
        "extent": [
            1.8548461198806763,
            4.6045098304748535,
            1.9315931797027588
        ],
        "position": [
            29.92616137165508,
            33.40495317818784,
            -2.9006740509135747
        ],
        "yaw": 4.688751827813583,
        "num_points": 0,
        "distance": 44.943074452343666,
        "speed": 4.912048611661918,
        "brake": 0.0,
        "id": 3040,
        "ego_matrix": [
            [
                0.002348370384424925,
                -0.9999972581863403,
                5.906956357648596e-05,
                -85.16361999511719
            ],
            [
                0.9997406601905823,
                0.0023491058964282274,
                0.0226524006575346,
                -106.67889404296875
            ],
            [
                -0.02265247516334057,
                5.85801899433136e-06,
                0.9997434020042419,
                -0.35520410537719727
            ],
            [
                0.0,
                0.0,
                0.0,
                1.0
            ]
        ]
    },
    {
        "class": "Car",
        "extent": [
            1.4738311767578125,
            4.1928300857543945,
            1.8161858320236206
        ],
        "position": [
            -22.614644891513738,
            -0.0006697302332906501,
            -2.5304964202851443
        ],
        "yaw": 0.00024980451024969597,
        "num_points": 14,
        "distance": 22.755781158880986,
        "speed": 4.88629273442139,
        "brake": 0.0,
        "id": 3042,
        "ego_matrix": [
            [
                -0.999768078327179,
                0.021536504849791527,
                1.4363622540258802e-05,
                -31.92348289489746
            ],
            [
                -0.021536504849791527,
                -0.999768078327179,
                2.9731927497778088e-06,
                -138.95852661132812
            ],
            [
                1.442432312614983e-05,
                2.6631607852323214e-06,
                1.0,
                -0.0055479621514678
            ],
            [
                0.0,
                0.0,
                0.0,
                1.0
            ]
        ]
    },
    {
        "class": "Car",
        "extent": [
            1.5248334407806396,
            4.513522624969482,
            2.006814479827881
        ],
        "position": [
            23.12050272312215,
            24.883052375609036,
            -2.7038624762447
        ],
        "yaw": 1.5468044411665909,
        "num_points": 6,
        "distance": 34.07396093775488,
        "speed": 4.757029654863737,
        "brake": 0.0,
        "id": 3049,
        "ego_matrix": [
            [
                -0.002703155390918255,
                0.9999963641166687,
                7.31202817405574e-05,
                -78.17802429199219
            ],
            [
                -0.9998363256454468,
                -0.0027040308341383934,
                0.01788996160030365,
                -115.05399322509766
            ],
            [
                0.017890093848109245,
                -2.4748966097831726e-05,
                0.9998399615287781,
                -0.1610659956932068
            ],
            [
                0.0,
                0.0,
                0.0,
                1.0
            ]
        ]
    },
    {
        "class": "Car",
        "extent": [
            1.1454535722732544,
            2.0333523750305176,
            0.8025798797607422
        ],
        "position": [
            19.819245450153932,
            -29.100628140072114,
            -2.540004302662986
        ],
        "yaw": 1.6080178646123349,
        "num_points": 0,
        "distance": 35.300151135905224,
        "speed": 4.673704993208667,
        "brake": 0.0,
        "id": 3064,
        "ego_matrix": [
            [
                0.05847640335559845,
                0.998288631439209,
                0.0005649166996590793,
                -73.72831726074219
            ],
            [
                -0.9982888102531433,
                0.05847650393843651,
                -0.0001718228159006685,
                -168.95516967773438
            ],
            [
                -0.0002045631263172254,
                -0.0005539024132303894,
                0.9999998211860657,
                0.0013137055793777108
            ],
            [
                0.0,
                0.0,
                0.0,
                1.0
            ]
        ]
    },
    {
        "class": "Car",
        "extent": [
            1.6171096563339233,
            3.987684965133667,
            1.8508483171463013
        ],
        "position": [
            -50.98458758967575,
            3.502117172242412,
            -2.4756789421206813
        ],
        "yaw": 3.141539827292858,
        "num_points": 0,
        "distance": 51.164655599367556,
        "speed": 4.937477143864099,
        "brake": 0.0,
        "id": 3080,
        "ego_matrix": [
            [
                0.9997745156288147,
                -0.021233821287751198,
                -1.0616768122417852e-05,
                -3.634511709213257
            ],
            [
                0.021233821287751198,
                0.9997745156288147,
                2.2356357476382982e-07,
                -134.85263061523438
            ],
            [
                1.0609626770019531e-05,
                -4.489477305469336e-07,
                1.0,
                0.03826722875237465
            ],
            [
                0.0,
                0.0,
                0.0,
                1.0
            ]
        ]
    },
    {
        "class": "Car",
        "extent": [
            1.4738311767578125,
            4.1928300857543945,
            1.8161858320236206
        ],
        "position": [
            23.31088732682593,
            -29.40749086983337,
            -2.5482205340661546
        ],
        "yaw": 1.6061493907915352,
        "num_points": 2,
        "distance": 37.61238379993408,
        "speed": 4.886277935247592,
        "brake": 0.0,
        "id": 3141,
        "ego_matrix": [
            [
                0.056611016392707825,
                0.9983963370323181,
                -8.411409362452105e-05,
                -77.21263885498047
            ],
            [
                -0.9983963370323181,
                0.05661102011799812,
                3.451341763138771e-05,
                -169.33628845214844
            ],
            [
                3.9219852624228224e-05,
                8.202536264434457e-05,
                1.0,
                -0.0055479621514678
            ],
            [
                0.0,
                0.0,
                0.0,
                1.0
            ]
        ]
    }
]