[
    {
        "class": "Car",
        "extent": [
            1.5107464790344238,
            4.901683330535889,
            2.128324270248413
        ],
        "position": [
            -1.3,
            0.0,
            -2.5
        ],
        "yaw": 0,
        "num_points": -1,
        "distance": -1,
        "speed": -0.00019009595151747068,
        "brake": 0.0,
        "id": 717,
        "ego_matrix": [
            [
                -0.9512892365455627,
                0.3082813322544098,
                -0.0033782923128455877,
                -94.29167938232422
            ],
            [
                -0.30828243494033813,
                -0.9512948393821716,
                -0.0002146296901628375,
                -2.791393280029297
            ],
            [
                -0.0032799183391034603,
                0.0008372931624762714,
                0.9999942779541016,
                0.0483807735145092
            ],
            [
                0.0,
                0.0,
                0.0,
                1.0
            ]
        ]
    },
    {
        "class": "Car",
        "extent": [
            2.098191261291504,
            6.273552894592285,
            2.3895740509033203
        ],
        "position": [
            -4.798679701370915,
            2.907723404390149,
            -2.563994954750633
        ],
        "yaw": 2.8184598669377916,
        "num_points": 529,
        "distance": 6.16897498785448,
        "speed": -0.0004809997441232746,
        "brake": 0.0,
        "id": 725,
        "ego_matrix": [
            [
                0.9999525547027588,
                0.009743819944560528,
                -8.256621367763728e-05,
                -91.85960388183594
            ],
            [
                -0.009743819013237953,
                0.9999525547027588,
                1.733913268253673e-05,
                1.0533041954040527
            ],
            [
                8.273123967228457e-05,
                -1.6533798770979047e-05,
                1.0,
                -0.006573047488927841
            ],
            [
                0.0,
                0.0,
                0.0,
                1.0
            ]
        ]
    },
    {
        "class": "Car",
        "extent": [
            1.0239027738571167,
            1.6428436040878296,
            0.3725162446498871
        ],
        "position": [
            -42.7158436706185,
            -9.789632811863664,
            -2.6822503424868187
        ],
        "yaw": 2.8182755761903584,
        "num_points": 0,
        "distance": 43.90529214096641,
        "speed": 5.524462326362653e-05,
        "brake": 0.0,
        "id": 727,
        "ego_matrix": [
            [
                0.9999286532402039,
                0.009946469217538834,
                -0.006613470148295164,
                -51.874656677246094
            ],
            [
                -0.009927882812917233,
                0.9999467134475708,
                0.00283732614479959,
                0.6635938882827759
            ],
            [
                0.00664133857935667,
                -0.002771466039121151,
                0.9999741315841675,
                0.01016885694116354
            ],
            [
                0.0,
                0.0,
                0.0,
                1.0
            ]
        ]
    },
    {
        "class": "Car",
        "extent": [
            1.385296106338501,
            4.181210041046143,
            1.9941171407699585
        ],
        "position": [
            20.991883337888645,
            -28.12543104823484,
            -2.5195516940072293
        ],
        "yaw": -0.305639280399598,
        "num_points": 7,
        "distance": 35.18589459512596,
        "speed": 4.26665237223793e-09,
        "brake": 0.0,
        "id": 741,
        "ego_matrix": [
            [
                -0.9999699592590332,
                0.0077493926510214806,
                0.0,
                -106.82709503173828
            ],
            [
                -0.0077493926510214806,
                -0.9999699592590332,
                0.0,
                -36.41916275024414
            ],
            [
                0.0,
                -0.0,
                1.0,
                -0.02073713205754757
            ],
            [
                0.0,
                0.0,
                0.0,
                1.0
            ]
        ]
    },
    {
        "class": "Car",
        "extent": [
            1.5248334407806396,
            4.513522624969482,
            2.006814479827881
        ],
        "position": [
            3.4014926341759244,
            13.127947675687823,
            -2.4944065852995827
        ],
        "yaw": 4.404338607092189,
        "num_points": 52,
        "distance": 13.788953061372581,
        "speed": 6.077876470191541e-09,
        "brake": 0.0,
        "id": 742,
        "ego_matrix": [
            [
                -0.005338448565453291,
                -0.9999857544898987,
                0.0,
                -102.811279296875
            ],
            [
                0.9999857544898987,
                -0.005338448565453291,
                -0.0,
                8.247767448425293
            ],
            [
                0.0,
                -0.0,
                1.0,
                0.027561701834201813
            ],
            [
                0.0,
                0.0,
                0.0,
                1.0
            ]
        ]
    },
    {
        "class": "Car",
        "extent": [
            1.4750303030014038,
            3.805800199508667,
            1.97027587890625
        ],
        "position": [
            14.958904231526617,
            -34.079862568462474,
            -2.4892642299232426
        ],
        "yaw": 1.262746619292668,
        "num_points": 7,
        "distance": 37.30150512914526,
        "speed": 1.9199603917457712e-09,
        "brake": 0.0,
        "id": 751,
        "ego_matrix": [
            [
                0.005339076742529869,
                0.9999857544898987,
                0.0,
                -99.25244903564453
            ],
            [
                -0.9999857544898987,
                0.005339076742529869,
                0.0,
                -40.22372817993164
            ],
            [
                0.0,
                -0.0,
                1.0,
                0.03432344272732735
            ],
            [
                0.0,
                0.0,
                0.0,
                1.0
            ]
        ]
    },
    {
        "class": "Car",
        "extent": [
            1.4738311767578125,
            4.1928300857543945,
            1.8161858320236206
        ],
        "position": [
            14.70807821888711,
            -22.407115080484857,
            -2.5288491308394203
        ],
        "yaw": 4.404338607092189,
        "num_points": 15,
        "distance": 26.92213678461538,
        "speed": -2.8755368503574143e-08,
        "brake": 0.0,
        "id": 761,
        "ego_matrix": [
            [
                -0.005338448565453291,
                -0.9999857544898987,
                0.0,
                -102.61219787597656
            ],
            [
                0.9999857544898987,
                -0.005338448565453291,
                -0.0,
                -29.04216957092285
            ],
            [
                0.0,
                -0.0,
                1.0,
                -0.014212055131793022
            ],
            [
                0.0,
                0.0,
                0.0,
                1.0
            ]
        ]
    },
    {
        "class": "Car",
        "extent": [
            1.6355280876159668,
            5.0267767906188965,
            2.1515462398529053
        ],
        "position": [
            5.524896595719324,
            -5.08986138708671,
            -2.4032555358607706
        ],
        "yaw": 1.2627455540282317,
        "num_points": 299,
        "distance": 7.88712929422313,
        "speed": 0.00020385747083346805,
        "brake": 0.0,
        "id": 806,
        "ego_matrix": [
            [
                0.005337867420166731,
                0.9999856948852539,
                -0.0003204777021892369,
                -99.21534729003906
            ],
            [
                -0.99996018409729,
                0.005340022966265678,
                0.007152078673243523,
                -9.7373685836792
            ],
            [
                0.007153687998652458,
                0.00028228809242136776,
                0.9999743700027466,
                0.12700128555297852
            ],
            [
                0.0,
                0.0,
                0.0,
                1.0
            ]
        ]
    },
    {
        "class": "Car",
        "extent": [
            1.4738311767578125,
            4.1928300857543945,
            1.8161858320236206
        ],
        "position": [
            -41.60557555818732,
            -13.109040796504281,
            -2.6594785690711147
        ],
        "yaw": 5.960066901597472,
        "num_points": 0,
        "distance": 43.702902585432426,
        "speed": -0.0006043004978099109,
        "brake": 0.0,
        "id": 810,
        "ego_matrix": [
            [
                -0.999890923500061,
                -0.009768198244273663,
                -0.011080099269747734,
                -51.90760803222656
            ],
            [
                0.009728781878948212,
                -0.9999461770057678,
                0.003605760633945465,
                -2.836422920227051
            ],
            [
                -0.011114724911749363,
                0.003497571451589465,
                0.9999321103096008,
                0.032078228890895844
            ],
            [
                0.0,
                0.0,
                0.0,
                1.0
            ]
        ]
    },
    {
        "class": "Car",
        "extent": [
            1.1256572008132935,
            1.8354405164718628,
            0.3289288878440857
        ],
        "position": [
            -10.582839016000543,
            45.87265507359586,
            -2.5656806787120767
        ],
        "yaw": 1.2865385015231088,
        "num_points": 0,
        "distance": 47.147424982545964,
        "speed": 0.0004105355670688315,
        "brake": 0.0,
        "id": 818,
        "ego_matrix": [
            [
                0.029126636683940887,
                0.9995757341384888,
                -0.00012139267346356064,
                -99.60247802734375
            ],
            [
                -0.9995669722557068,
                0.029126890003681183,
                0.004177940543740988,
                43.708778381347656
            ],
            [
                0.004179703537374735,
                -3.4924596548080444e-07,
                0.999991238117218,
                -0.025261439383029938
            ],
            [
                0.0,
                0.0,
                0.0,
                1.0
            ]
        ]
    }
]