[
    {
        "class": "Car",
        "extent": [
            1.5107464790344238,
            4.901683330535889,
            2.128324270248413
        ],
        "position": [
            -1.3,
            0.0,
            -2.5
        ],
        "yaw": 0,
        "num_points": -1,
        "distance": -1,
        "speed": -5.233569085395955e-07,
        "brake": 0.0,
        "id": 717,
        "ego_matrix": [
            [
                -0.9512896537780762,
                0.30828067660331726,
                -0.0033128326758742332,
                -94.29170989990234
            ],
            [
                -0.3082813024520874,
                -0.9512951970100403,
                -0.0003199501079507172,
                -2.79135799407959
            ],
            [
                -0.003250116016715765,
                0.0007169191958382726,
                0.9999944567680359,
                0.055443037301301956
            ],
            [
                0.0,
                0.0,
                0.0,
                1.0
            ]
        ]
    },
    {
        "class": "Car",
        "extent": [
            2.098191261291504,
            6.273552894592285,
            2.3895740509033203
        ],
        "position": [
            -4.798703651673098,
            2.9076870584278685,
            -2.535407818608019
        ],
        "yaw": 2.8184611985183365,
        "num_points": 492,
        "distance": 6.157149792963325,
        "speed": 7.308463710121645e-05,
        "brake": 0.0,
        "id": 725,
        "ego_matrix": [
            [
                0.9999525547027588,
                0.009743819944560528,
                -8.711627742741257e-05,
                -91.85969543457031
            ],
            [
                -0.009743819013237953,
                0.9999525547027588,
                1.5297469872166403e-05,
                1.053307056427002
            ],
            [
                8.726119267521426e-05,
                -1.4447898138314486e-05,
                1.0,
                0.029322031885385513
            ],
            [
                0.0,
                0.0,
                0.0,
                1.0
            ]
        ]
    },
    {
        "class": "Car",
        "extent": [
            1.0239027738571167,
            1.6428436040878296,
            0.3725162446498871
        ],
        "position": [
            -42.715873957979774,
            -9.78941047394094,
            -2.681174613513483
        ],
        "yaw": 2.818306735175112,
        "num_points": 0,
        "distance": 43.90520632828718,
        "speed": 4.71644232505365e-06,
        "brake": 0.0,
        "id": 727,
        "ego_matrix": [
            [
                0.9999303817749023,
                0.00991568062454462,
                -0.0063974084332585335,
                -51.87472915649414
            ],
            [
                -0.009898071177303791,
                0.9999471306800842,
                0.002778439549729228,
                0.663822591304779
            ],
            [
                0.006424620747566223,
                -0.002714924281463027,
                0.9999756813049316,
                0.015894049778580666
            ],
            [
                0.0,
                0.0,
                0.0,
                1.0
            ]
        ]
    },
    {
        "class": "Car",
        "extent": [
            1.385296106338501,
            4.181210041046143,
            1.9941171407699585
        ],
        "position": [
            20.991824388890702,
            -28.12550388638267,
            -2.5150205299485884
        ],
        "yaw": -0.30563794881905304,
        "num_points": 7,
        "distance": 35.18559347663495,
        "speed": -9.839451337195015e-09,
        "brake": 0.0,
        "id": 741,
        "ego_matrix": [
            [
                -0.9999699592590332,
                0.0077493926510214806,
                0.0,
                -106.82709503173828
            ],
            [
                -0.0077493926510214806,
                -0.9999699592590332,
                0.0,
                -36.41916275024414
            ],
            [
                0.0,
                -0.0,
                1.0,
                -0.011864718981087208
            ],
            [
                0.0,
                0.0,
                0.0,
                1.0
            ]
        ]
    },
    {
        "class": "Car",
        "extent": [
            1.5248334407806396,
            4.513522624969482,
            2.006814479827881
        ],
        "position": [
            3.4014852458891545,
            13.127899525932209,
            -2.494689801288847
        ],
        "yaw": 4.4043399386727335,
        "num_points": 59,
        "distance": 13.788956633684338,
        "speed": -1.0169695369682808e-08,
        "brake": 0.0,
        "id": 742,
        "ego_matrix": [
            [
                -0.005338448565453291,
                -0.9999857544898987,
                0.0,
                -102.811279296875
            ],
            [
                0.9999857544898987,
                -0.005338448565453291,
                -0.0,
                8.247767448425293
            ],
            [
                0.0,
                -0.0,
                1.0,
                0.03606119006872177
            ],
            [
                0.0,
                0.0,
                0.0,
                1.0
            ]
        ]
    },
    {
        "class": "Car",
        "extent": [
            1.4750303030014038,
            3.805800199508667,
            1.97027587890625
        ],
        "position": [
            14.958842204116468,
            -34.07992456651494,
            -2.4846825411403457
        ],
        "yaw": 1.262747950873213,
        "num_points": 5,
        "distance": 37.30123142574856,
        "speed": 2.7392368659391066e-09,
        "brake": 0.0,
        "id": 751,
        "ego_matrix": [
            [
                0.005339076742529869,
                0.9999857544898987,
                0.0,
                -99.25244903564453
            ],
            [
                -0.9999857544898987,
                0.005339076742529869,
                0.0,
                -40.22372817993164
            ],
            [
                0.0,
                -0.0,
                1.0,
                0.042349833995103836
            ],
            [
                0.0,
                0.0,
                0.0,
                1.0
            ]
        ]
    },
    {
        "class": "Car",
        "extent": [
            1.4738311767578125,
            4.1928300857543945,
            1.8161858320236206
        ],
        "position": [
            14.708027353744736,
            -22.407181446111323,
            -2.5252170306902855
        ],
        "yaw": 4.4043399386727335,
        "num_points": 9,
        "distance": 26.921823304701096,
        "speed": 1.6296535432700284e-08,
        "brake": 0.0,
        "id": 761,
        "ego_matrix": [
            [
                -0.005338448565453291,
                -0.9999857544898987,
                0.0,
                -102.61219787597656
            ],
            [
                0.9999857544898987,
                -0.005338448565453291,
                -0.0,
                -29.04216957092285
            ],
            [
                0.0,
                -0.0,
                1.0,
                -0.005737666971981525
            ],
            [
                0.0,
                0.0,
                0.0,
                1.0
            ]
        ]
    },
    {
        "class": "Car",
        "extent": [
            1.6355280876159668,
            5.0267767906188965,
            2.1515462398529053
        ],
        "position": [
            5.524891872797779,
            -5.089848721401668,
            -2.4079216390208362
        ],
        "yaw": 1.2627470187668313,
        "num_points": 302,
        "distance": 7.888540855730287,
        "speed": 8.321874911577269e-06,
        "brake": 0.0,
        "id": 806,
        "ego_matrix": [
            [
                0.005337992683053017,
                0.9999856948852539,
                -0.000295102916425094,
                -99.21536254882812
            ],
            [
                -0.9999613165855408,
                0.0053399247117340565,
                0.006988303270190954,
                -9.737322807312012
            ],
            [
                0.00698977941647172,
                0.00025778799317777157,
                0.9999755024909973,
                0.12898820638656616
            ],
            [
                0.0,
                0.0,
                0.0,
                1.0
            ]
        ]
    },
    {
        "class": "Car",
        "extent": [
            1.4738311767578125,
            4.1928300857543945,
            1.8161858320236206
        ],
        "position": [
            -41.60557205261735,
            -13.108737350256737,
            -2.6576837321658155
        ],
        "yaw": 5.960072227919651,
        "num_points": 0,
        "distance": 43.70269904209314,
        "speed": -1.6877336409457784e-05,
        "brake": 0.0,
        "id": 810,
        "ego_matrix": [
            [
                -0.9998946189880371,
                -0.009761231951415539,
                -0.010750560089945793,
                -51.90774154663086
            ],
            [
                0.009725002571940422,
                -0.9999468922615051,
                0.0034171503502875566,
                -2.836129903793335
            ],
            [
                -0.010783343575894833,
                0.0033122405875474215,
                0.9999364018440247,
                0.03815587982535362
            ],
            [
                0.0,
                0.0,
                0.0,
                1.0
            ]
        ]
    },
    {
        "class": "Car",
        "extent": [
            1.1256572008132935,
            1.8354405164718628,
            0.3289288878440857
        ],
        "position": [
            -10.582835245667793,
            45.872656256261514,
            -2.5658040254641032
        ],
        "yaw": 1.2865400994197629,
        "num_points": 0,
        "distance": 47.14743199941185,
        "speed": -1.160383330191814e-05,
        "brake": 0.0,
        "id": 818,
        "ego_matrix": [
            [
                0.029126891866326332,
                0.9995757341384888,
                -0.00011740137415472418,
                -99.60247802734375
            ],
            [
                -0.9995675683021545,
                0.029127128422260284,
                0.0040406701155006886,
                43.708824157714844
            ],
            [
                0.0040423753671348095,
                -3.415625258185173e-07,
                0.9999918341636658,
                -0.013077315874397755
            ],
            [
                0.0,
                0.0,
                0.0,
                1.0
            ]
        ]
    }
]