[
    {
        "class": "Car",
        "extent": [
            1.5107464790344238,
            4.901683330535889,
            2.128324270248413
        ],
        "position": [
            -1.3,
            0.0,
            -2.5
        ],
        "yaw": 0,
        "num_points": -1,
        "distance": -1,
        "speed": 3.1920097240867474e-06,
        "brake": 0.0,
        "id": 717,
        "ego_matrix": [
            [
                -0.9512896537780762,
                0.30828070640563965,
                -0.0033095877151936293,
                -94.29170989990234
            ],
            [
                -0.3082813024520874,
                -0.9512951970100403,
                -0.00032841687789186835,
                -2.7913546562194824
            ],
            [
                -0.003249639179557562,
                0.0007078643538989127,
                0.9999944567680359,
                0.0556669607758522
            ],
            [
                0.0,
                0.0,
                0.0,
                1.0
            ]
        ]
    },
    {
        "class": "Car",
        "extent": [
            2.098191261291504,
            6.273552894592285,
            2.3895740509033203
        ],
        "position": [
            -4.79868020057818,
            2.9076883396146394,
            -2.5423248355067956
        ],
        "yaw": 2.8184611985183365,
        "num_points": 507,
        "distance": 6.159983662071404,
        "speed": -1.2553548762537978e-05,
        "brake": 0.0,
        "id": 725,
        "ego_matrix": [
            [
                0.9999525547027588,
                0.009743819944560528,
                -8.711627742741257e-05,
                -91.85969543457031
            ],
            [
                -0.009743819013237953,
                0.9999525547027588,
                1.5297469872166403e-05,
                1.0533069372177124
            ],
            [
                8.726119267521426e-05,
                -1.4447898138314486e-05,
                1.0,
                0.02265355922281742
            ],
            [
                0.0,
                0.0,
                0.0,
                1.0
            ]
        ]
    },
    {
        "class": "Car",
        "extent": [
            1.0239027738571167,
            1.6428436040878296,
            0.3725162446498871
        ],
        "position": [
            -42.71588200968948,
            -9.789385982726616,
            -2.681189716795939
        ],
        "yaw": 2.818312592048916,
        "num_points": 0,
        "distance": 43.90520962348284,
        "speed": 3.927499449503946e-06,
        "brake": 0.0,
        "id": 727,
        "ego_matrix": [
            [
                0.9999304413795471,
                0.009909739717841148,
                -0.006394323892891407,
                -51.87472915649414
            ],
            [
                -0.009892215020954609,
                0.9999472498893738,
                0.0027665365487337112,
                0.6638532876968384
            ],
            [
                0.006421402096748352,
                -0.0027030901983380318,
                0.9999757409095764,
                0.015994491055607796
            ],
            [
                0.0,
                0.0,
                0.0,
                1.0
            ]
        ]
    },
    {
        "class": "Car",
        "extent": [
            1.385296106338501,
            4.181210041046143,
            1.9941171407699585
        ],
        "position": [
            20.99182546017709,
            -28.125507281348078,
            -2.5147993757857883
        ],
        "yaw": -0.30563794881905304,
        "num_points": 8,
        "distance": 35.18558102240399,
        "speed": -6.36188281383289e-10,
        "brake": 0.0,
        "id": 741,
        "ego_matrix": [
            [
                -0.9999699592590332,
                0.0077493926510214806,
                0.0,
                -106.82709503173828
            ],
            [
                -0.0077493926510214806,
                -0.9999699592590332,
                0.0,
                -36.41916275024414
            ],
            [
                0.0,
                -0.0,
                1.0,
                -0.011663684621453285
            ],
            [
                0.0,
                0.0,
                0.0,
                1.0
            ]
        ]
    },
    {
        "class": "Car",
        "extent": [
            1.5248334407806396,
            4.513522624969482,
            2.006814479827881
        ],
        "position": [
            3.4014878890777407,
            13.12789678267495,
            -2.495310481431467
        ],
        "yaw": 4.4043399386727335,
        "num_points": 59,
        "distance": 13.789066980577461,
        "speed": -1.0412966375907436e-08,
        "brake": 0.0,
        "id": 742,
        "ego_matrix": [
            [
                -0.005338448565453291,
                -0.9999857544898987,
                0.0,
                -102.811279296875
            ],
            [
                0.9999857544898987,
                -0.005338448565453291,
                -0.0,
                8.247767448425293
            ],
            [
                0.0,
                -0.0,
                1.0,
                0.03578554093837738
            ],
            [
                0.0,
                0.0,
                0.0,
                1.0
            ]
        ]
    },
    {
        "class": "Car",
        "extent": [
            1.4750303030014038,
            3.805800199508667,
            1.97027587890625
        ],
        "position": [
            14.958844805064157,
            -34.0799273687454,
            -2.4848673546838347
        ],
        "yaw": 1.262747950873213,
        "num_points": 6,
        "distance": 37.301247340153786,
        "speed": -2.0706996246612296e-09,
        "brake": 0.0,
        "id": 751,
        "ego_matrix": [
            [
                0.005339076742529869,
                0.9999857544898987,
                0.0,
                -99.25244903564453
            ],
            [
                -0.9999857544898987,
                0.005339076742529869,
                0.0,
                -40.22372817993164
            ],
            [
                0.0,
                -0.0,
                1.0,
                0.0420881062746048
            ],
            [
                0.0,
                0.0,
                0.0,
                1.0
            ]
        ]
    },
    {
        "class": "Car",
        "extent": [
            1.4738311767578125,
            4.1928300857543945,
            1.8161858320236206
        ],
        "position": [
            14.708028458571448,
            -22.40718490454133,
            -2.5250540807943067
        ],
        "yaw": 4.4043399386727335,
        "num_points": 11,
        "distance": 26.921811502857466,
        "speed": 2.9403381775691883e-08,
        "brake": 0.0,
        "id": 761,
        "ego_matrix": [
            [
                -0.005338448565453291,
                -0.9999857544898987,
                0.0,
                -102.61219787597656
            ],
            [
                0.9999857544898987,
                -0.005338448565453291,
                -0.0,
                -29.04216957092285
            ],
            [
                0.0,
                -0.0,
                1.0,
                -0.005546054802834988
            ],
            [
                0.0,
                0.0,
                0.0,
                1.0
            ]
        ]
    },
    {
        "class": "Car",
        "extent": [
            1.6355280876159668,
            5.0267767906188965,
            2.1515462398529053
        ],
        "position": [
            5.524892639349339,
            -5.089848235021394,
            -2.408058665781283
        ],
        "yaw": 1.2627470187668313,
        "num_points": 292,
        "distance": 7.888582906310312,
        "speed": 3.56720578689183e-07,
        "brake": 0.0,
        "id": 806,
        "ego_matrix": [
            [
                0.005337992683053017,
                0.9999856948852539,
                -0.0002945565793197602,
                -99.21536254882812
            ],
            [
                -0.9999613165855408,
                0.005339920055121183,
                0.006985803134739399,
                -9.737319946289062
            ],
            [
                0.006987276487052441,
                0.0002572550147306174,
                0.9999755024909973,
                0.12903226912021637
            ],
            [
                0.0,
                0.0,
                0.0,
                1.0
            ]
        ]
    },
    {
        "class": "Car",
        "extent": [
            1.4738311767578125,
            4.1928300857543945,
            1.8161858320236206
        ],
        "position": [
            -41.60556977751177,
            -13.108707735142682,
            -2.6576350925447287
        ],
        "yaw": 5.960072760551869,
        "num_points": 0,
        "distance": 43.70268503515448,
        "speed": 9.921581535049072e-07,
        "brake": 0.0,
        "id": 810,
        "ego_matrix": [
            [
                -0.9998947381973267,
                -0.009760458953678608,
                -0.010737942531704903,
                -51.907752990722656
            ],
            [
                0.009724289178848267,
                -0.9999468922615051,
                0.0034154215827584267,
                -2.8360977172851562
            ],
            [
                -0.010770708322525024,
                0.0033106429036706686,
                0.9999365210533142,
                0.03829050064086914
            ],
            [
                0.0,
                0.0,
                0.0,
                1.0
            ]
        ]
    },
    {
        "class": "Car",
        "extent": [
            1.1256572008132935,
            1.8354405164718628,
            0.3289288878440857
        ],
        "position": [
            -10.582832291761592,
            45.872653045220254,
            -2.56681735960595
        ],
        "yaw": 1.2865400994197629,
        "num_points": 1,
        "distance": 47.14748336953184,
        "speed": 2.1231255290508523e-08,
        "brake": 0.0,
        "id": 818,
        "ego_matrix": [
            [
                0.029126891866326332,
                0.9995757341384888,
                -0.00011740137415472418,
                -99.60247802734375
            ],
            [
                -0.9995675683021545,
                0.029127128422260284,
                0.0040406701155006886,
                43.708824157714844
            ],
            [
                0.0040423753671348095,
                -3.415625258185173e-07,
                0.9999918341636658,
                -0.013455791398882866
            ],
            [
                0.0,
                0.0,
                0.0,
                1.0
            ]
        ]
    }
]