[
    {
        "class": "Car",
        "extent": [
            1.5107464790344238,
            4.901683330535889,
            2.128324270248413
        ],
        "position": [
            -1.3,
            0.0,
            -2.5
        ],
        "yaw": 0,
        "num_points": -1,
        "distance": -1,
        "speed": 3.6494387514541712e-06,
        "brake": 0.0,
        "id": 717,
        "ego_matrix": [
            [
                -0.9512896537780762,
                0.30828070640563965,
                -0.0033095877151936293,
                -94.29170989990234
            ],
            [
                -0.3082813024520874,
                -0.9512951970100403,
                -0.00032841687789186835,
                -2.7913544178009033
            ],
            [
                -0.003249639179557562,
                0.0007078643538989127,
                0.9999944567680359,
                0.055679433047771454
            ],
            [
                0.0,
                0.0,
                0.0,
                1.0
            ]
        ]
    },
    {
        "class": "Car",
        "extent": [
            2.098191261291504,
            6.273552894592285,
            2.3895740509033203
        ],
        "position": [
            -4.798683959184789,
            2.9076872780657737,
            -2.5411456013213214
        ],
        "yaw": 2.8184611985183365,
        "num_points": 505,
        "distance": 6.159499493812598,
        "speed": -1.0342237202714649e-07,
        "brake": 0.0,
        "id": 725,
        "ego_matrix": [
            [
                0.9999525547027588,
                0.009743819944560528,
                -8.711627742741257e-05,
                -91.85969543457031
            ],
            [
                -0.009743819013237953,
                0.9999525547027588,
                1.5297469872166403e-05,
                1.0533069372177124
            ],
            [
                8.726119267521426e-05,
                -1.4447898138314486e-05,
                1.0,
                0.02384527213871479
            ],
            [
                0.0,
                0.0,
                0.0,
                1.0
            ]
        ]
    },
    {
        "class": "Car",
        "extent": [
            1.0239027738571167,
            1.6428436040878296,
            0.3725162446498871
        ],
        "position": [
            -42.71588189565911,
            -9.789386200704389,
            -2.6812021889204205
        ],
        "yaw": 2.818312592048916,
        "num_points": 0,
        "distance": 43.90521032278869,
        "speed": 3.935655378959127e-06,
        "brake": 0.0,
        "id": 727,
        "ego_matrix": [
            [
                0.9999304413795471,
                0.009909739717841148,
                -0.006394323892891407,
                -51.87472915649414
            ],
            [
                -0.009892215020954609,
                0.9999472498893738,
                0.0027665365487337112,
                0.6638532876968384
            ],
            [
                0.006421402096748352,
                -0.0027030901983380318,
                0.9999757409095764,
                0.015994491055607796
            ],
            [
                0.0,
                0.0,
                0.0,
                1.0
            ]
        ]
    },
    {
        "class": "Car",
        "extent": [
            1.385296106338501,
            4.181210041046143,
            1.9941171407699585
        ],
        "position": [
            20.99182557420746,
            -28.12550749932585,
            -2.51481184791027
        ],
        "yaw": -0.30563794881905304,
        "num_points": 11,
        "distance": 35.18558215609023,
        "speed": -1.1229402819405869e-08,
        "brake": 0.0,
        "id": 741,
        "ego_matrix": [
            [
                -0.9999699592590332,
                0.0077493926510214806,
                0.0,
                -106.82709503173828
            ],
            [
                -0.0077493926510214806,
                -0.9999699592590332,
                0.0,
                -36.41916275024414
            ],
            [
                0.0,
                -0.0,
                1.0,
                -0.011663684621453285
            ],
            [
                0.0,
                0.0,
                0.0,
                1.0
            ]
        ]
    },
    {
        "class": "Car",
        "extent": [
            1.5248334407806396,
            4.513522624969482,
            2.006814479827881
        ],
        "position": [
            3.401487991450182,
            13.127896562157746,
            -2.4953193661212776
        ],
        "yaw": 4.4043399386727335,
        "num_points": 65,
        "distance": 13.789068403689672,
        "speed": 1.8944772615119758e-09,
        "brake": 0.0,
        "id": 742,
        "ego_matrix": [
            [
                -0.005338448565453291,
                -0.9999857544898987,
                0.0,
                -102.811279296875
            ],
            [
                0.9999857544898987,
                -0.005338448565453291,
                -0.0,
                8.247767448425293
            ],
            [
                0.0,
                -0.0,
                1.0,
                0.0357891283929348
            ],
            [
                0.0,
                0.0,
                0.0,
                1.0
            ]
        ]
    },
    {
        "class": "Car",
        "extent": [
            1.4750303030014038,
            3.805800199508667,
            1.97027587890625
        ],
        "position": [
            14.958844907811876,
            -34.079927589180855,
            -2.4848763548570045
        ],
        "yaw": 1.262747950873213,
        "num_points": 4,
        "distance": 37.30124818231566,
        "speed": -3.6227462379347524e-10,
        "brake": 0.0,
        "id": 751,
        "ego_matrix": [
            [
                0.005339076742529869,
                0.9999857544898987,
                0.0,
                -99.25244903564453
            ],
            [
                -0.9999857544898987,
                0.005339076742529869,
                0.0,
                -40.22372817993164
            ],
            [
                0.0,
                -0.0,
                1.0,
                0.042091578245162964
            ],
            [
                0.0,
                0.0,
                0.0,
                1.0
            ]
        ]
    },
    {
        "class": "Car",
        "extent": [
            1.4738311767578125,
            4.1928300857543945,
            1.8161858320236206
        ],
        "position": [
            14.708028572601823,
            -22.407185122519103,
            -2.525066552918789
        ],
        "yaw": 4.4043399386727335,
        "num_points": 11,
        "distance": 26.921812916369177,
        "speed": -2.893983118077206e-08,
        "brake": 0.0,
        "id": 761,
        "ego_matrix": [
            [
                -0.005338448565453291,
                -0.9999857544898987,
                0.0,
                -102.61219787597656
            ],
            [
                0.9999857544898987,
                -0.005338448565453291,
                -0.0,
                -29.04216957092285
            ],
            [
                0.0,
                -0.0,
                1.0,
                -0.005546054802834988
            ],
            [
                0.0,
                0.0,
                0.0,
                1.0
            ]
        ]
    },
    {
        "class": "Car",
        "extent": [
            1.6355280876159668,
            5.0267767906188965,
            2.1515462398529053
        ],
        "position": [
            5.524892753379713,
            -5.089848452999166,
            -2.4080711379057647
        ],
        "yaw": 1.2627470187668313,
        "num_points": 293,
        "distance": 7.88858693404975,
        "speed": 1.3534916954562289e-08,
        "brake": 0.0,
        "id": 806,
        "ego_matrix": [
            [
                0.005337992683053017,
                0.9999856948852539,
                -0.0002945565793197602,
                -99.21536254882812
            ],
            [
                -0.9999613165855408,
                0.005339920055121183,
                0.006985803134739399,
                -9.737319946289062
            ],
            [
                0.006987276487052441,
                0.0002572550147306174,
                0.9999755024909973,
                0.12903226912021637
            ],
            [
                0.0,
                0.0,
                0.0,
                1.0
            ]
        ]
    },
    {
        "class": "Car",
        "extent": [
            1.4738311767578125,
            4.1928300857543945,
            1.8161858320236206
        ],
        "position": [
            -41.6055704747051,
            -13.108705458842838,
            -2.657646727344847
        ],
        "yaw": 5.960072760551869,
        "num_points": 0,
        "distance": 43.70268572364535,
        "speed": 1.496733536682865e-06,
        "brake": 0.0,
        "id": 810,
        "ego_matrix": [
            [
                -0.9998947381973267,
                -0.009760458953678608,
                -0.010737942531704903,
                -51.907752990722656
            ],
            [
                0.009724289178848267,
                -0.9999468922615051,
                0.0034154215827584267,
                -2.836095094680786
            ],
            [
                -0.010770708322525024,
                0.0033106429036706686,
                0.9999365210533142,
                0.038291338831186295
            ],
            [
                0.0,
                0.0,
                0.0,
                1.0
            ]
        ]
    },
    {
        "class": "Car",
        "extent": [
            1.1256572008132935,
            1.8354405164718628,
            0.3289288878440857
        ],
        "position": [
            -10.462663299063866,
            45.46125178966422,
            -2.5670227486735584
        ],
        "yaw": 1.287454096305878,
        "num_points": 0,
        "distance": 46.7202562427159,
        "speed": 1.3871273138885338,
        "brake": 0.0,
        "id": 818,
        "ego_matrix": [
            [
                0.03004070557653904,
                0.9995486736297607,
                -9.646381840866525e-06,
                -99.5899658203125
            ],
            [
                -0.999548614025116,
                0.03004070743918419,
                0.0003032346721738577,
                43.28041458129883
            ],
            [
                0.0003033876128029078,
                5.32643696260493e-07,
                0.9999999403953552,
                -0.013747996650636196
            ],
            [
                0.0,
                0.0,
                0.0,
                1.0
            ]
        ]
    }
]