[
    {
        "class": "Car",
        "extent": [
            1.5107464790344238,
            4.901683330535889,
            2.128324270248413
        ],
        "position": [
            -1.3,
            0.0,
            -2.5
        ],
        "yaw": 0,
        "num_points": -1,
        "distance": -1,
        "speed": 2.1604781102493575,
        "brake": 1.0,
        "id": 717,
        "ego_matrix": [
            [
                -0.9367397427558899,
                0.3500211238861084,
                -0.001968272030353546,
                -94.80532836914062
            ],
            [
                -0.35002344846725464,
                -0.9367403984069824,
                0.0010021781781688333,
                -3.035797357559204
            ],
            [
                -0.0014929764438420534,
                0.0016277213580906391,
                0.9999975562095642,
                0.05422401428222656
            ],
            [
                0.0,
                0.0,
                0.0,
                1.0
            ]
        ]
    },
    {
        "class": "Car",
        "extent": [
            2.098191261291504,
            6.273552894592285,
            2.3895740509033203
        ],
        "position": [
            -5.588666330166681,
            2.7616889420038744,
            -2.533757160017691
        ],
        "yaw": 2.774251127566665,
        "num_points": 495,
        "distance": 6.729044695071219,
        "speed": 1.7174119418693854,
        "brake": 0.0,
        "id": 725,
        "ego_matrix": [
            [
                0.999946653842926,
                0.009744946844875813,
                -0.0034180956427007914,
                -91.75454711914062
            ],
            [
                -0.009744826704263687,
                0.999952495098114,
                5.1846545829903334e-05,
                1.052288293838501
            ],
            [
                0.0034184386022388935,
                -1.8535034541855566e-05,
                0.999994158744812,
                0.022374553605914116
            ],
            [
                0.0,
                0.0,
                0.0,
                1.0
            ]
        ]
    },
    {
        "class": "Car",
        "extent": [
            1.0239027738571167,
            1.6428436040878296,
            0.3725162446498871
        ],
        "position": [
            -42.880000188754636,
            -11.587938557091142,
            -2.6197857628030192
        ],
        "yaw": 2.774215973840276,
        "num_points": 3,
        "distance": 44.495370698910946,
        "speed": 1.375071376872092,
        "brake": 0.0,
        "id": 727,
        "ego_matrix": [
            [
                0.9999250769615173,
                0.009757752530276775,
                0.007395850028842688,
                -51.79943084716797
            ],
            [
                -0.009779770858585835,
                0.9999479055404663,
                0.002946839202195406,
                0.6631685495376587
            ],
            [
                -0.007366709411144257,
                -0.0030189480166882277,
                0.9999683499336243,
                0.015378438867628574
            ],
            [
                0.0,
                0.0,
                0.0,
                1.0
            ]
        ]
    },
    {
        "class": "Car",
        "extent": [
            1.385296106338501,
            4.181210041046143,
            1.9941171407699585
        ],
        "position": [
            21.74161788503392,
            -27.02718628263347,
            -2.5761017057507205
        ],
        "yaw": -0.35092953052970355,
        "num_points": 8,
        "distance": 34.78222314075639,
        "speed": 1.6917083726163495,
        "brake": 0.0,
        "id": 741,
        "ego_matrix": [
            [
                -0.9999766945838928,
                0.006666887551546097,
                0.0014796238392591476,
                -106.92909240722656
            ],
            [
                -0.006666993256658316,
                -0.9999777674674988,
                -6.641177606070414e-05,
                -36.41843795776367
            ],
            [
                0.0014791481662541628,
                -7.627487502759323e-05,
                0.999998927116394,
                -0.012285365723073483
            ],
            [
                0.0,
                0.0,
                0.0,
                1.0
            ]
        ]
    },
    {
        "class": "Car",
        "extent": [
            1.5248334407806396,
            4.513522624969482,
            2.006814479827881
        ],
        "position": [
            2.232662854598672,
            13.41925852485554,
            -2.4917313080372816
        ],
        "yaw": 4.360131065103255,
        "num_points": 54,
        "distance": 13.83004004660384,
        "speed": 0.8457464196732857,
        "brake": 0.0,
        "id": 742,
        "ego_matrix": [
            [
                -0.005338565446436405,
                -0.9999857544898987,
                5.222354047873523e-06,
                -102.81155395507812
            ],
            [
                0.9999852776527405,
                -0.005338567774742842,
                -0.0009782173437997699,
                8.298057556152344
            ],
            [
                0.0009782313136383891,
                -0.0,
                0.9999995231628418,
                0.0353756882250309
            ],
            [
                0.0,
                0.0,
                0.0,
                1.0
            ]
        ]
    },
    {
        "class": "Car",
        "extent": [
            1.4750303030014038,
            3.805800199508667,
            1.97027587890625
        ],
        "position": [
            15.902982015465057,
            -33.338567882629896,
            -2.5407775044066874
        ],
        "yaw": 1.2195445537732936,
        "num_points": 8,
        "distance": 37.02459312100304,
        "speed": 1.0607856578137185,
        "brake": 0.0,
        "id": 751,
        "ego_matrix": [
            [
                0.006344708614051342,
                0.9999798536300659,
                -2.3187258193502203e-05,
                -99.25076293945312
            ],
            [
                -0.9999797940254211,
                0.0063447169959545135,
                0.00038049579598009586,
                -40.286869049072266
            ],
            [
                0.0003806352324318141,
                2.0772655261680484e-05,
                0.9999999403953552,
                0.042028866708278656
            ],
            [
                0.0,
                0.0,
                0.0,
                1.0
            ]
        ]
    },
    {
        "class": "Car",
        "extent": [
            1.4738311767578125,
            4.1928300857543945,
            1.8161858320236206
        ],
        "position": [
            15.077469143912989,
            -21.52391045975654,
            -2.570561746029847
        ],
        "yaw": 4.360151305127539,
        "num_points": 4,
        "distance": 26.404859116371313,
        "speed": 1.807637715170501,
        "brake": 0.0,
        "id": 761,
        "ego_matrix": [
            [
                -0.005358811002224684,
                -0.9999856352806091,
                1.7107331586885266e-05,
                -102.61279296875
            ],
            [
                0.9999814629554749,
                -0.005358838010579348,
                -0.002894108649343252,
                -28.930683135986328
            ],
            [
                0.0028941589407622814,
                1.5980330090314965e-06,
                0.9999958276748657,
                -0.005753803066909313
            ],
            [
                0.0,
                0.0,
                0.0,
                1.0
            ]
        ]
    },
    {
        "class": "Car",
        "extent": [
            1.6355280876159668,
            5.0267767906188965,
            2.1515462398529053
        ],
        "position": [
            5.2127124337494175,
            -4.832248187099054,
            -2.4240608013284923
        ],
        "yaw": 1.2185412078326063,
        "num_points": 322,
        "distance": 7.509931040111168,
        "speed": 1.715620006392212,
        "brake": 0.0,
        "id": 806,
        "ego_matrix": [
            [
                0.005341109819710255,
                0.9999856948852539,
                -0.00030807984876446426,
                -99.21480560302734
            ],
            [
                -0.9999423623085022,
                0.005343747790902853,
                0.009313841350376606,
                -9.841885566711426
            ],
            [
                0.009315354749560356,
                0.0002583158202469349,
                0.9999565482139587,
                0.12830525636672974
            ],
            [
                0.0,
                0.0,
                0.0,
                1.0
            ]
        ]
    },
    {
        "class": "Car",
        "extent": [
            1.4738311767578125,
            4.1928300857543945,
            1.8161858320236206
        ],
        "position": [
            -41.449738213858566,
            -14.78786449602836,
            -2.6003153555126213
        ],
        "yaw": 5.915908761246758,
        "num_points": 5,
        "distance": 44.08540999353888,
        "speed": 1.8086929522171433,
        "brake": 0.0,
        "id": 810,
        "ego_matrix": [
            [
                -0.9999203085899353,
                -0.009706903249025345,
                -0.008071291260421276,
                -52.01921081542969
            ],
            [
                0.009679715149104595,
                -0.9999473690986633,
                0.0034008424263447523,
                -2.83493709564209
            ],
            [
                -0.008103878237307072,
                0.0033224436920136213,
                0.9999616146087646,
                0.03792203962802887
            ],
            [
                0.0,
                0.0,
                0.0,
                1.0
            ]
        ]
    },
    {
        "class": "Car",
        "extent": [
            1.1256572008132935,
            1.8354405164718628,
            0.3289288878440857
        ],
        "position": [
            -12.78618811723219,
            44.34652875427138,
            -2.5127698821372855
        ],
        "yaw": 1.2426954131293524,
        "num_points": 1,
        "distance": 46.22137202207702,
        "speed": 1.6946284104201539,
        "brake": 0.0,
        "id": 818,
        "ego_matrix": [
            [
                0.02949119359254837,
                0.999565064907074,
                -4.1643848817329854e-05,
                -99.56795501708984
            ],
            [
                -0.9995622038841248,
                0.029491208493709564,
                0.0023917441722005606,
                42.52581024169922
            ],
            [
                0.0023919318336993456,
                -2.89097642962588e-05,
                0.9999971389770508,
                -0.013581027276813984
            ],
            [
                0.0,
                0.0,
                0.0,
                1.0
            ]
        ]
    }
]