[
    {
        "class": "Car",
        "extent": [
            1.5107464790344238,
            4.901683330535889,
            2.128324270248413
        ],
        "position": [
            -1.3,
            0.0,
            -2.5
        ],
        "yaw": 0,
        "num_points": -1,
        "distance": -1,
        "speed": 0.7688829053714235,
        "brake": 0.0,
        "id": 717,
        "ego_matrix": [
            [
                -0.9231621623039246,
                0.384392112493515,
                -0.003794832853600383,
                -95.11219787597656
            ],
            [
                -0.3843953609466553,
                -0.9231685996055603,
                0.00014036858920007944,
                -3.207108736038208
            ],
            [
                -0.003449313808232546,
                0.0015882991719990969,
                0.9999927878379822,
                0.054737966507673264
            ],
            [
                0.0,
                0.0,
                0.0,
                1.0
            ]
        ]
    },
    {
        "class": "Car",
        "extent": [
            2.098191261291504,
            6.273552894592285,
            2.3895740509033203
        ],
        "position": [
            -7.741734907640581,
            1.912065476715354,
            -2.550704203129874
        ],
        "yaw": 2.737297102200131,
        "num_points": 299,
        "distance": 8.372367986375888,
        "speed": 4.343428276486805,
        "brake": 0.0,
        "id": 725,
        "ego_matrix": [
            [
                0.999951183795929,
                0.009740092791616917,
                -0.0016594328917562962,
                -89.90022277832031
            ],
            [
                -0.009740079753100872,
                0.9999525547027588,
                1.616379631741438e-05,
                1.0342156887054443
            ],
            [
                0.0016595115885138512,
                -0.0,
                0.9999986290931702,
                0.023216761648654938
            ],
            [
                0.0,
                0.0,
                0.0,
                1.0
            ]
        ]
    },
    {
        "class": "Car",
        "extent": [
            1.0239027738571167,
            1.6428436040878296,
            0.3725162446498871
        ],
        "position": [
            -43.646648883366495,
            -13.449578108271426,
            -2.7003179370130703
        ],
        "yaw": 2.736950892298718,
        "num_points": 0,
        "distance": 45.75164288852725,
        "speed": 2.049157791617938,
        "brake": 0.0,
        "id": 727,
        "ego_matrix": [
            [
                0.999912440776825,
                0.01004535797983408,
                0.008617945946753025,
                -50.84870529174805
            ],
            [
                -0.01008591428399086,
                0.9999382495880127,
                0.004675535950809717,
                0.6544904112815857
            ],
            [
                -0.008570445701479912,
                -0.004762046504765749,
                0.999951958656311,
                0.021850300952792168
            ],
            [
                0.0,
                0.0,
                0.0,
                1.0
            ]
        ]
    },
    {
        "class": "Car",
        "extent": [
            1.385296106338501,
            4.181210041046143,
            1.9941171407699585
        ],
        "position": [
            24.091396525094837,
            -25.39749738426616,
            -2.5195640997525177
        ],
        "yaw": -0.39444771327047023,
        "num_points": 2,
        "distance": 35.096673106804865,
        "speed": 4.327855770854142,
        "brake": 0.0,
        "id": 741,
        "ego_matrix": [
            [
                -0.9999995231628418,
                0.00010765586193883792,
                0.0009663127129897475,
                -108.78990173339844
            ],
            [
                -0.00010767772619146854,
                -1.0,
                -2.2575904949917458e-05,
                -36.41361618041992
            ],
            [
                0.0009663102682679892,
                -2.2679943867842667e-05,
                0.9999995231628418,
                -0.012070064432919025
            ],
            [
                0.0,
                0.0,
                0.0,
                1.0
            ]
        ]
    },
    {
        "class": "Car",
        "extent": [
            1.5248334407806396,
            4.513522624969482,
            2.006814479827881
        ],
        "position": [
            0.8915228692468193,
            14.784709705007133,
            -2.488741585265773
        ],
        "yaw": 4.323182634455605,
        "num_points": 46,
        "distance": 15.019197340935147,
        "speed": 3.8937270542424933,
        "brake": 0.0,
        "id": 742,
        "ego_matrix": [
            [
                -0.005348928272724152,
                -0.9999856948852539,
                1.0467429092386737e-05,
                -102.81849670410156
            ],
            [
                0.9999837279319763,
                -0.00534893898293376,
                -0.0019726462196558714,
                9.599260330200195
            ],
            [
                0.001972673926502466,
                -8.428468589727345e-08,
                0.9999980330467224,
                0.034954510629177094
            ],
            [
                0.0,
                0.0,
                0.0,
                1.0
            ]
        ]
    },
    {
        "class": "Car",
        "extent": [
            1.4750303030014038,
            3.805800199508667,
            1.97027587890625
        ],
        "position": [
            17.326861896020695,
            -34.04360196540999,
            -2.502559067471044
        ],
        "yaw": 1.190576285332066,
        "num_points": 0,
        "distance": 38.281193552829855,
        "speed": 4.250591795686041,
        "brake": 0.0,
        "id": 751,
        "ego_matrix": [
            [
                0.014334737323224545,
                0.9998972415924072,
                -4.971801445208257e-06,
                -99.22171020507812
            ],
            [
                -0.9998970627784729,
                0.01433473825454712,
                0.0005516859237104654,
                -41.795169830322266
            ],
            [
                0.0005517005338333547,
                -2.9369837193371495e-06,
                0.9999998211860657,
                0.04200044646859169
            ],
            [
                0.0,
                0.0,
                0.0,
                1.0
            ]
        ]
    },
    {
        "class": "Car",
        "extent": [
            1.4738311767578125,
            4.1928300857543945,
            1.8161858320236206
        ],
        "position": [
            14.854472657091424,
            -19.259259230275013,
            -2.5352703781138337
        ],
        "yaw": 4.323255871385582,
        "num_points": 17,
        "distance": 24.45407982135806,
        "speed": 4.087091672386469,
        "brake": 0.0,
        "id": 761,
        "ego_matrix": [
            [
                -0.005422125104814768,
                -0.9999852776527405,
                1.0495154128875583e-05,
                -102.62215423583984
            ],
            [
                0.9999839067459106,
                -0.005422135349363089,
                -0.001640882226638496,
                -27.196359634399414
            ],
            [
                0.0016409150557592511,
                1.5979165937096695e-06,
                0.9999986290931702,
                -0.005664539057761431
            ],
            [
                0.0,
                0.0,
                0.0,
                1.0
            ]
        ]
    },
    {
        "class": "Car",
        "extent": [
            1.6355280876159668,
            5.0267767906188965,
            2.1515462398529053
        ],
        "position": [
            5.712785176584778,
            -6.194758017117047,
            -2.4119447719985576
        ],
        "yaw": 1.1816056935162431,
        "num_points": 172,
        "distance": 8.765182197057506,
        "speed": 4.109961027613189,
        "brake": 0.0,
        "id": 806,
        "ego_matrix": [
            [
                0.005364519078284502,
                0.9999856352806091,
                -0.00027652367134578526,
                -99.20525360107422
            ],
            [
                -0.9999507069587708,
                0.005366642493754625,
                0.008355467580258846,
                -11.621583938598633
            ],
            [
                0.008356831036508083,
                0.0002316869649803266,
                0.9999650716781616,
                0.12844239175319672
            ],
            [
                0.0,
                0.0,
                0.0,
                1.0
            ]
        ]
    },
    {
        "class": "Car",
        "extent": [
            1.4738311767578125,
            4.1928300857543945,
            1.8161858320236206
        ],
        "position": [
            -39.62871522751453,
            -15.538006060710538,
            -2.6780999567218737
        ],
        "yaw": 5.87934648895717,
        "num_points": 0,
        "distance": 42.6501690770894,
        "speed": 4.091727871767748,
        "brake": 0.0,
        "id": 810,
        "ego_matrix": [
            [
                -0.9999284744262695,
                -0.009306410327553749,
                -0.007509996648877859,
                -53.755218505859375
            ],
            [
                0.00928305834531784,
                -0.999951958656311,
                0.0031383419409394264,
                -2.8179523944854736
            ],
            [
                -0.007538842968642712,
                0.003068401711061597,
                0.9999668598175049,
                0.03352605551481247
            ],
            [
                0.0,
                0.0,
                0.0,
                1.0
            ]
        ]
    },
    {
        "class": "Car",
        "extent": [
            1.1256572008132935,
            1.8354405164718628,
            0.3289288878440857
        ],
        "position": [
            -14.435539358182599,
            43.069057406475196,
            -2.545189351131322
        ],
        "yaw": 1.20568719451523,
        "num_points": 0,
        "distance": 45.49512601671751,
        "speed": 1.9629798511469296,
        "brake": 0.0,
        "id": 818,
        "ego_matrix": [
            [
                0.0294418316334486,
                0.9995664954185486,
                -0.00014909455785527825,
                -99.54119873046875
            ],
            [
                -0.9995626211166382,
                0.029442131519317627,
                0.0027823764830827713,
                41.60212326049805
            ],
            [
                0.002785559743642807,
                6.711109745083377e-05,
                0.9999961256980896,
                -0.01354900375008583
            ],
            [
                0.0,
                0.0,
                0.0,
                1.0
            ]
        ]
    }
]