[
    {
        "class": "Car",
        "extent": [
            1.5107464790344238,
            4.901683330535889,
            2.128324270248413
        ],
        "position": [
            -1.3,
            0.0,
            -2.5
        ],
        "yaw": 0,
        "num_points": -1,
        "distance": -1,
        "speed": 2.4091352652841453,
        "brake": 0.0,
        "id": 717,
        "ego_matrix": [
            [
                -0.8709487318992615,
                0.4913623631000519,
                -0.003349173814058304,
                -95.80061340332031
            ],
            [
                -0.49137064814567566,
                -0.8709473013877869,
                0.0023766513913869858,
                -3.7233314514160156
            ],
            [
                -0.0017491568578407168,
                0.003715627593919635,
                0.9999915361404419,
                0.052442893385887146
            ],
            [
                0.0,
                0.0,
                0.0,
                1.0
            ]
        ]
    },
    {
        "class": "Car",
        "extent": [
            2.098191261291504,
            6.273552894592285,
            2.3895740509033203
        ],
        "position": [
            -10.73816670851132,
            0.11247074976577717,
            -2.544818404714627
        ],
        "yaw": 2.618188820342991,
        "num_points": 151,
        "distance": 11.036166664304595,
        "speed": 4.650379250284546,
        "brake": 0.0,
        "id": 725,
        "ego_matrix": [
            [
                0.999952495098114,
                0.009740092791616917,
                -0.00031719403341412544,
                -87.63556671142578
            ],
            [
                -0.009740091860294342,
                0.9999525547027588,
                3.7889449231442995e-06,
                1.0121567249298096
            ],
            [
                0.00031721589039079845,
                -6.992659677962365e-07,
                0.9999999403953552,
                0.023715801537036896
            ],
            [
                0.0,
                0.0,
                0.0,
                1.0
            ]
        ]
    },
    {
        "class": "Car",
        "extent": [
            1.0239027738571167,
            1.6428436040878296,
            0.3725162446498871
        ],
        "position": [
            -43.55402449684234,
            -18.8233742697375,
            -2.6747075727696346
        ],
        "yaw": 2.617996543233179,
        "num_points": 1,
        "distance": 47.52290531280668,
        "speed": 2.3303321887785566,
        "brake": 0.0,
        "id": 727,
        "ego_matrix": [
            [
                0.9999274015426636,
                0.009899810887873173,
                0.006861293688416481,
                -49.74983596801758
            ],
            [
                -0.009932129643857479,
                0.9999396204948425,
                0.004692317917943001,
                0.6444757580757141
            ],
            [
                -0.006814426742494106,
                -0.00476012472063303,
                0.9999654293060303,
                0.021586362272500992
            ],
            [
                0.0,
                0.0,
                0.0,
                1.0
            ]
        ]
    },
    {
        "class": "Car",
        "extent": [
            1.385296106338501,
            4.181210041046143,
            1.9941171407699585
        ],
        "position": [
            28.018143063926562,
            -20.984096473902827,
            -2.5908616462448357
        ],
        "yaw": 5.766428991370027,
        "num_points": 0,
        "distance": 35.10072947456648,
        "speed": 4.553816690412467,
        "brake": 0.0,
        "id": 741,
        "ego_matrix": [
            [
                -0.999995231628418,
                -0.0030926750041544437,
                0.00016018407768569887,
                -111.02411651611328
            ],
            [
                0.003092673374339938,
                -0.999995231628418,
                -1.098165193980094e-05,
                -36.40566635131836
            ],
            [
                0.00016021727060433477,
                -1.0486201972526032e-05,
                1.0,
                -0.011730937287211418
            ],
            [
                0.0,
                0.0,
                0.0,
                1.0
            ]
        ]
    },
    {
        "class": "Car",
        "extent": [
            1.5248334407806396,
            4.513522624969482,
            2.006814479827881
        ],
        "position": [
            -2.8181141819706745,
            16.9973874822476,
            -2.4563303546483226
        ],
        "yaw": 4.204078879972318,
        "num_points": 30,
        "distance": 17.40363489548831,
        "speed": 4.703225891371218,
        "brake": 0.0,
        "id": 742,
        "ego_matrix": [
            [
                -0.005353468470275402,
                -0.9999856948852539,
                1.8773193914967123e-06,
                -102.83043670654297
            ],
            [
                0.9999856352806091,
                -0.005353468935936689,
                -0.00041937423520721495,
                11.826558113098145
            ],
            [
                0.000419378251535818,
                -3.678141808904911e-07,
                0.9999999403953552,
                0.035611629486083984
            ],
            [
                0.0,
                0.0,
                0.0,
                1.0
            ]
        ]
    },
    {
        "class": "Car",
        "extent": [
            1.4750303030014038,
            3.805800199508667,
            1.97027587890625
        ],
        "position": [
            21.460539954523625,
            -33.4600568426207,
            -2.5948727144513333
        ],
        "yaw": 1.0742307667897741,
        "num_points": 0,
        "distance": 39.83545585851024,
        "speed": 4.575202283446335,
        "brake": 0.0,
        "id": 751,
        "ego_matrix": [
            [
                0.017097191885113716,
                0.9998538494110107,
                -3.959630248573376e-06,
                -99.18254852294922
            ],
            [
                -0.9998538494110107,
                0.017097191885113716,
                4.4642307329922915e-05,
                -44.04936599731445
            ],
            [
                4.470347994356416e-05,
                3.1957933970261365e-06,
                1.0,
                0.04208432883024216
            ],
            [
                0.0,
                0.0,
                0.0,
                1.0
            ]
        ]
    },
    {
        "class": "Car",
        "extent": [
            1.8779358863830566,
            3.866220712661743,
            1.9051965475082397
        ],
        "position": [
            27.85459770746265,
            -38.054094648394894,
            -2.633096202373447
        ],
        "yaw": 4.204080877343135,
        "num_points": 0,
        "distance": 47.23267860882478,
        "speed": 4.439823362536625,
        "brake": 0.0,
        "id": 757,
        "ego_matrix": [
            [
                -0.005355494096875191,
                -0.9999856352806091,
                8.997909753816202e-05,
                -102.49398040771484
            ],
            [
                0.99998539686203,
                -0.005355555098503828,
                -0.0006892728852108121,
                -51.192474365234375
            ],
            [
                0.0006897448911331594,
                8.628638897789642e-05,
                0.9999997615814209,
                0.009746684692800045
            ],
            [
                0.0,
                0.0,
                0.0,
                1.0
            ]
        ]
    },
    {
        "class": "Car",
        "extent": [
            1.4738311767578125,
            4.1928300857543945,
            1.8161858320236206
        ],
        "position": [
            15.117880476082377,
            -15.193493301009939,
            -2.585755678893044
        ],
        "yaw": 4.204160639017783,
        "num_points": 5,
        "distance": 21.58885548628908,
        "speed": 4.488450206758434,
        "brake": 0.0,
        "id": 761,
        "ego_matrix": [
            [
                -0.005435244645923376,
                -0.9999852180480957,
                3.33235561811307e-06,
                -102.63394927978516
            ],
            [
                0.9999851584434509,
                -0.005435245577245951,
                -0.0004171013133600354,
                -25.02353286743164
            ],
            [
                0.00041711327503435314,
                1.065258402377367e-06,
                0.9999999403953552,
                -0.005576152820140123
            ],
            [
                0.0,
                0.0,
                0.0,
                1.0
            ]
        ]
    },
    {
        "class": "Car",
        "extent": [
            1.6355280876159668,
            5.0267767906188965,
            2.1515462398529053
        ],
        "position": [
            6.583938828197629,
            -7.0692031882423,
            -2.4361349037027473
        ],
        "yaw": 1.0625004742943565,
        "num_points": 110,
        "distance": 9.962762542545228,
        "speed": 4.351329790847356,
        "brake": 0.0,
        "id": 806,
        "ego_matrix": [
            [
                0.005367542617022991,
                0.9999855756759644,
                -0.00027101123123429716,
                -99.19379425048828
            ],
            [
                -0.9999587535858154,
                0.005369383841753006,
                0.0073238760232925415,
                -13.754019737243652
            ],
            [
                0.007325225509703159,
                0.00023168884217739105,
                0.9999731779098511,
                0.12878373265266418
            ],
            [
                0.0,
                0.0,
                0.0,
                1.0
            ]
        ]
    },
    {
        "class": "Car",
        "extent": [
            1.4738311767578125,
            4.1928300857543945,
            1.8161858320236206
        ],
        "position": [
            -36.47629710693115,
            -18.782409431425663,
            -2.6632661052515894
        ],
        "yaw": 5.760360978826283,
        "num_points": 0,
        "distance": 41.11437876254734,
        "speed": 4.491518744339948,
        "brake": 0.0,
        "id": 810,
        "ego_matrix": [
            [
                -0.999957799911499,
                -0.009160555899143219,
                0.0007133740000426769,
                -55.93434143066406
            ],
            [
                0.00916054006665945,
                -0.9999580383300781,
                -2.6492998586036265e-05,
                -2.7976067066192627
            ],
            [
                0.0007135867490433156,
                -1.995698949031066e-05,
                0.9999997615814209,
                0.020495466887950897
            ],
            [
                0.0,
                0.0,
                0.0,
                1.0
            ]
        ]
    },
    {
        "class": "Car",
        "extent": [
            1.1256572008132935,
            1.8354405164718628,
            0.3289288878440857
        ],
        "position": [
            -19.821583303585367,
            40.3830494857423,
            -2.4483928892473052
        ],
        "yaw": 1.084323747847011,
        "num_points": 0,
        "distance": 45.05197529708328,
        "speed": 2.287596325739736,
        "brake": 0.0,
        "id": 818,
        "ego_matrix": [
            [
                0.027187587693333626,
                0.999630331993103,
                -0.00016220935503952205,
                -99.51214599609375
            ],
            [
                -0.9996280670166016,
                0.02718787081539631,
                0.0021242594812065363,
                40.54926300048828
            ],
            [
                0.0021278841886669397,
                0.00010439554898766801,
                0.9999977350234985,
                -0.013601645827293396
            ],
            [
                0.0,
                0.0,
                0.0,
                1.0
            ]
        ]
    }
]