[
    {
        "class": "Car",
        "extent": [
            1.5107464790344238,
            4.901683330535889,
            2.128324270248413
        ],
        "position": [
            -1.3,
            0.0,
            -2.5
        ],
        "yaw": 0,
        "num_points": -1,
        "distance": -1,
        "speed": 3.1412176780367087,
        "brake": 0.0,
        "id": 717,
        "ego_matrix": [
            [
                -0.7627532482147217,
                0.64668208360672,
                -0.0031323491130024195,
                -96.86719512939453
            ],
            [
                -0.6466888189315796,
                -0.7627511024475098,
                0.0020843471866101027,
                -4.775126934051514
            ],
            [
                -0.0010412927949801087,
                0.00361549761146307,
                0.9999929070472717,
                0.04898017644882202
            ],
            [
                0.0,
                0.0,
                0.0,
                1.0
            ]
        ]
    },
    {
        "class": "Car",
        "extent": [
            2.098191261291504,
            6.273552894592285,
            2.3895740509033203
        ],
        "position": [
            -13.863270888696189,
            -3.0941290206490835,
            -2.5494516436177355
        ],
        "yaw": 2.428616758151771,
        "num_points": 88,
        "distance": 14.431341511201904,
        "speed": 4.738084930393444,
        "brake": 0.0,
        "id": 725,
        "ego_matrix": [
            [
                0.9999525547027588,
                0.009740092791616917,
                -0.00012873296509496868,
                -85.283447265625
            ],
            [
                -0.009740092791616917,
                0.9999525547027588,
                1.9670449091790942e-06,
                0.9892464280128479
            ],
            [
                0.00012874601816292852,
                -7.130805670385598e-07,
                1.0,
                0.023797741159796715
            ],
            [
                0.0,
                0.0,
                0.0,
                1.0
            ]
        ]
    },
    {
        "class": "Car",
        "extent": [
            1.0239027738571167,
            1.6428436040878296,
            0.3725162446498871
        ],
        "position": [
            -41.674071544387,
            -27.139603437176927,
            -2.6675335521062835
        ],
        "yaw": 2.428575745470984,
        "num_points": 0,
        "distance": 49.803634898122894,
        "speed": 2.5226793102697678,
        "brake": 0.0,
        "id": 727,
        "ego_matrix": [
            [
                0.9999337792396545,
                0.009752269834280014,
                0.006109993904829025,
                -48.52052307128906
            ],
            [
                -0.009780923835933208,
                0.9999412298202515,
                0.0046773990616202354,
                0.6332221627235413
            ],
            [
                -0.0060640196315944195,
                -0.004736850969493389,
                0.9999704360961914,
                0.02161220833659172
            ],
            [
                0.0,
                0.0,
                0.0,
                1.0
            ]
        ]
    },
    {
        "class": "Car",
        "extent": [
            1.385296106338501,
            4.181210041046143,
            1.9941171407699585
        ],
        "position": [
            31.6954730229871,
            -13.479298174481308,
            -2.5750403465484437
        ],
        "yaw": 5.575259298840869,
        "num_points": 0,
        "distance": 34.53875102278353,
        "speed": 4.606600259591151,
        "brake": 0.0,
        "id": 741,
        "ego_matrix": [
            [
                -0.9999889731407166,
                -0.004690303932875395,
                4.671783608500846e-05,
                -113.31754302978516
            ],
            [
                0.004690303932875395,
                -0.9999889731407166,
                -2.710912212933181e-06,
                -36.39443588256836
            ],
            [
                4.673004150390625e-05,
                -2.4917617338360287e-06,
                1.0,
                -0.011683215387165546
            ],
            [
                0.0,
                0.0,
                0.0,
                1.0
            ]
        ]
    },
    {
        "class": "Car",
        "extent": [
            1.5248334407806396,
            4.513522624969482,
            2.006814479827881
        ],
        "position": [
            -9.014496345633605,
            18.339910285749202,
            -2.4549419305437388
        ],
        "yaw": 4.0145066846230435,
        "num_points": 22,
        "distance": 20.582521554394468,
        "speed": 4.777638799632386,
        "brake": 0.0,
        "id": 742,
        "ego_matrix": [
            [
                -0.005353349726647139,
                -0.9999856948852539,
                -1.229970507665712e-07,
                -102.84317016601562
            ],
            [
                0.9999856948852539,
                -0.005353349726647139,
                -6.139431206975132e-05,
                14.202631950378418
            ],
            [
                6.139277684269473e-05,
                -4.5166049744693737e-07,
                1.0,
                0.03576307371258736
            ],
            [
                0.0,
                0.0,
                0.0,
                1.0
            ]
        ]
    },
    {
        "class": "Car",
        "extent": [
            1.4750303030014038,
            3.805800199508667,
            1.97027587890625
        ],
        "position": [
            27.313362811074,
            -30.23452804089637,
            -2.586408103783615
        ],
        "yaw": 0.8860749736662585,
        "num_points": 0,
        "distance": 40.82690265969765,
        "speed": 4.581337194779479,
        "brake": 0.0,
        "id": 751,
        "ego_matrix": [
            [
                0.01851329393684864,
                0.9998286366462708,
                -1.199706161969516e-06,
                -99.13973236083984
            ],
            [
                -0.9998286366462708,
                0.01851329393684864,
                7.250799171742983e-06,
                -46.340667724609375
            ],
            [
                7.271766662597656e-06,
                1.0652644277797663e-06,
                1.0,
                0.04209066182374954
            ],
            [
                0.0,
                0.0,
                0.0,
                1.0
            ]
        ]
    },
    {
        "class": "Car",
        "extent": [
            1.8779358863830566,
            3.866220712661743,
            1.9051965475082397
        ],
        "position": [
            31.56654261364665,
            -30.04552797974509,
            -2.6135995877264717
        ],
        "yaw": 4.014508282519698,
        "num_points": 0,
        "distance": 43.65788894307395,
        "speed": 4.5091245090294745,
        "brake": 0.0,
        "id": 757,
        "ego_matrix": [
            [
                -0.0053548989817500114,
                -0.9999856352806091,
                9.025558392750099e-05,
                -102.50599670410156
            ],
            [
                0.9999855160713196,
                -0.005354946944862604,
                -0.0005420458619482815,
                -48.94704818725586
            ],
            [
                0.0005425214185379446,
                8.735168376006186e-05,
                0.9999998807907104,
                0.009787235409021378
            ],
            [
                0.0,
                0.0,
                0.0,
                1.0
            ]
        ]
    },
    {
        "class": "Car",
        "extent": [
            1.4738311767578125,
            4.1928300857543945,
            1.8161858320236206
        ],
        "position": [
            14.733828983804944,
            -9.974859755829092,
            -2.573901486931084
        ],
        "yaw": 4.014590973671544,
        "num_points": 12,
        "distance": 17.978000793661554,
        "speed": 4.559671147402243,
        "brake": 0.0,
        "id": 761,
        "ego_matrix": [
            [
                -0.005437629297375679,
                -0.9999852180480957,
                1.555297330924077e-06,
                -102.64625549316406
            ],
            [
                0.9999852180480957,
                -0.005437629297375679,
                -9.011509246192873e-05,
                -22.752513885498047
            ],
            [
                9.012221562443301e-05,
                1.0652619266693364e-06,
                1.0,
                -0.005552615970373154
            ],
            [
                0.0,
                0.0,
                0.0,
                1.0
            ]
        ]
    },
    {
        "class": "Car",
        "extent": [
            1.6355280876159668,
            5.0267767906188965,
            2.1515462398529053
        ],
        "position": [
            7.688904137239882,
            -7.022980001266575,
            -2.4361670112579894
        ],
        "yaw": 0.8729284121031367,
        "num_points": 93,
        "distance": 10.69469048811589,
        "speed": 4.389642494147025,
        "brake": 0.0,
        "id": 806,
        "ego_matrix": [
            [
                0.005367550067603588,
                0.9999855756759644,
                -0.0002699856413528323,
                -99.18207550048828
            ],
            [
                -0.9999601244926453,
                0.005369339603930712,
                0.007132791448384523,
                -15.944803237915039
            ],
            [
                0.007134138140827417,
                0.00023168929328676313,
                0.9999745488166809,
                0.12884420156478882
            ],
            [
                0.0,
                0.0,
                0.0,
                1.0
            ]
        ]
    },
    {
        "class": "Car",
        "extent": [
            1.4738311767578125,
            4.1928300857543945,
            1.8161858320236206
        ],
        "position": [
            -32.08124573812339,
            -23.477277677313918,
            -2.64473490513721
        ],
        "yaw": 5.570787851370627,
        "num_points": 1,
        "distance": 39.84198185288997,
        "speed": 4.560548765021883,
        "brake": 0.0,
        "id": 810,
        "ego_matrix": [
            [
                -0.9999580383300781,
                -0.009161734953522682,
                0.00010805194324348122,
                -58.20591354370117
            ],
            [
                0.009161734022200108,
                -0.9999580383300781,
                -8.230781531892717e-06,
                -2.776860475540161
            ],
            [
                0.00010812281834660098,
                -7.240493232529843e-06,
                1.0,
                0.02118062414228916
            ],
            [
                0.0,
                0.0,
                0.0,
                1.0
            ]
        ]
    },
    {
        "class": "Car",
        "extent": [
            1.1256572008132935,
            1.8354405164718628,
            0.3289288878440857
        ],
        "position": [
            -27.83848586745139,
            35.34361518561545,
            -2.4623755894187904
        ],
        "yaw": 0.8929480598075348,
        "num_points": 1,
        "distance": 45.0579152128072,
        "speed": 2.5213819670878017,
        "brake": 0.0,
        "id": 818,
        "ego_matrix": [
            [
                0.025384534150362015,
                0.9996777772903442,
                -0.00026817788602784276,
                -99.4810791015625
            ],
            [
                -0.9996737837791443,
                0.025385189801454544,
                0.0028186417184770107,
                39.34547424316406
            ],
            [
                0.002824540948495269,
                0.000196540480828844,
                0.9999960064888,
                -0.013546104542911053
            ],
            [
                0.0,
                0.0,
                0.0,
                1.0
            ]
        ]
    }
]