[
    {
        "class": "Car",
        "extent": [
            1.5107464790344238,
            4.901683330535889,
            2.128324270248413
        ],
        "position": [
            -1.3,
            0.0,
            -2.5
        ],
        "yaw": 0,
        "num_points": -1,
        "distance": -1,
        "speed": 2.8589175003102936,
        "brake": 0.0,
        "id": 717,
        "ego_matrix": [
            [
                -0.6311706900596619,
                0.7756412625312805,
                -0.002033428056165576,
                -97.70230102539062
            ],
            [
                -0.7756354212760925,
                -0.631173849105835,
                -0.0030333432368934155,
                -5.979367733001709
            ],
            [
                -0.0036362330429255962,
                -0.0003373586223460734,
                0.9999933242797852,
                0.04467300325632095
            ],
            [
                0.0,
                0.0,
                0.0,
                1.0
            ]
        ]
    },
    {
        "class": "Car",
        "extent": [
            2.098191261291504,
            6.273552894592285,
            2.3895740509033203
        ],
        "position": [
            -16.025569428458727,
            -7.092224675155338,
            -2.572006520336561
        ],
        "yaw": 2.244123077843224,
        "num_points": 51,
        "distance": 17.71253070258135,
        "speed": 4.763494433054992,
        "brake": 0.0,
        "id": 725,
        "ego_matrix": [
            [
                0.9999525547027588,
                0.009740092791616917,
                -6.984657375141978e-05,
                -82.90678405761719
            ],
            [
                -0.009740092791616917,
                0.9999525547027588,
                1.3727494660997763e-06,
                0.9660971760749817
            ],
            [
                6.98566364008002e-05,
                -6.92372282173892e-07,
                1.0,
                0.0238199420273304
            ],
            [
                0.0,
                0.0,
                0.0,
                1.0
            ]
        ]
    },
    {
        "class": "Car",
        "extent": [
            1.385296106338501,
            4.181210041046143,
            1.9941171407699585
        ],
        "position": [
            33.59388380800562,
            -5.287703426988259,
            -2.42768013150247
        ],
        "yaw": 5.390138444095609,
        "num_points": 0,
        "distance": 34.09402392881277,
        "speed": 4.62048863800553,
        "brake": 0.0,
        "id": 741,
        "ego_matrix": [
            [
                -0.9999858736991882,
                -0.0053175752982497215,
                2.4074766770354472e-05,
                -115.62508392333984
            ],
            [
                0.0053175752982497215,
                -0.9999858736991882,
                -1.0998412562912563e-06,
                -36.381980895996094
            ],
            [
                2.408027467026841e-05,
                -9.718063438413083e-07,
                1.0,
                -0.011673755012452602
            ],
            [
                0.0,
                0.0,
                0.0,
                1.0
            ]
        ]
    },
    {
        "class": "Car",
        "extent": [
            1.5248334407806396,
            4.513522624969482,
            2.006814479827881
        ],
        "position": [
            -15.557872294974619,
            18.24690051454646,
            -2.566898328648418
        ],
        "yaw": 3.8300130043144964,
        "num_points": 6,
        "distance": 24.116088732713536,
        "speed": 4.795050746723378,
        "brake": 0.0,
        "id": 742,
        "ego_matrix": [
            [
                -0.005353349726647139,
                -0.9999856948852539,
                -2.490949384537089e-07,
                -102.85606384277344
            ],
            [
                0.9999856948852539,
                -0.005353349726647139,
                -3.5764627682510763e-05,
                16.59671401977539
            ],
            [
                3.576278322725557e-05,
                -4.405519291594828e-07,
                1.0,
                0.035775814205408096
            ],
            [
                0.0,
                0.0,
                0.0,
                1.0
            ]
        ]
    },
    {
        "class": "Car",
        "extent": [
            1.4750303030014038,
            3.805800199508667,
            1.97027587890625
        ],
        "position": [
            32.667206044425356,
            -25.84419986062882,
            -2.370366252075086
        ],
        "yaw": 0.7021171213690354,
        "num_points": 6,
        "distance": 41.721549028697915,
        "speed": 4.835457370526557,
        "brake": 0.0,
        "id": 751,
        "ego_matrix": [
            [
                0.01904892548918724,
                0.9998185634613037,
                -1.8262687717651716e-06,
                -99.09584045410156
            ],
            [
                -0.9998185634613037,
                0.01904892548918724,
                0.00010512687003938481,
                -48.63811492919922
            ],
            [
                0.00010514258610783145,
                -1.7661658091583377e-07,
                1.0,
                0.042074449360370636
            ],
            [
                0.0,
                0.0,
                0.0,
                1.0
            ]
        ]
    },
    {
        "class": "Car",
        "extent": [
            1.8779358863830566,
            3.866220712661743,
            1.9051965475082397
        ],
        "position": [
            33.42469002874861,
            -22.04936678812245,
            -2.400076475618861
        ],
        "yaw": 3.830002617986245,
        "num_points": 2,
        "distance": 40.114147708307385,
        "speed": 3.4514167926138675,
        "brake": 1.0,
        "id": 757,
        "ego_matrix": [
            [
                -0.005342951975762844,
                -0.9999857544898987,
                6.199822382768616e-05,
                -102.5173110961914
            ],
            [
                0.9999808073043823,
                -0.005342730320990086,
                0.0031503571663051844,
                -46.83035659790039
            ],
            [
                -0.0031499809119850397,
                7.882923091528937e-05,
                0.9999950528144836,
                0.010890254750847816
            ],
            [
                0.0,
                0.0,
                0.0,
                1.0
            ]
        ]
    },
    {
        "class": "Car",
        "extent": [
            1.4738311767578125,
            4.1928300857543945,
            1.8161858320236206
        ],
        "position": [
            13.062237697468452,
            -5.297118204836372,
            -2.4962465478513023
        ],
        "yaw": 3.8301067475848676,
        "num_points": 35,
        "distance": 14.314774247917233,
        "speed": 4.859831624974099,
        "brake": 0.0,
        "id": 761,
        "ego_matrix": [
            [
                -0.005447046365588903,
                -0.9999851584434509,
                4.536770575214177e-06,
                -102.6586685180664
            ],
            [
                0.9999850392341614,
                -0.005447047762572765,
                -0.0005395244807004929,
                -20.462642669677734
            ],
            [
                0.0005395412445068359,
                1.5978874898792128e-06,
                0.9999998807907104,
                -0.005585040897130966
            ],
            [
                0.0,
                0.0,
                0.0,
                1.0
            ]
        ]
    },
    {
        "class": "Car",
        "extent": [
            1.6355280876159668,
            5.0267767906188965,
            2.1515462398529053
        ],
        "position": [
            9.068228133397822,
            -6.544809794031169,
            -2.3760551849332563
        ],
        "yaw": 0.688438193904007,
        "num_points": 76,
        "distance": 11.432975770167724,
        "speed": 4.717426772939016,
        "brake": 0.0,
        "id": 806,
        "ego_matrix": [
            [
                0.005370989441871643,
                0.9999855756759644,
                -0.0002723580109886825,
                -99.17024993896484
            ],
            [
                -0.9999569058418274,
                0.00537289772182703,
                0.007569913286715746,
                -18.15262222290039
            ],
            [
                0.0075712669640779495,
                0.00023168836196418852,
                0.999971330165863,
                0.12870775163173676
            ],
            [
                0.0,
                0.0,
                0.0,
                1.0
            ]
        ]
    },
    {
        "class": "Car",
        "extent": [
            1.4738311767578125,
            4.1928300857543945,
            1.8161858320236206
        ],
        "position": [
            -27.283608264068093,
            -26.824062673663107,
            -2.6089267283006263
        ],
        "yaw": 5.386295768958734,
        "num_points": 6,
        "distance": 38.350125383124535,
        "speed": 4.860559998416188,
        "brake": 0.0,
        "id": 810,
        "ego_matrix": [
            [
                -0.9999579191207886,
                -0.009160060435533524,
                0.0005385188851505518,
                -60.49613571166992
            ],
            [
                0.009160064160823822,
                -0.9999580383300781,
                3.056742116314126e-06,
                -2.755878210067749
            ],
            [
                0.000538468302693218,
                7.989481673575938e-06,
                0.9999998807907104,
                0.021180128678679466
            ],
            [
                0.0,
                0.0,
                0.0,
                1.0
            ]
        ]
    },
    {
        "class": "Car",
        "extent": [
            1.1256572008132935,
            1.8354405164718628,
            0.3289288878440857
        ],
        "position": [
            -34.324464557325825,
            29.12828174033891,
            -2.6881726732715334
        ],
        "yaw": 0.7054227700720961,
        "num_points": 0,
        "distance": 45.098247600244974,
        "speed": 2.8105045100980686,
        "brake": 0.0,
        "id": 818,
        "ego_matrix": [
            [
                0.022353829815983772,
                0.9997500777244568,
                -0.0003903743636328727,
                -99.45094299316406
            ],
            [
                -0.9997474551200867,
                0.022354671731591225,
                0.0023048650473356247,
                38.02116012573242
            ],
            [
                0.0023130157496780157,
                0.0003387531905900687,
                0.9999972581863403,
                -0.013587092980742455
            ],
            [
                0.0,
                0.0,
                0.0,
                1.0
            ]
        ]
    }
]