[
    {
        "class": "Car",
        "extent": [
            1.5107464790344238,
            4.901683330535889,
            2.128324270248413
        ],
        "position": [
            -1.3,
            0.0,
            -2.5
        ],
        "yaw": 0,
        "num_points": -1,
        "distance": -1,
        "speed": 2.939847010704133,
        "brake": 0.0,
        "id": 717,
        "ego_matrix": [
            [
                -0.466918021440506,
                0.8842925429344177,
                -0.0037835866678506136,
                -98.33273315429688
            ],
            [
                -0.8842863440513611,
                -0.4669305086135864,
                -0.0036887244787067175,
                -7.413034439086914
            ],
            [
                -0.005028583575040102,
                0.001623441930860281,
                0.9999860525131226,
                0.04029666632413864
            ],
            [
                0.0,
                0.0,
                0.0,
                1.0
            ]
        ]
    },
    {
        "class": "Car",
        "extent": [
            2.098191261291504,
            6.273552894592285,
            2.3895740509033203
        ],
        "position": [
            -17.00480675609354,
            -11.847713674502483,
            -2.6146786183139623
        ],
        "yaw": 2.0468649995879815,
        "num_points": 32,
        "distance": 20.889430734276743,
        "speed": 4.7721064873564085,
        "brake": 0.0,
        "id": 725,
        "ego_matrix": [
            [
                0.9999525547027588,
                0.009740092791616917,
                -6.126478547230363e-05,
                -80.52259826660156
            ],
            [
                -0.009740092791616917,
                0.9999525547027588,
                1.2000721199001418e-06,
                0.9428750276565552
            ],
            [
                6.127357482910156e-05,
                -6.03290402523271e-07,
                1.0,
                0.023826655000448227
            ],
            [
                0.0,
                0.0,
                0.0,
                1.0
            ]
        ]
    },
    {
        "class": "Car",
        "extent": [
            1.385296106338501,
            4.181210041046143,
            1.9941171407699585
        ],
        "position": [
            33.45920366005077,
            3.815334204148838,
            -2.3708112569566984
        ],
        "yaw": 5.192650002406075,
        "num_points": 0,
        "distance": 33.75938137274164,
        "speed": 4.624840395444498,
        "brake": 0.0,
        "id": 741,
        "ego_matrix": [
            [
                -0.999984622001648,
                -0.0055478825233876705,
                0.00016075959138106555,
                -117.9367904663086
            ],
            [
                0.00554788438603282,
                -0.999984622001648,
                1.1358839401509613e-05,
                -36.369102478027344
            ],
            [
                0.0001606941077625379,
                1.2250539839442354e-05,
                1.0,
                -0.011499919928610325
            ],
            [
                0.0,
                0.0,
                0.0,
                1.0
            ]
        ]
    },
    {
        "class": "Car",
        "extent": [
            1.5248334407806396,
            4.513522624969482,
            2.006814479827881
        ],
        "position": [
            -22.535136994129655,
            16.342561593918614,
            -2.584770629887039
        ],
        "yaw": 3.6327549260592544,
        "num_points": 13,
        "distance": 27.956980487962955,
        "speed": 4.801411914929062,
        "brake": 0.0,
        "id": 742,
        "ego_matrix": [
            [
                -0.005353349726647139,
                -0.9999856948852539,
                -2.490949384537089e-07,
                -102.86894989013672
            ],
            [
                0.9999856948852539,
                -0.005353349726647139,
                -3.5764627682510763e-05,
                18.99605941772461
            ],
            [
                3.576278322725557e-05,
                -4.405519291594828e-07,
                1.0,
                0.035778675228357315
            ],
            [
                0.0,
                0.0,
                0.0,
                1.0
            ]
        ]
    },
    {
        "class": "Car",
        "extent": [
            1.4750303030014038,
            3.805800199508667,
            1.97027587890625
        ],
        "position": [
            37.69871928749724,
            -19.78392854216141,
            -2.3344729178257757
        ],
        "yaw": 0.5050466628125889,
        "num_points": 0,
        "distance": 42.638562690162615,
        "speed": 4.972176769812307,
        "brake": 0.0,
        "id": 751,
        "ego_matrix": [
            [
                0.019236525520682335,
                0.9998149871826172,
                7.777077826176537e-08,
                -99.04778289794922
            ],
            [
                -0.9998149871826172,
                0.019236525520682335,
                2.1476605525094783e-06,
                -51.13739776611328
            ],
            [
                2.145766984540387e-06,
                -1.1906990238230719e-07,
                1.0,
                0.04183118790388107
            ],
            [
                0.0,
                0.0,
                0.0,
                1.0
            ]
        ]
    },
    {
        "class": "Car",
        "extent": [
            1.8779358863830566,
            3.866220712661743,
            1.9051965475082397
        ],
        "position": [
            34.849453215398135,
            -14.351360927141672,
            -2.3695364319342476
        ],
        "yaw": 3.632935088906998,
        "num_points": 1,
        "distance": 37.763218252362655,
        "speed": -0.001639292977414169,
        "brake": 1.0,
        "id": 757,
        "ego_matrix": [
            [
                -0.005533302668482065,
                -0.9999846816062927,
                1.0490595741430297e-05,
                -102.52125549316406
            ],
            [
                0.9999540448188782,
                -0.005533051211386919,
                0.007826068438589573,
                -46.08106994628906
            ],
            [
                -0.007825890555977821,
                5.379411959438585e-05,
                0.9999693632125854,
                0.012276477180421352
            ],
            [
                0.0,
                0.0,
                0.0,
                1.0
            ]
        ]
    },
    {
        "class": "Car",
        "extent": [
            1.4738311767578125,
            4.1928300857543945,
            1.8161858320236206
        ],
        "position": [
            10.080914379105444,
            -1.1020765952182652,
            -2.4904042720202226
        ],
        "yaw": 3.6328527972293143,
        "num_points": 87,
        "distance": 10.442294813817476,
        "speed": 4.9057631527380385,
        "brake": 0.0,
        "id": 761,
        "ego_matrix": [
            [
                -0.005451219156384468,
                -0.9999851584434509,
                2.3105021682567894e-06,
                -102.67216491699219
            ],
            [
                0.9999851584434509,
                -0.005451219156384468,
                -3.3008866012096405e-05,
                -17.991649627685547
            ],
            [
                3.30209695675876e-05,
                2.1305293103068834e-06,
                1.0,
                -0.005548458080738783
            ],
            [
                0.0,
                0.0,
                0.0,
                1.0
            ]
        ]
    },
    {
        "class": "Car",
        "extent": [
            1.6355280876159668,
            5.0267767906188965,
            2.1515462398529053
        ],
        "position": [
            10.71097905863374,
            -5.410125306193499,
            -2.359820972096528
        ],
        "yaw": 0.4911810477551459,
        "num_points": 63,
        "distance": 12.22960683111082,
        "speed": 4.763673486821811,
        "brake": 0.0,
        "id": 806,
        "ego_matrix": [
            [
                0.005371962208300829,
                0.9999855756759644,
                -0.0002697738818824291,
                -99.15727233886719
            ],
            [
                -0.9999604225158691,
                0.005373739637434483,
                0.007087611593306065,
                -20.560848236083984
            ],
            [
                0.007088958751410246,
                0.00023168882762547582,
                0.9999748468399048,
                0.1288585513830185
            ],
            [
                0.0,
                0.0,
                0.0,
                1.0
            ]
        ]
    },
    {
        "class": "Car",
        "extent": [
            1.4738311767578125,
            4.1928300857543945,
            1.8161858320236206
        ],
        "position": [
            -21.95093295214616,
            -29.08823116074321,
            -2.670149790266845
        ],
        "yaw": 5.189032897013529,
        "num_points": 1,
        "distance": 36.538997652274354,
        "speed": 4.906103451186162,
        "brake": 0.0,
        "id": 810,
        "ego_matrix": [
            [
                -0.9999579787254333,
                -0.009164832532405853,
                3.08328089886345e-05,
                -62.96729278564453
            ],
            [
                0.009164832532405853,
                -0.9999579787254333,
                8.239881026383955e-06,
                -2.7332522869110107
            ],
            [
                3.075599670410156e-05,
                8.522112693754025e-06,
                1.0,
                0.02121724560856819
            ],
            [
                0.0,
                0.0,
                0.0,
                1.0
            ]
        ]
    },
    {
        "class": "Car",
        "extent": [
            1.1256572008132935,
            1.8354405164718628,
            0.3289288878440857
        ],
        "position": [
            -39.6719146216085,
            21.495372779897945,
            -2.7119043887308427
        ],
        "yaw": 0.503874871932954,
        "num_points": 0,
        "distance": 45.20250309556529,
        "speed": 3.0379980198624366,
        "brake": 0.0,
        "id": 818,
        "ego_matrix": [
            [
                0.0180649496614933,
                0.9998366832733154,
                -0.0004960579099133611,
                -99.42359161376953
            ],
            [
                -0.9998327493667603,
                0.0180662851780653,
                0.002835830906406045,
                36.55635070800781
            ],
            [
                0.0028443296905606985,
                0.00044474584865383804,
                0.9999958276748657,
                -0.013544883579015732
            ],
            [
                0.0,
                0.0,
                0.0,
                1.0
            ]
        ]
    }
]