[
    {
        "class": "Car",
        "extent": [
            1.5107464790344238,
            4.901683330535889,
            2.128324270248413
        ],
        "position": [
            -1.3,
            0.0,
            -2.5
        ],
        "yaw": 0,
        "num_points": -1,
        "distance": -1,
        "speed": 2.573009217117296,
        "brake": 1.0,
        "id": 717,
        "ego_matrix": [
            [
                -0.33984804153442383,
                0.9404803514480591,
                5.03716291859746e-05,
                -98.71963500976562
            ],
            [
                -0.9404789209365845,
                -0.3398474454879761,
                -0.0017495290376245975,
                -8.788715362548828
            ],
            [
                -0.0016282788710668683,
                -0.0006419474957510829,
                0.9999985098838806,
                0.03535407781600952
            ],
            [
                0.0,
                0.0,
                0.0,
                1.0
            ]
        ]
    },
    {
        "class": "Car",
        "extent": [
            2.098191261291504,
            6.273552894592285,
            2.3895740509033203
        ],
        "position": [
            -17.42593365072482,
            -16.059586085982783,
            -2.5274738944618957
        ],
        "yaw": 1.9078119048530746,
        "num_points": 23,
        "distance": 23.831944803975645,
        "speed": 4.7761449234068865,
        "brake": 0.0,
        "id": 725,
        "ego_matrix": [
            [
                0.9999525547027588,
                0.009740092791616917,
                -6.126478547230363e-05,
                -78.13554382324219
            ],
            [
                -0.009740092791616917,
                0.9999525547027588,
                1.2000721199001418e-06,
                0.9196248650550842
            ],
            [
                6.127357482910156e-05,
                -6.03290402523271e-07,
                1.0,
                0.023828335106372833
            ],
            [
                0.0,
                0.0,
                0.0,
                1.0
            ]
        ]
    },
    {
        "class": "Car",
        "extent": [
            1.385296106338501,
            4.181210041046143,
            1.9941171407699585
        ],
        "position": [
            31.94360665686366,
            10.880441616664537,
            -2.4979150529158103
        ],
        "yaw": 5.053472271732152,
        "num_points": 0,
        "distance": 33.83810862967452,
        "speed": 4.627459600767536,
        "brake": 0.0,
        "id": 741,
        "ego_matrix": [
            [
                -0.9999828934669495,
                -0.005672553088515997,
                0.001405783579684794,
                -120.25025177001953
            ],
            [
                0.00567256985232234,
                -0.9999839067459106,
                8.004681149031967e-06,
                -36.35594177246094
            ],
            [
                0.0014057154767215252,
                1.5978948795236647e-05,
                0.9999989867210388,
                -0.009706173092126846
            ],
            [
                0.0,
                0.0,
                0.0,
                1.0
            ]
        ]
    },
    {
        "class": "Car",
        "extent": [
            1.5248334407806396,
            4.513522624969482,
            2.006814479827881
        ],
        "position": [
            -28.275136718497823,
            14.17323990240041,
            -2.5525963985263926
        ],
        "yaw": 3.4937018313243473,
        "num_points": 12,
        "distance": 31.731369875164688,
        "speed": 4.804799853263763,
        "brake": 0.0,
        "id": 742,
        "ego_matrix": [
            [
                -0.005353349726647139,
                -0.9999856948852539,
                -2.490949384537089e-07,
                -102.88184356689453
            ],
            [
                0.9999856948852539,
                -0.005353349726647139,
                -3.5764627682510763e-05,
                21.39766502380371
            ],
            [
                3.576278322725557e-05,
                -4.405519291594828e-07,
                1.0,
                0.03577928617596626
            ],
            [
                0.0,
                0.0,
                0.0,
                1.0
            ]
        ]
    },
    {
        "class": "Car",
        "extent": [
            1.4750303030014038,
            3.805800199508667,
            1.97027587890625
        ],
        "position": [
            40.515252861005145,
            -14.80253252890491,
            -2.415621331978092
        ],
        "yaw": 0.3660637423724056,
        "num_points": 6,
        "distance": 43.202267418273095,
        "speed": 3.131417394817814,
        "brake": 0.42683953046798706,
        "id": 751,
        "ego_matrix": [
            [
                0.01930672489106655,
                0.9998136162757874,
                7.194495992735028e-06,
                -99.00897216796875
            ],
            [
                -0.9998135566711426,
                0.0193067267537117,
                -0.0003428901545703411,
                -53.14583206176758
            ],
            [
                -0.00034296512603759766,
                -5.73068973608315e-07,
                0.9999999403953552,
                0.04214326664805412
            ],
            [
                0.0,
                0.0,
                0.0,
                1.0
            ]
        ]
    },
    {
        "class": "Car",
        "extent": [
            1.8779358863830566,
            3.866220712661743,
            1.9051965475082397
        ],
        "position": [
            35.061149827635084,
            -9.097059286634435,
            -2.4607207022204816
        ],
        "yaw": 3.493879464169056,
        "num_points": 6,
        "distance": 36.305589945279145,
        "speed": 0.00018568623752258692,
        "brake": 1.0,
        "id": 757,
        "ego_matrix": [
            [
                -0.005530964583158493,
                -0.9999846816062927,
                9.893918468151242e-05,
                -102.52129364013672
            ],
            [
                0.9999839067459106,
                -0.005531081929802895,
                -0.00122804194688797,
                -46.077293395996094
            ],
            [
                0.0012285704724490643,
                9.21453392948024e-05,
                0.9999992251396179,
                0.009587382897734642
            ],
            [
                0.0,
                0.0,
                0.0,
                1.0
            ]
        ]
    },
    {
        "class": "Car",
        "extent": [
            1.4738311767578125,
            4.1928300857543945,
            1.8161858320236206
        ],
        "position": [
            6.401219003619945,
            1.434099431730289,
            -2.529282206126685
        ],
        "yaw": 3.493799569336353,
        "num_points": 299,
        "distance": 7.030612661114486,
        "speed": 4.888035979700395,
        "brake": 0.0,
        "id": 761,
        "ego_matrix": [
            [
                -0.005451099947094917,
                -0.9999851584434509,
                2.2058759441279108e-06,
                -102.68562316894531
            ],
            [
                0.9999851584434509,
                -0.005451099947094917,
                -1.3816457794746384e-05,
                -15.544123649597168
            ],
            [
                1.3828276678395923e-05,
                2.130528173438506e-06,
                1.0,
                -0.005547198932617903
            ],
            [
                0.0,
                0.0,
                0.0,
                1.0
            ]
        ]
    },
    {
        "class": "Car",
        "extent": [
            1.6355280876159668,
            5.0267767906188965,
            2.1515462398529053
        ],
        "position": [
            11.948448217203701,
            -4.334459284810924,
            -2.381450676459795
        ],
        "yaw": 0.35211450405673417,
        "num_points": 52,
        "distance": 12.93152192958326,
        "speed": 2.9626650839001116,
        "brake": 1.0,
        "id": 806,
        "ego_matrix": [
            [
                0.005358562339097261,
                0.9999856352806091,
                -0.0002557666739448905,
                -99.14561462402344
            ],
            [
                -0.9999736547470093,
                0.005359749309718609,
                0.004889002535492182,
                -22.721864700317383
            ],
            [
                0.004890303127467632,
                0.00022956191969569772,
                0.9999880194664001,
                0.1295485496520996
            ],
            [
                0.0,
                0.0,
                0.0,
                1.0
            ]
        ]
    },
    {
        "class": "Car",
        "extent": [
            1.4738311767578125,
            4.1928300857543945,
            1.8161858320236206
        ],
        "position": [
            -18.334663799113944,
            -29.256888850010423,
            -2.5230913717979995
        ],
        "yaw": 5.049975008588659,
        "num_points": 0,
        "distance": 34.619234998463575,
        "speed": 4.888283556198263,
        "brake": 0.0,
        "id": 810,
        "ego_matrix": [
            [
                -0.9999579787254333,
                -0.009169600903987885,
                1.1402550626371522e-05,
                -65.41490936279297
            ],
            [
                0.009169600903987885,
                -0.9999579787254333,
                8.417910976277199e-06,
                -2.710810899734497
            ],
            [
                1.1324881597829517e-05,
                8.522113603248727e-06,
                1.0,
                0.021218542009592056
            ],
            [
                0.0,
                0.0,
                0.0,
                1.0
            ]
        ]
    },
    {
        "class": "Car",
        "extent": [
            1.1256572008132935,
            1.8354405164718628,
            0.3289288878440857
        ],
        "position": [
            -42.238819370340046,
            15.518253470053567,
            -2.6255403944793287
        ],
        "yaw": 0.36025805119603294,
        "num_points": 3,
        "distance": 45.0757974408006,
        "speed": 3.2737973887521354,
        "brake": 0.0,
        "id": 818,
        "ego_matrix": [
            [
                0.013501740992069244,
                0.9999087452888489,
                -0.0005001668469049037,
                -99.40127563476562
            ],
            [
                -0.9999054670333862,
                0.0135029973462224,
                0.0026021376252174377,
                34.98744201660156
            ],
            [
                0.0026086538564413786,
                0.0004649861657526344,
                0.9999964833259583,
                -0.0135643957182765
            ],
            [
                0.0,
                0.0,
                0.0,
                1.0
            ]
        ]
    }
]