[
    {
        "class": "Car",
        "extent": [
            1.5107464790344238,
            4.901683330535889,
            2.128324270248413
        ],
        "position": [
            -1.3,
            0.0,
            -2.5
        ],
        "yaw": 0,
        "num_points": -1,
        "distance": -1,
        "speed": 0.4209424837646021,
        "brake": 0.0,
        "id": 717,
        "ego_matrix": [
            [
                -0.3086559474468231,
                0.951173722743988,
                -0.0003039426519535482,
                -98.84162139892578
            ],
            [
                -0.9511723518371582,
                -0.30865606665611267,
                -0.0015968153020367026,
                -9.291960716247559
            ],
            [
                -0.001612662454135716,
                -0.00020376469183247536,
                0.9999986886978149,
                0.03453307971358299
            ],
            [
                0.0,
                0.0,
                0.0,
                1.0
            ]
        ]
    },
    {
        "class": "Car",
        "extent": [
            2.098191261291504,
            6.273552894592285,
            2.3895740509033203
        ],
        "position": [
            -18.119176010073975,
            -18.822478056437696,
            -2.533992631255248
        ],
        "yaw": 1.8748362447615499,
        "num_points": 15,
        "distance": 26.249025469993637,
        "speed": 4.778940346947918,
        "brake": 0.0,
        "id": 725,
        "ego_matrix": [
            [
                0.9999525547027588,
                0.009740092791616917,
                -6.126478547230363e-05,
                -75.746826171875
            ],
            [
                -0.009740092791616917,
                0.9999525547027588,
                1.2000721199001418e-06,
                0.8963583111763
            ],
            [
                6.127357482910156e-05,
                -6.03290402523271e-07,
                1.0,
                0.023828791454434395
            ],
            [
                0.0,
                0.0,
                0.0,
                1.0
            ]
        ]
    },
    {
        "class": "Car",
        "extent": [
            1.385296106338501,
            4.181210041046143,
            1.9941171407699585
        ],
        "position": [
            31.75280611342313,
            14.215042346169898,
            -2.4906544903278975
        ],
        "yaw": 5.020746948783095,
        "num_points": 0,
        "distance": 34.8785246931437,
        "speed": 4.629896579095159,
        "brake": 0.0,
        "id": 741,
        "ego_matrix": [
            [
                -0.9999843239784241,
                -0.005422205664217472,
                0.0013856814475730062,
                -122.56454467773438
            ],
            [
                0.005422234535217285,
                -0.9999852776527405,
                1.6987836715998128e-05,
                -36.34333419799805
            ],
            [
                0.0013855689903721213,
                2.450105967000127e-05,
                0.9999990463256836,
                -0.006527919787913561
            ],
            [
                0.0,
                0.0,
                0.0,
                1.0
            ]
        ]
    },
    {
        "class": "Car",
        "extent": [
            1.5248334407806396,
            4.513522624969482,
            2.006814479827881
        ],
        "position": [
            -31.525819591924765,
            14.06947191716546,
            -2.5503645030114352
        ],
        "yaw": 3.460726171232823,
        "num_points": 0,
        "distance": 34.61692794094698,
        "speed": 4.8073767247567165,
        "brake": 0.0,
        "id": 742,
        "ego_matrix": [
            [
                -0.005353349726647139,
                -0.9999856948852539,
                -2.490949384537089e-07,
                -102.89473724365234
            ],
            [
                0.9999856948852539,
                -0.005353349726647139,
                -3.5764627682510763e-05,
                23.80071258544922
            ],
            [
                3.576278322725557e-05,
                -4.405519291594828e-07,
                1.0,
                0.035779550671577454
            ],
            [
                0.0,
                0.0,
                0.0,
                1.0
            ]
        ]
    },
    {
        "class": "Car",
        "extent": [
            1.4750303030014038,
            3.805800199508667,
            1.97027587890625
        ],
        "position": [
            41.523968619575996,
            -13.742990738454735,
            -2.4204221416994147
        ],
        "yaw": 0.33351578595194775,
        "num_points": 0,
        "distance": 43.80602935328439,
        "speed": 0.12885285242997604,
        "brake": 1.0,
        "id": 751,
        "ego_matrix": [
            [
                0.01973436027765274,
                0.9998052716255188,
                2.0480354578467086e-05,
                -98.987548828125
            ],
            [
                -0.9998047947883606,
                0.019734371453523636,
                -0.000952620932366699,
                -54.26692199707031
            ],
            [
                -0.0009528396185487509,
                -1.676991701060615e-06,
                0.9999995231628418,
                0.0422498881816864
            ],
            [
                0.0,
                0.0,
                0.0,
                1.0
            ]
        ]
    },
    {
        "class": "Car",
        "extent": [
            1.8779358863830566,
            3.866220712661743,
            1.9051965475082397
        ],
        "position": [
            34.82533351963942,
            -7.854135047338621,
            -2.4648189965030496
        ],
        "yaw": 3.4609035377614217,
        "num_points": 9,
        "distance": 35.78500558588019,
        "speed": -1.9178391067628433e-05,
        "brake": 1.0,
        "id": 757,
        "ego_matrix": [
            [
                -0.00553072988986969,
                -0.9999846816062927,
                8.907775190891698e-05,
                -102.52128601074219
            ],
            [
                0.999984622001648,
                -0.005530757829546928,
                -0.0003118404420092702,
                -46.07766342163086
            ],
            [
                0.0003123283386230469,
                8.735167648410425e-05,
                0.9999999403953552,
                0.009855670854449272
            ],
            [
                0.0,
                0.0,
                0.0,
                1.0
            ]
        ]
    },
    {
        "class": "Car",
        "extent": [
            1.4738311767578125,
            4.1928300857543945,
            1.8161858320236206
        ],
        "position": [
            3.61131695140723,
            2.4609351338762204,
            -2.532513810223819
        ],
        "yaw": 3.460786092357349,
        "num_points": 184,
        "distance": 5.050884878478418,
        "speed": 3.5490401356889194,
        "brake": 1.0,
        "id": 761,
        "ego_matrix": [
            [
                -0.005413180682808161,
                -0.9999853372573853,
                -9.943024451786187e-06,
                -102.69829559326172
            ],
            [
                0.9999832510948181,
                -0.00541318953037262,
                0.0020335656590759754,
                -13.203835487365723
            ],
            [
                -0.0020335896406322718,
                1.0652000810296158e-06,
                0.9999979138374329,
                -0.005399532150477171
            ],
            [
                0.0,
                0.0,
                0.0,
                1.0
            ]
        ]
    },
    {
        "class": "Car",
        "extent": [
            1.6355280876159668,
            5.0267767906188965,
            2.1515462398529053
        ],
        "position": [
            11.99909593470141,
            -3.998668829689122,
            -2.3828790063510317
        ],
        "yaw": 0.3189074152664815,
        "num_points": 35,
        "distance": 12.870344518256058,
        "speed": -0.0009621243623904154,
        "brake": 1.0,
        "id": 806,
        "ego_matrix": [
            [
                0.005127170123159885,
                0.9999868273735046,
                -0.00025776337133720517,
                -99.14307403564453
            ],
            [
                -0.9999722838401794,
                0.005128486547619104,
                0.005395326763391495,
                -23.17609405517578
            ],
            [
                0.005396577995270491,
                0.00023009348660707474,
                0.9999854564666748,
                0.12939217686653137
            ],
            [
                0.0,
                0.0,
                0.0,
                1.0
            ]
        ]
    },
    {
        "class": "Car",
        "extent": [
            1.4738311767578125,
            4.1928300857543945,
            1.8161858320236206
        ],
        "position": [
            -17.144519117726553,
            -27.43291883945144,
            -2.5332774215255793
        ],
        "yaw": 5.016986831640011,
        "num_points": 9,
        "distance": 32.44868358384408,
        "speed": 4.884381279883198,
        "brake": 0.0,
        "id": 810,
        "ego_matrix": [
            [
                -0.9999578595161438,
                -0.009182237088680267,
                1.7005257177515887e-05,
                -67.85763549804688
            ],
            [
                0.009182237088680267,
                -0.9999578595161438,
                8.36631988931913e-06,
                -2.6883740425109863
            ],
            [
                1.6927717297221534e-05,
                8.522113603248727e-06,
                1.0,
                0.021217703819274902
            ],
            [
                0.0,
                0.0,
                0.0,
                1.0
            ]
        ]
    },
    {
        "class": "Car",
        "extent": [
            1.1256572008132935,
            1.8354405164718628,
            0.3289288878440857
        ],
        "position": [
            -41.628581731651,
            13.656754077681125,
            -2.615899427739186
        ],
        "yaw": 0.32330043264262165,
        "num_points": 0,
        "distance": 43.889505337188005,
        "speed": 3.5152172181822015,
        "brake": 0.0,
        "id": 818,
        "ego_matrix": [
            [
                0.009520066902041435,
                0.9999546408653259,
                -0.00044015407911501825,
                -99.38387298583984
            ],
            [
                -0.9999507069587708,
                0.009521270170807838,
                0.0028163057286292315,
                33.28289794921875
            ],
            [
                0.0028203686233609915,
                0.0004133209295105189,
                0.9999959468841553,
                -0.013547038659453392
            ],
            [
                0.0,
                0.0,
                0.0,
                1.0
            ]
        ]
    }
]