[
    {
        "class": "Car",
        "extent": [
            1.5107464790344238,
            4.901683330535889,
            2.128324270248413
        ],
        "position": [
            -1.3,
            0.0,
            -2.5
        ],
        "yaw": 0,
        "num_points": -1,
        "distance": -1,
        "speed": 1.7893632054560962,
        "brake": 1.0,
        "id": 717,
        "ego_matrix": [
            [
                -0.25474241375923157,
                0.9670088887214661,
                0.00024627105449326336,
                -98.92428588867188
            ],
            [
                -0.9670082330703735,
                -0.2547425329685211,
                0.0011293011484667659,
                -9.870476722717285
            ],
            [
                0.0011547800386324525,
                4.953477400704287e-05,
                0.9999993443489075,
                0.032920073717832565
            ],
            [
                0.0,
                0.0,
                0.0,
                1.0
            ]
        ]
    },
    {
        "class": "Car",
        "extent": [
            2.098191261291504,
            6.273552894592285,
            2.3895740509033203
        ],
        "position": [
            -18.202234159261728,
            -21.98711901741142,
            -2.490661887959482
        ],
        "yaw": 1.8186375536484254,
        "num_points": 15,
        "distance": 28.652366878052906,
        "speed": 4.78140004141738,
        "brake": 0.0,
        "id": 725,
        "ego_matrix": [
            [
                0.9999525547027588,
                0.009740092791616917,
                -6.126478547230363e-05,
                -73.35682678222656
            ],
            [
                -0.009740092791616917,
                0.9999525547027588,
                1.2000721199001418e-06,
                0.8730795979499817
            ],
            [
                6.127357482910156e-05,
                -6.03290402523271e-07,
                1.0,
                0.023828944191336632
            ],
            [
                0.0,
                0.0,
                0.0,
                1.0
            ]
        ]
    },
    {
        "class": "Car",
        "extent": [
            1.385296106338501,
            4.181210041046143,
            1.9941171407699585
        ],
        "position": [
            30.90130631095921,
            18.35843337578663,
            -2.5715265837551855
        ],
        "yaw": 4.965433226100203,
        "num_points": 0,
        "distance": 36.03519885761536,
        "speed": 4.629622303009128,
        "brake": 0.0,
        "id": 741,
        "ego_matrix": [
            [
                -0.9999873042106628,
                -0.004537119530141354,
                0.0021722230594605207,
                -124.88011169433594
            ],
            [
                0.004537230357527733,
                -0.9999896883964539,
                4.6070934331510216e-05,
                -36.33281326293945
            ],
            [
                0.002171991625800729,
                5.592622983385809e-05,
                0.999997615814209,
                -0.002330417511984706
            ],
            [
                0.0,
                0.0,
                0.0,
                1.0
            ]
        ]
    },
    {
        "class": "Car",
        "extent": [
            1.5248334407806396,
            4.513522624969482,
            2.006814479827881
        ],
        "position": [
            -35.170532509162676,
            13.041875001560253,
            -2.457381413284746
        ],
        "yaw": 3.404527480119698,
        "num_points": 0,
        "distance": 37.591163641802154,
        "speed": 4.809731361122744,
        "brake": 0.0,
        "id": 742,
        "ego_matrix": [
            [
                -0.005353349726647139,
                -0.9999856948852539,
                -2.490949384537089e-07,
                -102.90762329101562
            ],
            [
                0.9999856948852539,
                -0.005353349726647139,
                -3.5764627682510763e-05,
                26.20497703552246
            ],
            [
                3.576278322725557e-05,
                -4.405519291594828e-07,
                1.0,
                0.03577959164977074
            ],
            [
                0.0,
                0.0,
                0.0,
                1.0
            ]
        ]
    },
    {
        "class": "Car",
        "extent": [
            1.4750303030014038,
            3.805800199508667,
            1.97027587890625
        ],
        "position": [
            41.648201003405525,
            -11.248594626895486,
            -2.5409762541236636
        ],
        "yaw": 0.27731123588442497,
        "num_points": 0,
        "distance": 43.21527609797618,
        "speed": -3.2376129255161166e-06,
        "brake": 1.0,
        "id": 751,
        "ego_matrix": [
            [
                0.0197285283356905,
                0.9998053908348083,
                1.0730103667810909e-06,
                -98.98753356933594
            ],
            [
                -0.9998053908348083,
                0.0197285283356905,
                -3.038311297132168e-05,
                -54.26728439331055
            ],
            [
                -3.0398367016459815e-05,
                -4.7338741637759085e-07,
                1.0,
                0.04209676757454872
            ],
            [
                0.0,
                0.0,
                0.0,
                1.0
            ]
        ]
    },
    {
        "class": "Car",
        "extent": [
            1.8779358863830566,
            3.866220712661743,
            1.9051965475082397
        ],
        "position": [
            34.62889082781938,
            -5.745160149608193,
            -2.5648664241994674
        ],
        "yaw": 3.404704846648297,
        "num_points": 2,
        "distance": 35.195816298015664,
        "speed": 1.9878929555739e-06,
        "brake": 1.0,
        "id": 757,
        "ego_matrix": [
            [
                -0.00553072988986969,
                -0.9999846816062927,
                8.958741091191769e-05,
                -102.52129364013672
            ],
            [
                0.999984622001648,
                -0.005530765745788813,
                -0.00040398776764050126,
                -46.07762145996094
            ],
            [
                0.0004044770903419703,
                8.735169103601947e-05,
                0.9999999403953552,
                0.009828243404626846
            ],
            [
                0.0,
                0.0,
                0.0,
                1.0
            ]
        ]
    },
    {
        "class": "Car",
        "extent": [
            1.4738311767578125,
            4.1928300857543945,
            1.8161858320236206
        ],
        "position": [
            2.4932130641133403,
            2.9057685630002057,
            -2.5425713600126887
        ],
        "yaw": 3.4045246838005534,
        "num_points": 52,
        "distance": 4.596114820752685,
        "speed": -0.0008657543098720194,
        "brake": 1.0,
        "id": 761,
        "ego_matrix": [
            [
                -0.005350479856133461,
                -0.9999856948852539,
                -8.199714102374855e-06,
                -102.70049285888672
            ],
            [
                0.9999840259552002,
                -0.005350485909730196,
                0.0018311550375074148,
                -12.798370361328125
            ],
            [
                -0.0018311727326363325,
                1.597974801370583e-06,
                0.9999983310699463,
                -0.005414867307990789
            ],
            [
                0.0,
                0.0,
                0.0,
                1.0
            ]
        ]
    },
    {
        "class": "Car",
        "extent": [
            1.6355280876159668,
            5.0267767906188965,
            2.1515462398529053
        ],
        "position": [
            11.622901846288547,
            -3.178058520130844,
            -2.419111333708169
        ],
        "yaw": 0.2627092567855749,
        "num_points": 86,
        "distance": 12.289996050882575,
        "speed": -5.600935646200147e-05,
        "brake": 1.0,
        "id": 806,
        "ego_matrix": [
            [
                0.005127596203237772,
                0.9999868273735046,
                -0.00026595836970955133,
                -99.14306640625
            ],
            [
                -0.9999623894691467,
                0.005129330791532993,
                0.006993037182837725,
                -23.176525115966797
            ],
            [
                0.006994309369474649,
                0.00023009092546999454,
                0.9999755620956421,
                0.12888921797275543
            ],
            [
                0.0,
                0.0,
                0.0,
                1.0
            ]
        ]
    },
    {
        "class": "Car",
        "extent": [
            1.4738311767578125,
            4.1928300857543945,
            1.8161858320236206
        ],
        "position": [
            -15.558793753881194,
            -25.84487926429082,
            -2.496517123150566
        ],
        "yaw": 4.960765503657622,
        "num_points": 7,
        "distance": 30.26989337622064,
        "speed": 4.884776702616111,
        "brake": 0.0,
        "id": 810,
        "ego_matrix": [
            [
                -0.9999576210975647,
                -0.009204885922372341,
                2.129680069629103e-05,
                -70.29973602294922
            ],
            [
                0.009204885922372341,
                -0.9999576210975647,
                8.326433089678176e-06,
                -2.665891408920288
            ],
            [
                2.1219253540039062e-05,
                8.52211542223813e-06,
                1.0,
                0.02121739834547043
            ],
            [
                0.0,
                0.0,
                0.0,
                1.0
            ]
        ]
    },
    {
        "class": "Car",
        "extent": [
            1.1256572008132935,
            1.8354405164718628,
            0.3289288878440857
        ],
        "position": [
            -41.16518441905735,
            10.964092565658676,
            -2.499880746883715
        ],
        "yaw": 0.26393271299035725,
        "num_points": 4,
        "distance": 42.6735648591956,
        "speed": 3.7169885166584695,
        "brake": 0.0,
        "id": 818,
        "ego_matrix": [
            [
                0.006351238116621971,
                0.9999797940254211,
                -0.0003407780604902655,
                -99.37130737304688
            ],
            [
                -0.9999756217002869,
                0.006352205295115709,
                0.0029173255898058414,
                31.47250747680664
            ],
            [
                0.002919431310147047,
                0.0003222411032766104,
                0.9999957084655762,
                -0.013539294712245464
            ],
            [
                0.0,
                0.0,
                0.0,
                1.0
            ]
        ]
    }
]