[
    {
        "class": "Car",
        "extent": [
            1.5107464790344238,
            4.901683330535889,
            2.128324270248413
        ],
        "position": [
            -1.3,
            0.0,
            -2.5
        ],
        "yaw": 0,
        "num_points": -1,
        "distance": -1,
        "speed": 1.711409770320792,
        "brake": 0.0,
        "id": 717,
        "ego_matrix": [
            [
                -0.20580480992794037,
                0.9785929322242737,
                -0.0005695120198652148,
                -98.98097229003906
            ],
            [
                -0.978592574596405,
                -0.20580407977104187,
                0.0011455928906798363,
                -10.40802001953125
            ],
            [
                0.0010038611944764853,
                0.0007930888095870614,
                0.9999992251396179,
                0.03298690542578697
            ],
            [
                0.0,
                0.0,
                0.0,
                1.0
            ]
        ]
    },
    {
        "class": "Car",
        "extent": [
            2.098191261291504,
            6.273552894592285,
            2.3895740509033203
        ],
        "position": [
            -18.082510044341443,
            -25.09870602967464,
            -2.512216238644714
        ],
        "yaw": 1.7683422917236793,
        "num_points": 7,
        "distance": 31.03600238911973,
        "speed": 4.783761920350572,
        "brake": 0.0,
        "id": 725,
        "ego_matrix": [
            [
                0.9999525547027588,
                0.009740092791616917,
                -6.126478547230363e-05,
                -70.96562957763672
            ],
            [
                -0.009740092791616917,
                0.9999525547027588,
                1.2000721199001418e-06,
                0.8497892618179321
            ],
            [
                6.127357482910156e-05,
                -6.03290402523271e-07,
                1.0,
                0.023828867822885513
            ],
            [
                0.0,
                0.0,
                0.0,
                1.0
            ]
        ]
    },
    {
        "class": "Car",
        "extent": [
            1.385296106338501,
            4.181210041046143,
            1.9941171407699585
        ],
        "position": [
            29.869992670678712,
            22.277393060751677,
            -2.541756106896836
        ],
        "yaw": 4.916706566057514,
        "num_points": 0,
        "distance": 37.3491529734822,
        "speed": 4.632012751132287,
        "brake": 0.0,
        "id": 741,
        "ego_matrix": [
            [
                -0.9999866485595703,
                -0.002968432614579797,
                0.004232082981616259,
                -127.19638061523438
            ],
            [
                0.00296866986900568,
                -0.9999955892562866,
                4.975440606358461e-05,
                -36.326011657714844
            ],
            [
                0.00423191674053669,
                6.231739826034755e-05,
                0.9999910593032837,
                0.004853229504078627
            ],
            [
                0.0,
                0.0,
                0.0,
                1.0
            ]
        ]
    },
    {
        "class": "Car",
        "extent": [
            1.5248334407806396,
            4.513522624969482,
            2.006814479827881
        ],
        "position": [
            -38.672359051873336,
            11.885359019122903,
            -2.450264432553823
        ],
        "yaw": 3.354232218194952,
        "num_points": 0,
        "distance": 40.53167785127941,
        "speed": 4.812020730158896,
        "brake": 0.0,
        "id": 742,
        "ego_matrix": [
            [
                -0.005353349726647139,
                -0.9999856948852539,
                -2.490949384537089e-07,
                -102.92051696777344
            ],
            [
                0.9999856948852539,
                -0.005353349726647139,
                -3.5764627682510763e-05,
                28.610403060913086
            ],
            [
                3.576278322725557e-05,
                -4.405519291594828e-07,
                1.0,
                0.03577962890267372
            ],
            [
                0.0,
                0.0,
                0.0,
                1.0
            ]
        ]
    },
    {
        "class": "Car",
        "extent": [
            1.4750303030014038,
            3.805800199508667,
            1.97027587890625
        ],
        "position": [
            41.62171739313357,
            -9.020003514065214,
            -2.5411355140317005
        ],
        "yaw": 0.22701597395967887,
        "num_points": 0,
        "distance": 42.66362844213206,
        "speed": -6.37117340314359e-09,
        "brake": 1.0,
        "id": 751,
        "ego_matrix": [
            [
                0.0197285283356905,
                0.9998053908348083,
                5.539644121199672e-07,
                -98.98753356933594
            ],
            [
                -0.9998053908348083,
                0.0197285283356905,
                -4.281438123143744e-06,
                -54.26729202270508
            ],
            [
                -4.291533969080774e-06,
                -4.6939010189817054e-07,
                1.0,
                0.04209253191947937
            ],
            [
                0.0,
                0.0,
                0.0,
                1.0
            ]
        ]
    },
    {
        "class": "Car",
        "extent": [
            1.8779358863830566,
            3.866220712661743,
            1.9051965475082397
        ],
        "position": [
            34.33460275613976,
            -3.876398467624725,
            -2.56200500653314
        ],
        "yaw": 3.354409584723551,
        "num_points": 2,
        "distance": 34.64758694563337,
        "speed": -2.0151115947786095e-07,
        "brake": 1.0,
        "id": 757,
        "ego_matrix": [
            [
                -0.00553072988986969,
                -0.9999846816062927,
                8.958741091191769e-05,
                -102.52129364013672
            ],
            [
                0.999984622001648,
                -0.005530765745788813,
                -0.00040398776764050126,
                -46.0776252746582
            ],
            [
                0.0004044770903419703,
                8.735169103601947e-05,
                0.9999999403953552,
                0.009828471578657627
            ],
            [
                0.0,
                0.0,
                0.0,
                1.0
            ]
        ]
    },
    {
        "class": "Car",
        "extent": [
            1.4738311767578125,
            4.1928300857543945,
            1.8161858320236206
        ],
        "position": [
            1.8040564313182486,
            3.1481206465184908,
            -2.5391450868044205
        ],
        "yaw": 3.3542287560855346,
        "num_points": 15,
        "distance": 4.4286048575437125,
        "speed": -4.8898352365481145e-05,
        "brake": 1.0,
        "id": 761,
        "ego_matrix": [
            [
                -0.005349892657250166,
                -0.9999856948852539,
                1.5635312138329027e-06,
                -102.70050811767578
            ],
            [
                0.9999856948852539,
                -0.005349892657250166,
                0.00010598693916108459,
                -12.797775268554688
            ],
            [
                -0.00010597705113468692,
                2.13052749131748e-06,
                1.0,
                -0.005538844969123602
            ],
            [
                0.0,
                0.0,
                0.0,
                1.0
            ]
        ]
    },
    {
        "class": "Car",
        "extent": [
            1.6355280876159668,
            5.0267767906188965,
            2.1515462398529053
        ],
        "position": [
            11.22865200266862,
            -2.4692689969690353,
            -2.418658473991151
        ],
        "yaw": 0.21241332907055654,
        "num_points": 79,
        "distance": 11.7486094492172,
        "speed": -2.9847111157441406e-06,
        "brake": 1.0,
        "id": 806,
        "ego_matrix": [
            [
                0.005126996897161007,
                0.9999868273735046,
                -0.000266373623162508,
                -99.14306640625
            ],
            [
                -0.999961793422699,
                0.005128753371536732,
                0.007074811961501837,
                -23.176557540893555
            ],
            [
                0.007076084613800049,
                0.00023009091091807932,
                0.9999749660491943,
                0.12886373698711395
            ],
            [
                0.0,
                0.0,
                0.0,
                1.0
            ]
        ]
    },
    {
        "class": "Car",
        "extent": [
            1.4738311767578125,
            4.1928300857543945,
            1.8161858320236206
        ],
        "position": [
            -14.298492095628381,
            -24.07885298075028,
            -2.5178173174770366
        ],
        "yaw": 4.9104433438058654,
        "num_points": 8,
        "distance": 28.11720898527308,
        "speed": 4.8863979269630455,
        "brake": 0.0,
        "id": 810,
        "ego_matrix": [
            [
                -0.9999573826789856,
                -0.009231825359165668,
                2.2489064576802775e-05,
                -72.74241638183594
            ],
            [
                0.009231825359165668,
                -0.9999573826789856,
                8.314853403135203e-06,
                -2.643338918685913
            ],
            [
                2.241134461655747e-05,
                8.522113603248727e-06,
                1.0,
                0.02121758833527565
            ],
            [
                0.0,
                0.0,
                0.0,
                1.0
            ]
        ]
    },
    {
        "class": "Car",
        "extent": [
            1.1256572008132935,
            1.8354405164718628,
            0.3289288878440857
        ],
        "position": [
            -40.34280691982409,
            8.601058450021867,
            -2.500542962438545
        ],
        "yaw": 0.2113715004521175,
        "num_points": 0,
        "distance": 41.32521012333634,
        "speed": 3.92690522167495,
        "brake": 0.0,
        "id": 818,
        "ego_matrix": [
            [
                0.0040852343663573265,
                0.9999916553497314,
                -0.0002430925378575921,
                -99.36270904541016
            ],
            [
                -0.9999884366989136,
                0.004085836000740528,
                0.0025286460295319557,
                29.569110870361328
            ],
            [
                0.0025296180974692106,
                0.00023275961575563997,
                0.9999967813491821,
                -0.013571013696491718
            ],
            [
                0.0,
                0.0,
                0.0,
                1.0
            ]
        ]
    }
]