[
    {
        "class": "Car",
        "extent": [
            1.5107464790344238,
            4.901683330535889,
            2.128324270248413
        ],
        "position": [
            -1.3,
            0.0,
            -2.5
        ],
        "yaw": 0,
        "num_points": -1,
        "distance": -1,
        "speed": 3.0882323383376242,
        "brake": 0.0,
        "id": 717,
        "ego_matrix": [
            [
                -0.10716605186462402,
                0.9942408800125122,
                -0.000735368812456727,
                -99.03569793701172
            ],
            [
                -0.9942403435707092,
                -0.10716501623392105,
                0.0013286179164424539,
                -11.64238452911377
            ],
            [
                0.0012421604478731751,
                0.0008735160809010267,
                0.9999988675117493,
                0.03279098495841026
            ],
            [
                0.0,
                0.0,
                0.0,
                1.0
            ]
        ]
    },
    {
        "class": "Car",
        "extent": [
            2.098191261291504,
            6.273552894592285,
            2.3895740509033203
        ],
        "position": [
            -16.96160572771388,
            -28.950768991925514,
            -2.514796869556509
        ],
        "yaw": 1.6684284771071765,
        "num_points": 4,
        "distance": 33.64769378993727,
        "speed": 4.786092814919435,
        "brake": 0.0,
        "id": 725,
        "ego_matrix": [
            [
                0.9999525547027588,
                0.009740092791616917,
                -6.126478547230363e-05,
                -68.57325744628906
            ],
            [
                -0.009740092791616917,
                0.9999525547027588,
                1.2000721199001418e-06,
                0.8264870047569275
            ],
            [
                6.127357482910156e-05,
                -6.03290402523271e-07,
                1.0,
                0.023828867822885513
            ],
            [
                0.0,
                0.0,
                0.0,
                1.0
            ]
        ]
    },
    {
        "class": "Car",
        "extent": [
            1.2765706777572632,
            2.3557403087615967,
            0.7636788487434387
        ],
        "position": [
            -15.29032066960554,
            -47.63893662926857,
            -2.516459389539772
        ],
        "yaw": 4.809640832333604,
        "num_points": 0,
        "distance": 50.095855688929355,
        "speed": 4.726755016325975,
        "brake": 0.0,
        "id": 738,
        "ego_matrix": [
            [
                -0.9998037219047546,
                -0.010381870903074741,
                -0.01687423512339592,
                -50.17182159423828
            ],
            [
                0.01011890172958374,
                -0.9998271465301514,
                0.015595454722642899,
                -2.8378920555114746
            ],
            [
                -0.017033228650689125,
                0.015421644784510136,
                0.999735951423645,
                0.04056676849722862
            ],
            [
                0.0,
                0.0,
                0.0,
                1.0
            ]
        ]
    },
    {
        "class": "Car",
        "extent": [
            1.385296106338501,
            4.181210041046143,
            1.9941171407699585
        ],
        "position": [
            26.50573539916297,
            27.656664833028223,
            -2.5286944466779335
        ],
        "yaw": 4.818886528690031,
        "num_points": 0,
        "distance": 38.39061622768721,
        "speed": 4.634191654469025,
        "brake": 0.0,
        "id": 741,
        "ego_matrix": [
            [
                -0.999991238117218,
                -0.0008746855892241001,
                0.004105959553271532,
                -129.5128936767578
            ],
            [
                0.0008749013068154454,
                -0.9999996423721313,
                5.073617285233922e-05,
                -36.324180603027344
            ],
            [
                0.004105913452804089,
                5.4328033002093434e-05,
                0.9999915957450867,
                0.014477214775979519
            ],
            [
                0.0,
                0.0,
                0.0,
                1.0
            ]
        ]
    },
    {
        "class": "Car",
        "extent": [
            1.5248334407806396,
            4.513522624969482,
            2.006814479827881
        ],
        "position": [
            -43.29593802381924,
            8.446844685136556,
            -2.4374671737680065
        ],
        "yaw": 3.2543184035784494,
        "num_points": 0,
        "distance": 44.17950521135805,
        "speed": 4.814285781258416,
        "brake": 0.0,
        "id": 742,
        "ego_matrix": [
            [
                -0.005353349726647139,
                -0.9999856948852539,
                -2.490949384537089e-07,
                -102.93340301513672
            ],
            [
                0.9999856948852539,
                -0.005353349726647139,
                -3.5764627682510763e-05,
                31.0169620513916
            ],
            [
                3.576278322725557e-05,
                -4.405519291594828e-07,
                1.0,
                0.03577959164977074
            ],
            [
                0.0,
                0.0,
                0.0,
                1.0
            ]
        ]
    },
    {
        "class": "Car",
        "extent": [
            1.4750303030014038,
            3.805800199508667,
            1.97027587890625
        ],
        "position": [
            41.07425263998729,
            -4.615794011874159,
            -2.5473660979293715
        ],
        "yaw": 0.12710215934317604,
        "num_points": 0,
        "distance": 41.41121657631464,
        "speed": -5.659578052703017e-09,
        "brake": 1.0,
        "id": 751,
        "ego_matrix": [
            [
                0.0197285283356905,
                0.9998053908348083,
                5.539644121199672e-07,
                -98.98753356933594
            ],
            [
                -0.9998053908348083,
                0.0197285283356905,
                -4.281438123143744e-06,
                -54.26729202270508
            ],
            [
                -4.291533969080774e-06,
                -4.6939010189817054e-07,
                1.0,
                0.04209253191947937
            ],
            [
                0.0,
                0.0,
                0.0,
                1.0
            ]
        ]
    },
    {
        "class": "Car",
        "extent": [
            1.8779358863830566,
            3.866220712661743,
            1.9051965475082397
        ],
        "position": [
            33.310410803791136,
            -0.22471092731227357,
            -2.5661505999295113
        ],
        "yaw": 3.2544957701070483,
        "num_points": 1,
        "distance": 33.40986518709253,
        "speed": 2.6629910656508958e-08,
        "brake": 1.0,
        "id": 757,
        "ego_matrix": [
            [
                -0.00553072988986969,
                -0.9999846816062927,
                8.958741091191769e-05,
                -102.52129364013672
            ],
            [
                0.999984622001648,
                -0.005530765745788813,
                -0.00040398776764050126,
                -46.07762145996094
            ],
            [
                0.0004044770903419703,
                8.735169103601947e-05,
                0.9999999403953552,
                0.009828433394432068
            ],
            [
                0.0,
                0.0,
                0.0,
                1.0
            ]
        ]
    },
    {
        "class": "Car",
        "extent": [
            1.4738311767578125,
            4.1928300857543945,
            1.8161858320236206
        ],
        "position": [
            0.24139567255307393,
            3.519924002994318,
            -2.537176576178336
        ],
        "yaw": 3.2543149414690316,
        "num_points": 0,
        "distance": 4.345733751196789,
        "speed": -2.616468746807368e-06,
        "brake": 1.0,
        "id": 761,
        "ego_matrix": [
            [
                -0.005349892657250166,
                -0.9999856948852539,
                2.0507782210188452e-06,
                -102.70050811767578
            ],
            [
                0.9999856948852539,
                -0.005349892657250166,
                1.4912345250195358e-05,
                -12.797739028930664
            ],
            [
                -1.4901160284352954e-05,
                2.1305284008121816e-06,
                1.0,
                -0.005545597057789564
            ],
            [
                0.0,
                0.0,
                0.0,
                1.0
            ]
        ]
    },
    {
        "class": "Car",
        "extent": [
            1.6355280876159668,
            5.0267767906188965,
            2.1515462398529053
        ],
        "position": [
            10.179365730751638,
            -1.1293936378050031,
            -2.419172910263638
        ],
        "yaw": 0.1124995144540537,
        "num_points": 88,
        "distance": 10.523659736007653,
        "speed": -1.4679200203678772e-07,
        "brake": 1.0,
        "id": 806,
        "ego_matrix": [
            [
                0.005126996897161007,
                0.9999868273735046,
                -0.000266373623162508,
                -99.14306640625
            ],
            [
                -0.999961793422699,
                0.005128753371536732,
                0.007074811961501837,
                -23.176557540893555
            ],
            [
                0.007076084613800049,
                0.00023009091091807932,
                0.9999749660491943,
                0.12886373698711395
            ],
            [
                0.0,
                0.0,
                0.0,
                1.0
            ]
        ]
    },
    {
        "class": "Car",
        "extent": [
            1.4738311767578125,
            4.1928300857543945,
            1.8161858320236206
        ],
        "position": [
            -12.825612211010561,
            -22.745513554973282,
            -2.517125595261587
        ],
        "yaw": 4.810496239675737,
        "num_points": 5,
        "distance": 26.23338782408817,
        "speed": 4.888362168821864,
        "brake": 0.0,
        "id": 810,
        "ego_matrix": [
            [
                -0.9999570846557617,
                -0.009264964610338211,
                2.3085360226104967e-05,
                -75.1860122680664
            ],
            [
                0.009264964610338211,
                -0.9999570846557617,
                8.308586075145286e-06,
                -2.620701551437378
            ],
            [
                2.3007391064311378e-05,
                8.522114512743428e-06,
                1.0,
                0.02121732197701931
            ],
            [
                0.0,
                0.0,
                0.0,
                1.0
            ]
        ]
    },
    {
        "class": "Car",
        "extent": [
            1.1256572008132935,
            1.8354405164718628,
            0.3289288878440857
        ],
        "position": [
            -40.26409874692616,
            4.522938693380027,
            -2.4939421396379733
        ],
        "yaw": 0.10995885877411804,
        "num_points": 0,
        "distance": 40.59401889099128,
        "speed": 4.016851314388397,
        "brake": 0.0,
        "id": 818,
        "ego_matrix": [
            [
                0.002586422488093376,
                0.9999966621398926,
                -0.00016111051081679761,
                -99.35696411132812
            ],
            [
                -0.9999908804893494,
                0.0025869545061141253,
                0.0033935955725610256,
                27.58200454711914
            ],
            [
                0.003394000930711627,
                0.00015233176236506552,
                0.9999942183494568,
                -0.013501682318747044
            ],
            [
                0.0,
                0.0,
                0.0,
                1.0
            ]
        ]
    }
]