[
    {
        "class": "Car",
        "extent": [
            1.5107464790344238,
            4.901683330535889,
            2.128324270248413
        ],
        "position": [
            -1.3,
            0.0,
            -2.5
        ],
        "yaw": 0,
        "num_points": -1,
        "distance": -1,
        "speed": 4.224657663141685,
        "brake": 0.0,
        "id": 717,
        "ego_matrix": [
            [
                -0.01640094816684723,
                0.9998653531074524,
                -0.0005157137638889253,
                -99.02139282226562
            ],
            [
                -0.999864935874939,
                -0.01640039123594761,
                0.0010682527208700776,
                -13.50102424621582
            ],
            [
                0.001059651025570929,
                0.0005331644788384438,
                0.9999993443489075,
                0.03288986161351204
            ],
            [
                0.0,
                0.0,
                0.0,
                1.0
            ]
        ]
    },
    {
        "class": "Car",
        "extent": [
            2.098191261291504,
            6.273552894592285,
            2.3895740509033203
        ],
        "position": [
            -16.140910065615532,
            -32.602645872885596,
            -2.510717389242966
        ],
        "yaw": 1.5774578237472692,
        "num_points": 0,
        "distance": 36.46594572293059,
        "speed": 4.78841655788239,
        "brake": 0.0,
        "id": 725,
        "ego_matrix": [
            [
                0.9999525547027588,
                0.009740092791616917,
                -6.126478547230363e-05,
                -66.17972564697266
            ],
            [
                -0.009740092791616917,
                0.9999525547027588,
                1.2000721199001418e-06,
                0.8031737208366394
            ],
            [
                6.127357482910156e-05,
                -6.03290402523271e-07,
                1.0,
                0.023828867822885513
            ],
            [
                0.0,
                0.0,
                0.0,
                1.0
            ]
        ]
    },
    {
        "class": "Car",
        "extent": [
            1.2765706777572632,
            2.3557403087615967,
            0.7636788487434387
        ],
        "position": [
            -12.749478109205683,
            -46.3059716697945,
            -2.533930498648594
        ],
        "yaw": 4.719280042863324,
        "num_points": 0,
        "distance": 48.09587308816534,
        "speed": 4.7233821721539035,
        "brake": 0.0,
        "id": 738,
        "ego_matrix": [
            [
                -0.9997137188911438,
                -0.009549635462462902,
                -0.021937057375907898,
                -52.53385543823242
            ],
            [
                0.009508232586085796,
                -0.9999527931213379,
                0.0019909089896827936,
                -2.8125648498535156
            ],
            [
                -0.021955035626888275,
                0.0017817565239965916,
                0.9997573494911194,
                0.011515635997056961
            ],
            [
                0.0,
                0.0,
                0.0,
                1.0
            ]
        ]
    },
    {
        "class": "Car",
        "extent": [
            1.385296106338501,
            4.181210041046143,
            1.9941171407699585
        ],
        "position": [
            22.061908192922544,
            32.43031339906891,
            -2.514628352504778
        ],
        "yaw": -1.5528973542665285,
        "num_points": 0,
        "distance": 39.303643292015465,
        "speed": 4.6337461374621025,
        "brake": 0.0,
        "id": 741,
        "ego_matrix": [
            [
                -0.9999841451644897,
                0.0014974897494539618,
                0.005423665978014469,
                -131.8304901123047
            ],
            [
                -0.001497158664278686,
                -0.9999988675117493,
                6.511191895697266e-05,
                -36.32792282104492
            ],
            [
                0.0054237572476267815,
                5.699079702026211e-05,
                0.9999852776527405,
                0.02572629787027836
            ],
            [
                0.0,
                0.0,
                0.0,
                1.0
            ]
        ]
    },
    {
        "class": "Car",
        "extent": [
            1.5248334407806396,
            4.513522624969482,
            2.006814479827881
        ],
        "position": [
            -48.15496328854834,
            4.69396567555548,
            -2.444957708388541
        ],
        "yaw": 3.1633521444343407,
        "num_points": 1,
        "distance": 48.44493390727806,
        "speed": 4.816545638182356,
        "brake": 0.0,
        "id": 742,
        "ego_matrix": [
            [
                -0.0053577604703605175,
                -0.9999856352806091,
                -8.604357049080136e-08,
                -102.9462890625
            ],
            [
                0.9999856352806091,
                -0.0053577604703605175,
                -3.576375820557587e-05,
                33.424652099609375
            ],
            [
                3.576278322725557e-05,
                -2.7765597110374074e-07,
                1.0,
                0.035779550671577454
            ],
            [
                0.0,
                0.0,
                0.0,
                1.0
            ]
        ]
    },
    {
        "class": "Car",
        "extent": [
            1.4750303030014038,
            3.805800199508667,
            1.97027587890625
        ],
        "position": [
            39.46021614396678,
            -0.702442341187242,
            -2.534363473882497
        ],
        "yaw": 0.03613150598326875,
        "num_points": 0,
        "distance": 39.54775697291844,
        "speed": -1.3374913909548568e-10,
        "brake": 1.0,
        "id": 751,
        "ego_matrix": [
            [
                0.0197285283356905,
                0.9998053908348083,
                5.539644121199672e-07,
                -98.98753356933594
            ],
            [
                -0.9998053908348083,
                0.0197285283356905,
                -4.281438123143744e-06,
                -54.26729202270508
            ],
            [
                -4.291533969080774e-06,
                -4.6939010189817054e-07,
                1.0,
                0.04209253191947937
            ],
            [
                0.0,
                0.0,
                0.0,
                1.0
            ]
        ]
    },
    {
        "class": "Car",
        "extent": [
            1.8779358863830566,
            3.866220712661743,
            1.9051965475082397
        ],
        "position": [
            31.32957453898192,
            2.9651729231947996,
            -2.556056504685079
        ],
        "yaw": 3.1635251167471408,
        "num_points": 9,
        "distance": 31.57321516908303,
        "speed": -4.174141263609773e-09,
        "brake": 1.0,
        "id": 757,
        "ego_matrix": [
            [
                -0.00553072988986969,
                -0.9999846816062927,
                8.958741091191769e-05,
                -102.52129364013672
            ],
            [
                0.999984622001648,
                -0.005530765745788813,
                -0.00040398776764050126,
                -46.07762145996094
            ],
            [
                0.0004044770903419703,
                8.735169103601947e-05,
                0.9999999403953552,
                0.009828433394432068
            ],
            [
                0.0,
                0.0,
                0.0,
                1.0
            ]
        ]
    },
    {
        "class": "Car",
        "extent": [
            1.4738311767578125,
            4.1928300857543945,
            1.8161858320236206
        ],
        "position": [
            -1.9428928384342818,
            3.690174606126971,
            -2.5357869641264075
        ],
        "yaw": 3.1633442881091245,
        "num_points": 158,
        "distance": 4.880823366275099,
        "speed": -1.617220202859438e-07,
        "brake": 1.0,
        "id": 761,
        "ego_matrix": [
            [
                -0.005349892657250166,
                -0.9999856948852539,
                2.0507782210188452e-06,
                -102.70050811767578
            ],
            [
                0.9999856948852539,
                -0.005349892657250166,
                1.4912345250195358e-05,
                -12.797736167907715
            ],
            [
                -1.4901160284352954e-05,
                2.1305284008121816e-06,
                1.0,
                -0.005545787513256073
            ],
            [
                0.0,
                0.0,
                0.0,
                1.0
            ]
        ]
    },
    {
        "class": "Car",
        "extent": [
            1.488319993019104,
            4.791779518127441,
            2.163450002670288
        ],
        "position": [
            44.87437082981354,
            1.273281618821176,
            -2.579690850842646
        ],
        "yaw": 3.6854897767005674,
        "num_points": 5,
        "distance": 44.96648983786004,
        "speed": 4.226035020193523,
        "brake": 1.0,
        "id": 790,
        "ego_matrix": [
            [
                -0.5033706426620483,
                -0.864069402217865,
                -0.0014251931570470333,
                -101.05176544189453
            ],
            [
                0.8640705347061157,
                -0.5033705830574036,
                -0.0004412031266838312,
                -59.64836120605469
            ],
            [
                -0.0003361701965332031,
                -0.0014535560039803386,
                0.9999988675117493,
                0.0014489173190668225
            ],
            [
                0.0,
                0.0,
                0.0,
                1.0
            ]
        ]
    },
    {
        "class": "Car",
        "extent": [
            1.6355280876159668,
            5.0267767906188965,
            2.1515462398529053
        ],
        "position": [
            8.376325645289478,
            -0.03707653157727511,
            -2.4142993556152508
        ],
        "yaw": 0.021528861094146423,
        "num_points": 158,
        "distance": 8.717399116918545,
        "speed": -2.4774288276230596e-08,
        "brake": 1.0,
        "id": 806,
        "ego_matrix": [
            [
                0.005126996897161007,
                0.9999868273735046,
                -0.000266373623162508,
                -99.14306640625
            ],
            [
                -0.999961793422699,
                0.005128753371536732,
                0.007074811961501837,
                -23.176559448242188
            ],
            [
                0.007076084613800049,
                0.00023009091091807932,
                0.9999749660491943,
                0.12886373698711395
            ],
            [
                0.0,
                0.0,
                0.0,
                1.0
            ]
        ]
    },
    {
        "class": "Car",
        "extent": [
            1.4738311767578125,
            4.1928300857543945,
            1.8161858320236206
        ],
        "position": [
            -12.552426128193714,
            -21.209076756784118,
            -2.5110568297398945
        ],
        "yaw": 4.719488035744459,
        "num_points": 7,
        "distance": 24.772842892593168,
        "speed": 4.890422976919532,
        "brake": 0.0,
        "id": 810,
        "ego_matrix": [
            [
                -0.9999567270278931,
                -0.009302632883191109,
                2.308567491127178e-05,
                -77.630615234375
            ],
            [
                0.009302632883191109,
                -0.9999567270278931,
                8.307714779220987e-06,
                -2.5979669094085693
            ],
            [
                2.3007391064311378e-05,
                8.522112693754025e-06,
                1.0,
                0.02121732197701931
            ],
            [
                0.0,
                0.0,
                0.0,
                1.0
            ]
        ]
    },
    {
        "class": "Car",
        "extent": [
            1.1256572008132935,
            1.8354405164718628,
            0.3289288878440857
        ],
        "position": [
            -40.351624979529284,
            0.9724422045024819,
            -2.504470965802575
        ],
        "yaw": 0.01805849587766395,
        "num_points": 0,
        "distance": 40.440965086755995,
        "speed": 4.057694832736519,
        "brake": 0.0,
        "id": 818,
        "ego_matrix": [
            [
                0.0016567151760682464,
                0.9999986290931702,
                -0.00010193501657340676,
                -99.35321807861328
            ],
            [
                -0.9999919533729553,
                0.0016570769948884845,
                0.0036584800109267235,
                25.561269760131836
            ],
            [
                0.003658643923699856,
                9.587313252268359e-05,
                0.9999933242797852,
                -0.013480663299560547
            ],
            [
                0.0,
                0.0,
                0.0,
                1.0
            ]
        ]
    }
]