[
    {
        "class": "Car",
        "extent": [
            1.5107464790344238,
            4.901683330535889,
            2.128324270248413
        ],
        "position": [
            -1.3,
            0.0,
            -2.5
        ],
        "yaw": 0,
        "num_points": -1,
        "distance": -1,
        "speed": 2.532610693058135,
        "brake": 1.0,
        "id": 717,
        "ego_matrix": [
            [
                0.011713885702192783,
                0.9999313950538635,
                0.0002568069030530751,
                -98.98023223876953
            ],
            [
                -0.9999294877052307,
                0.01171436533331871,
                -0.0019503686344251037,
                -15.342449188232422
            ],
            [
                -0.0019532430451363325,
                -0.00023394239542540163,
                0.9999980926513672,
                0.0343896858394146
            ],
            [
                0.0,
                0.0,
                0.0,
                1.0
            ]
        ]
    },
    {
        "class": "Car",
        "extent": [
            2.098191261291504,
            6.273552894592285,
            2.3895740509033203
        ],
        "position": [
            -17.008868146189535,
            -35.38164845522749,
            -2.5329667762601007
        ],
        "yaw": 1.549341900012921,
        "num_points": 0,
        "distance": 39.33927507864628,
        "speed": 4.790728322567126,
        "brake": 0.0,
        "id": 725,
        "ego_matrix": [
            [
                0.9999525547027588,
                0.009740092791616917,
                -6.126478547230363e-05,
                -63.7850341796875
            ],
            [
                -0.009740092791616917,
                0.9999525547027588,
                1.2000721199001418e-06,
                0.7798489332199097
            ],
            [
                6.127357482910156e-05,
                -6.03290402523271e-07,
                1.0,
                0.023828944191336632
            ],
            [
                0.0,
                0.0,
                0.0,
                1.0
            ]
        ]
    },
    {
        "class": "Car",
        "extent": [
            1.2765706777572632,
            2.3557403087615967,
            0.7636788487434387
        ],
        "position": [
            -13.334900638351513,
            -44.22527576737496,
            -2.5531476521481635
        ],
        "yaw": 4.691534564836606,
        "num_points": 0,
        "distance": 46.262437837502034,
        "speed": 4.714102026587506,
        "brake": 0.0,
        "id": 738,
        "ego_matrix": [
            [
                -0.999954104423523,
                -0.009139688685536385,
                -0.00286129885353148,
                -54.898983001708984
            ],
            [
                0.00914000067859888,
                -0.9999582171440125,
                -9.583233622834086e-05,
                -2.790222644805908
            ],
            [
                -0.0028603035025298595,
                -0.00012198020704090595,
                0.9999958872795105,
                -0.005596942733973265
            ],
            [
                0.0,
                0.0,
                0.0,
                1.0
            ]
        ]
    },
    {
        "class": "Car",
        "extent": [
            1.385296106338501,
            4.181210041046143,
            1.9941171407699585
        ],
        "position": [
            19.28158101743209,
            35.37960002022244,
            -2.4627079021422085
        ],
        "yaw": -1.5786348088313267,
        "num_points": 0,
        "distance": 40.36781384140086,
        "speed": 4.087492238751753,
        "brake": 1.0,
        "id": 741,
        "ego_matrix": [
            [
                -0.9999716877937317,
                0.0038759273011237383,
                0.006450860761106014,
                -134.11630249023438
            ],
            [
                -0.003875554772093892,
                -0.9999924898147583,
                7.027544779703021e-05,
                -36.337100982666016
            ],
            [
                0.006451084744185209,
                4.527279088506475e-05,
                0.9999791979789734,
                0.03975766897201538
            ],
            [
                0.0,
                0.0,
                0.0,
                1.0
            ]
        ]
    },
    {
        "class": "Car",
        "extent": [
            1.4750303030014038,
            3.805800199508667,
            1.97027587890625
        ],
        "position": [
            37.621997581998606,
            0.4632824611863053,
            -2.416381251079757
        ],
        "yaw": 0.008015582248920516,
        "num_points": 0,
        "distance": 37.70236373291894,
        "speed": 1.103461880288611e-08,
        "brake": 1.0,
        "id": 751,
        "ego_matrix": [
            [
                0.0197285283356905,
                0.9998053908348083,
                5.539644121199672e-07,
                -98.98753356933594
            ],
            [
                -0.9998053908348083,
                0.0197285283356905,
                -4.281438123143744e-06,
                -54.26729202270508
            ],
            [
                -4.291533969080774e-06,
                -4.6939010189817054e-07,
                1.0,
                0.04209253191947937
            ],
            [
                0.0,
                0.0,
                0.0,
                1.0
            ]
        ]
    },
    {
        "class": "Car",
        "extent": [
            1.8779358863830566,
            3.866220712661743,
            1.9051965475082397
        ],
        "position": [
            29.391573449776963,
            3.9008557576957643,
            -2.4655256586376857
        ],
        "yaw": 3.1354091930127925,
        "num_points": 4,
        "distance": 29.75163999293792,
        "speed": 8.052855839683988e-09,
        "brake": 1.0,
        "id": 757,
        "ego_matrix": [
            [
                -0.00553072988986969,
                -0.9999846816062927,
                8.958741091191769e-05,
                -102.52129364013672
            ],
            [
                0.999984622001648,
                -0.005530765745788813,
                -0.00040398776764050126,
                -46.07762145996094
            ],
            [
                0.0004044770903419703,
                8.735169103601947e-05,
                0.9999999403953552,
                0.009828433394432068
            ],
            [
                0.0,
                0.0,
                0.0,
                1.0
            ]
        ]
    },
    {
        "class": "Car",
        "extent": [
            1.4738311767578125,
            4.1928300857543945,
            1.8161858320236206
        ],
        "position": [
            -3.888034469510667,
            3.6902016089911296,
            -2.5458539181672197
        ],
        "yaw": 3.1352283643747763,
        "num_points": 403,
        "distance": 5.934287836274139,
        "speed": -5.1942142185913885e-09,
        "brake": 1.0,
        "id": 761,
        "ego_matrix": [
            [
                -0.005349892657250166,
                -0.9999856948852539,
                2.0507782210188452e-06,
                -102.70050811767578
            ],
            [
                0.9999856948852539,
                -0.005349892657250166,
                1.4912345250195358e-05,
                -12.797736167907715
            ],
            [
                -1.4901160284352954e-05,
                2.1305284008121816e-06,
                1.0,
                -0.005545787513256073
            ],
            [
                0.0,
                0.0,
                0.0,
                1.0
            ]
        ]
    },
    {
        "class": "Car",
        "extent": [
            1.488319993019104,
            4.791779518127441,
            2.163450002670288
        ],
        "position": [
            41.43381580351267,
            3.2584297610983795,
            -2.4501886816702543
        ],
        "yaw": 3.5743556649373973,
        "num_points": 3,
        "distance": 41.633903025337574,
        "speed": 2.8741057325414663,
        "brake": 0.0,
        "id": 790,
        "ego_matrix": [
            [
                -0.429985910654068,
                -0.9028353095054626,
                -0.0006360472179949284,
                -101.73784637451172
            ],
            [
                0.9028354287147522,
                -0.4299861192703247,
                0.0002162513992516324,
                -58.11151885986328
            ],
            [
                -0.0004687308974098414,
                -0.00048126091132871807,
                0.9999997615814209,
                0.0014936637599021196
            ],
            [
                0.0,
                0.0,
                0.0,
                1.0
            ]
        ]
    },
    {
        "class": "Car",
        "extent": [
            1.6355280876159668,
            5.0267767906188965,
            2.1515462398529053
        ],
        "position": [
            6.531465907308229,
            0.25461672738426544,
            -2.390288543055764
        ],
        "yaw": -0.006587062640201813,
        "num_points": 278,
        "distance": 6.959766942596371,
        "speed": 1.500723809798323e-08,
        "brake": 1.0,
        "id": 806,
        "ego_matrix": [
            [
                0.005126996897161007,
                0.9999868273735046,
                -0.000266373623162508,
                -99.14306640625
            ],
            [
                -0.999961793422699,
                0.005128753371536732,
                0.007074811961501837,
                -23.176559448242188
            ],
            [
                0.007076084613800049,
                0.00023009091091807932,
                0.9999749660491943,
                0.12886373698711395
            ],
            [
                0.0,
                0.0,
                0.0,
                1.0
            ]
        ]
    },
    {
        "class": "Car",
        "extent": [
            1.4738311767578125,
            4.1928300857543945,
            1.8161858320236206
        ],
        "position": [
            -13.844960489019254,
            -19.052236100936877,
            -2.533218699176011
        ],
        "yaw": 4.691330300380997,
        "num_points": 5,
        "distance": 23.687292550357075,
        "speed": 4.892509766926933,
        "brake": 0.0,
        "id": 810,
        "ego_matrix": [
            [
                -0.9999563694000244,
                -0.009344354271888733,
                2.3086020519258454e-05,
                -80.07626342773438
            ],
            [
                0.009344354271888733,
                -0.9999563694000244,
                8.306753443321213e-06,
                -2.5751237869262695
            ],
            [
                2.3007391064311378e-05,
                8.522114512743428e-06,
                1.0,
                0.021217282861471176
            ],
            [
                0.0,
                0.0,
                0.0,
                1.0
            ]
        ]
    },
    {
        "class": "Car",
        "extent": [
            1.1256572008132935,
            1.8354405164718628,
            0.3289288878440857
        ],
        "position": [
            -40.171596991703524,
            -0.08496796718349477,
            -2.6237686646473817
        ],
        "yaw": -0.010545585284495562,
        "num_points": 0,
        "distance": 40.25727991835609,
        "speed": 4.07358496889043,
        "brake": 0.0,
        "id": 818,
        "ego_matrix": [
            [
                0.0011685563949868083,
                0.9999993443489075,
                -5.2859762945445254e-05,
                -99.35063934326172
            ],
            [
                -0.999992311000824,
                0.0011687467340379953,
                0.003756931982934475,
                23.52764320373535
            ],
            [
                0.003756991121917963,
                4.846916635870002e-05,
                0.9999929666519165,
                -0.013472937978804111
            ],
            [
                0.0,
                0.0,
                0.0,
                1.0
            ]
        ]
    }
]