[
    {
        "class": "Car",
        "extent": [
            1.5107464790344238,
            4.901683330535889,
            2.128324270248413
        ],
        "position": [
            -1.3,
            0.0,
            -2.5
        ],
        "yaw": 0,
        "num_points": -1,
        "distance": -1,
        "speed": 2.3031801538815935,
        "brake": 1.0,
        "id": 717,
        "ego_matrix": [
            [
                0.012401576153934002,
                0.9999231100082397,
                0.00011592165537877008,
                -98.96611785888672
            ],
            [
                -0.999923050403595,
                0.012401537969708443,
                0.00032797703170217574,
                -16.351491928100586
            ],
            [
                0.0003265142149757594,
                -0.00011998016270808876,
                0.9999999403953552,
                0.033255040645599365
            ],
            [
                0.0,
                0.0,
                0.0,
                1.0
            ]
        ]
    },
    {
        "class": "Car",
        "extent": [
            2.098191261291504,
            6.273552894592285,
            2.3895740509033203
        ],
        "position": [
            -17.940677724289966,
            -37.78620840535045,
            -2.4994590833874044
        ],
        "yaw": 1.548654138661408,
        "num_points": 0,
        "distance": 41.90361271500274,
        "speed": 4.793037799146225,
        "brake": 0.0,
        "id": 725,
        "ego_matrix": [
            [
                0.9999525547027588,
                0.009740092791616917,
                -6.126478547230363e-05,
                -61.38918685913086
            ],
            [
                -0.009740092791616917,
                0.9999525547027588,
                1.2000721199001418e-06,
                0.7565123438835144
            ],
            [
                6.127357482910156e-05,
                -6.03290402523271e-07,
                1.0,
                0.023828944191336632
            ],
            [
                0.0,
                0.0,
                0.0,
                1.0
            ]
        ]
    },
    {
        "class": "Car",
        "extent": [
            1.2765706777572632,
            2.3557403087615967,
            0.7636788487434387
        ],
        "position": [
            -14.364418566248014,
            -41.875048477284025,
            -2.527402858744317
        ],
        "yaw": 4.690889946694753,
        "num_points": 0,
        "distance": 44.34234963250873,
        "speed": 4.717941385105853,
        "brake": 0.0,
        "id": 738,
        "ego_matrix": [
            [
                -0.9999539256095886,
                -0.009096791967749596,
                -0.0030691898427903652,
                -57.25631332397461
            ],
            [
                0.0090968431904912,
                -0.9999586343765259,
                -2.7137102733831853e-06,
                -2.768772840499878
            ],
            [
                -0.003069038037210703,
                -3.063352050958201e-05,
                0.9999952912330627,
                -0.0034377097617834806
            ],
            [
                0.0,
                0.0,
                0.0,
                1.0
            ]
        ]
    },
    {
        "class": "Car",
        "extent": [
            1.385296106338501,
            4.181210041046143,
            1.9941171407699585
        ],
        "position": [
            18.24401796708417,
            36.280652266173156,
            -2.497337845091636
        ],
        "yaw": -1.5772365161009803,
        "num_points": 0,
        "distance": 40.686196882416915,
        "speed": -0.00031970550592178655,
        "brake": 1.0,
        "id": 741,
        "ego_matrix": [
            [
                -0.9999717473983765,
                0.005961738061159849,
                0.004583543632179499,
                -135.00160217285156
            ],
            [
                -0.005961709655821323,
                -0.9999822378158569,
                1.9921812054235488e-05,
                -36.34394073486328
            ],
            [
                0.004583580885082483,
                -7.404505595332012e-06,
                0.9999895095825195,
                0.046651553362607956
            ],
            [
                0.0,
                0.0,
                0.0,
                1.0
            ]
        ]
    },
    {
        "class": "Car",
        "extent": [
            1.4750303030014038,
            3.805800199508667,
            1.97027587890625
        ],
        "position": [
            36.61261978609234,
            0.4916293586441723,
            -2.5036005033671236
        ],
        "yaw": 0.007327820897407689,
        "num_points": 11,
        "distance": 36.701411996103104,
        "speed": 1.6141229202729582e-10,
        "brake": 1.0,
        "id": 751,
        "ego_matrix": [
            [
                0.0197285283356905,
                0.9998053908348083,
                5.539644121199672e-07,
                -98.98753356933594
            ],
            [
                -0.9998053908348083,
                0.0197285283356905,
                -4.281438123143744e-06,
                -54.26729202270508
            ],
            [
                -4.291533969080774e-06,
                -4.6939010189817054e-07,
                1.0,
                0.04209253191947937
            ],
            [
                0.0,
                0.0,
                0.0,
                1.0
            ]
        ]
    },
    {
        "class": "Car",
        "extent": [
            1.8779358863830566,
            3.866220712661743,
            1.9051965475082397
        ],
        "position": [
            28.37974468587812,
            3.9235493371671613,
            -2.5335882154444116
        ],
        "yaw": 3.13472143166128,
        "num_points": 10,
        "distance": 28.761488436488314,
        "speed": -1.7167353565319826e-09,
        "brake": 1.0,
        "id": 757,
        "ego_matrix": [
            [
                -0.00553072988986969,
                -0.9999846816062927,
                8.958741091191769e-05,
                -102.52129364013672
            ],
            [
                0.999984622001648,
                -0.005530765745788813,
                -0.00040398776764050126,
                -46.07762145996094
            ],
            [
                0.0004044770903419703,
                8.735169103601947e-05,
                0.9999999403953552,
                0.009828433394432068
            ],
            [
                0.0,
                0.0,
                0.0,
                1.0
            ]
        ]
    },
    {
        "class": "Car",
        "extent": [
            1.4738311767578125,
            4.1928300857543945,
            1.8161858320236206
        ],
        "position": [
            -4.899807294326231,
            3.690026429228057,
            -2.5380681722811524
        ],
        "yaw": 3.1345406030232636,
        "num_points": 379,
        "distance": 6.638237463143414,
        "speed": -4.429196068590098e-09,
        "brake": 1.0,
        "id": 761,
        "ego_matrix": [
            [
                -0.005349892657250166,
                -0.9999856948852539,
                2.0507782210188452e-06,
                -102.70050811767578
            ],
            [
                0.9999856948852539,
                -0.005349892657250166,
                1.4912345250195358e-05,
                -12.797736167907715
            ],
            [
                -1.4901160284352954e-05,
                2.1305284008121816e-06,
                1.0,
                -0.005545787513256073
            ],
            [
                0.0,
                0.0,
                0.0,
                1.0
            ]
        ]
    },
    {
        "class": "Car",
        "extent": [
            1.488319993019104,
            4.791779518127441,
            2.163450002670288
        ],
        "position": [
            39.151287821359645,
            3.6765130881771375,
            -2.5455174867114674
        ],
        "yaw": 3.480737296821733,
        "num_points": 2,
        "distance": 39.40583390608091,
        "speed": 2.520234630566911,
        "brake": 0.0,
        "id": 790,
        "ego_matrix": [
            [
                -0.3443501889705658,
                -0.9388410449028015,
                -0.0006423440063372254,
                -102.14069366455078
            ],
            [
                0.9388412833213806,
                -0.3443502187728882,
                -7.561191159766167e-05,
                -56.84527587890625
            ],
            [
                -0.00015020370483398438,
                -0.0006290960009209812,
                0.9999998211860657,
                0.0013865851797163486
            ],
            [
                0.0,
                0.0,
                0.0,
                1.0
            ]
        ]
    },
    {
        "class": "Car",
        "extent": [
            1.6355280876159668,
            5.0267767906188965,
            2.1515462398529053
        ],
        "position": [
            5.522379110663467,
            0.2615877469347358,
            -2.406650286912158
        ],
        "yaw": -0.007274823991714641,
        "num_points": 380,
        "distance": 6.029681981226952,
        "speed": 1.811493105073505e-08,
        "brake": 1.0,
        "id": 806,
        "ego_matrix": [
            [
                0.005126996897161007,
                0.9999868273735046,
                -0.000266373623162508,
                -99.14306640625
            ],
            [
                -0.999961793422699,
                0.005128753371536732,
                0.007074811961501837,
                -23.176559448242188
            ],
            [
                0.007076084613800049,
                0.00023009091091807932,
                0.9999749660491943,
                0.12886373698711395
            ],
            [
                0.0,
                0.0,
                0.0,
                1.0
            ]
        ]
    },
    {
        "class": "Car",
        "extent": [
            1.4738311767578125,
            4.1928300857543945,
            1.8161858320236206
        ],
        "position": [
            -14.894350960160487,
            -16.6130310553908,
            -2.505605507110109
        ],
        "yaw": 4.690596732658735,
        "num_points": 16,
        "distance": 22.452450875774637,
        "speed": 4.894599603942126,
        "brake": 0.0,
        "id": 810,
        "ego_matrix": [
            [
                -0.9999558925628662,
                -0.009390128776431084,
                2.3086400688043796e-05,
                -82.52295684814453
            ],
            [
                0.009390128776431084,
                -0.9999558925628662,
                8.305696610477753e-06,
                -2.552161931991577
            ],
            [
                2.3007391064311378e-05,
                8.522114512743428e-06,
                1.0,
                0.021217551082372665
            ],
            [
                0.0,
                0.0,
                0.0,
                1.0
            ]
        ]
    },
    {
        "class": "Car",
        "extent": [
            1.1256572008132935,
            1.8354405164718628,
            0.3289288878440857
        ],
        "position": [
            -39.142502257001965,
            -0.08674897434505131,
            -2.534358158622048
        ],
        "yaw": -0.011477824824077887,
        "num_points": 0,
        "distance": 39.22455837355123,
        "speed": 4.079100470810529,
        "brake": 0.0,
        "id": 818,
        "ego_matrix": [
            [
                0.0009241790976375341,
                0.9999995827674866,
                -2.375025906076189e-05,
                -99.34868621826172
            ],
            [
                -0.9999923706054688,
                0.0009242626838386059,
                0.003798336023464799,
                21.48916244506836
            ],
            [
                0.003798356279730797,
                2.0239735022187233e-05,
                0.9999927878379822,
                -0.013469638302922249
            ],
            [
                0.0,
                0.0,
                0.0,
                1.0
            ]
        ]
    }
]