[
    {
        "class": "Car",
        "extent": [
            1.5107464790344238,
            4.901683330535889,
            2.128324270248413
        ],
        "position": [
            -1.3,
            0.0,
            -2.5
        ],
        "yaw": 0,
        "num_points": -1,
        "distance": -1,
        "speed": -0.0007119767749348932,
        "brake": 1.0,
        "id": 717,
        "ego_matrix": [
            [
                0.010646677576005459,
                0.9999433159828186,
                -6.964644853724167e-06,
                -98.96320343017578
            ],
            [
                -0.9999417066574097,
                0.010646647773683071,
                -0.0017972550122067332,
                -16.83928871154785
            ],
            [
                -0.001797078992240131,
                2.6099032766069286e-05,
                0.9999983906745911,
                0.03431125730276108
            ],
            [
                0.0,
                0.0,
                0.0,
                1.0
            ]
        ]
    },
    {
        "class": "Car",
        "extent": [
            2.098191261291504,
            6.273552894592285,
            2.3895740509033203
        ],
        "position": [
            -18.44585160644622,
            -40.15583765986162,
            -2.5423428599785542
        ],
        "yaw": 1.5504091618197702,
        "num_points": 0,
        "distance": 44.262899214464916,
        "speed": 4.79534053789106,
        "brake": 0.0,
        "id": 725,
        "ego_matrix": [
            [
                0.9999525547027588,
                0.009740092791616917,
                -6.126478547230363e-05,
                -58.9921875
            ],
            [
                -0.009740092791616917,
                0.9999525547027588,
                1.2000721199001418e-06,
                0.7331646084785461
            ],
            [
                6.127357482910156e-05,
                -6.03290402523271e-07,
                1.0,
                0.023828944191336632
            ],
            [
                0.0,
                0.0,
                0.0,
                1.0
            ]
        ]
    },
    {
        "class": "Car",
        "extent": [
            1.2765706777572632,
            2.3557403087615967,
            0.7636788487434387
        ],
        "position": [
            -14.972104205603678,
            -39.49442651450529,
            -2.5632450500318926
        ],
        "yaw": 4.692669204619034,
        "num_points": 0,
        "distance": 42.3148183883569,
        "speed": 4.722576127507959,
        "brake": 0.0,
        "id": 738,
        "ego_matrix": [
            [
                -0.9999539852142334,
                -0.009072811342775822,
                -0.0031146714463829994,
                -59.6165771484375
            ],
            [
                0.009072762914001942,
                -0.9999588131904602,
                2.985793980769813e-05,
                -2.747384548187256
            ],
            [
                -0.0031148141715675592,
                1.5978902183633181e-06,
                0.9999951720237732,
                -0.003333072643727064
            ],
            [
                0.0,
                0.0,
                0.0,
                1.0
            ]
        ]
    },
    {
        "class": "Car",
        "extent": [
            1.385296106338501,
            4.181210041046143,
            1.9941171407699585
        ],
        "position": [
            17.819812028716196,
            36.24480837681371,
            -2.4532301723935404
        ],
        "yaw": -1.5754788297815283,
        "num_points": 0,
        "distance": 40.462948153705575,
        "speed": -3.528873164800425e-05,
        "brake": 1.0,
        "id": 741,
        "ego_matrix": [
            [
                -0.9999598860740662,
                0.0059644728899002075,
                0.006689190398901701,
                -135.0023956298828
            ],
            [
                -0.00596426147967577,
                -0.9999822378158569,
                5.161579611012712e-05,
                -36.343955993652344
            ],
            [
                0.006689378991723061,
                1.1717645065800752e-05,
                0.9999776482582092,
                0.045775242149829865
            ],
            [
                0.0,
                0.0,
                0.0,
                1.0
            ]
        ]
    },
    {
        "class": "Car",
        "extent": [
            1.4750303030014038,
            3.805800199508667,
            1.97027587890625
        ],
        "position": [
            36.125548489025576,
            0.4228113250725236,
            -2.4249509019072386
        ],
        "yaw": 0.009082844055769757,
        "num_points": 10,
        "distance": 36.20931385605378,
        "speed": -2.175399796872444e-09,
        "brake": 1.0,
        "id": 751,
        "ego_matrix": [
            [
                0.0197285283356905,
                0.9998053908348083,
                5.539644121199672e-07,
                -98.98753356933594
            ],
            [
                -0.9998053908348083,
                0.0197285283356905,
                -4.281438123143744e-06,
                -54.26729202270508
            ],
            [
                -4.291533969080774e-06,
                -4.6939010189817054e-07,
                1.0,
                0.04209253191947937
            ],
            [
                0.0,
                0.0,
                0.0,
                1.0
            ]
        ]
    },
    {
        "class": "Car",
        "extent": [
            1.8779358863830566,
            3.866220712661743,
            1.9051965475082397
        ],
        "position": [
            27.890421640044497,
            3.8690902871400787,
            -2.471975154820008
        ],
        "yaw": 3.1364744574488244,
        "num_points": 9,
        "distance": 28.265812213264834,
        "speed": 0.04667717376259478,
        "brake": 0.0,
        "id": 757,
        "ego_matrix": [
            [
                -0.005528702866286039,
                -0.9999847412109375,
                9.052971290657297e-05,
                -102.52129364013672
            ],
            [
                0.9999845623970032,
                -0.005528754089027643,
                -0.00057457375805825,
                -46.069252014160156
            ],
            [
                0.0005750654963776469,
                8.735166193218902e-05,
                0.9999998211860657,
                0.009777584113180637
            ],
            [
                0.0,
                0.0,
                0.0,
                1.0
            ]
        ]
    },
    {
        "class": "Car",
        "extent": [
            1.4738311767578125,
            4.1928300857543945,
            1.8161858320236206
        ],
        "position": [
            -5.381035199786288,
            3.694064895896231,
            -2.5470946522393576
        ],
        "yaw": 3.1362956261816253,
        "num_points": 312,
        "distance": 7.006378982320198,
        "speed": -5.9189309561475015e-09,
        "brake": 1.0,
        "id": 761,
        "ego_matrix": [
            [
                -0.005349892657250166,
                -0.9999856948852539,
                2.0507782210188452e-06,
                -102.70050811767578
            ],
            [
                0.9999856948852539,
                -0.005349892657250166,
                1.4912345250195358e-05,
                -12.797736167907715
            ],
            [
                -1.4901160284352954e-05,
                2.1305284008121816e-06,
                1.0,
                -0.005545787513256073
            ],
            [
                0.0,
                0.0,
                0.0,
                1.0
            ]
        ]
    },
    {
        "class": "Car",
        "extent": [
            1.488319993019104,
            4.791779518127441,
            2.163450002670288
        ],
        "position": [
            37.448077187470446,
            3.827481192448777,
            -2.4632281371795535
        ],
        "yaw": 3.38252937004148,
        "num_points": 2,
        "distance": 37.723674134064495,
        "speed": 2.447137119842096,
        "brake": 0.0,
        "id": 790,
        "ego_matrix": [
            [
                -0.24893803894519806,
                -0.9685193300247192,
                -0.0003984599024988711,
                -102.3779296875
            ],
            [
                0.968519389629364,
                -0.24893803894519806,
                -6.0075031797168776e-05,
                -55.62592315673828
            ],
            [
                -4.100799196748994e-05,
                -0.00040087109664455056,
                0.9999999403953552,
                0.001349811558611691
            ],
            [
                0.0,
                0.0,
                0.0,
                1.0
            ]
        ]
    },
    {
        "class": "Car",
        "extent": [
            1.6355280876159668,
            5.0267767906188965,
            2.1515462398529053
        ],
        "position": [
            5.034816454611167,
            0.2473210023699809,
            -2.3940567282043697
        ],
        "yaw": -0.005519800833352573,
        "num_points": 424,
        "distance": 5.580506431113332,
        "speed": -2.1073088331146814e-08,
        "brake": 1.0,
        "id": 806,
        "ego_matrix": [
            [
                0.005126996897161007,
                0.9999868273735046,
                -0.000266373623162508,
                -99.14306640625
            ],
            [
                -0.999961793422699,
                0.005128753371536732,
                0.007074811961501837,
                -23.176559448242188
            ],
            [
                0.007076084613800049,
                0.00023009091091807932,
                0.9999749660491943,
                0.12886373698711395
            ],
            [
                0.0,
                0.0,
                0.0,
                1.0
            ]
        ]
    },
    {
        "class": "Car",
        "extent": [
            1.4738311767578125,
            4.1928300857543945,
            1.8161858320236206
        ],
        "position": [
            -15.458331300622959,
            -14.246463576778115,
            -2.5387611026931225
        ],
        "yaw": 4.692265735713887,
        "num_points": 17,
        "distance": 21.174679194283737,
        "speed": 3.5615390312293767,
        "brake": 1.0,
        "id": 810,
        "ego_matrix": [
            [
                -0.999953031539917,
                -0.009476209059357643,
                -0.002028063638135791,
                -84.8682861328125
            ],
            [
                0.009476174600422382,
                -0.9999551177024841,
                2.6676372726797126e-05,
                -2.530035972595215
            ],
            [
                -0.0020282252226024866,
                7.4568356467352714e-06,
                0.9999979138374329,
                0.021365676075220108
            ],
            [
                0.0,
                0.0,
                0.0,
                1.0
            ]
        ]
    },
    {
        "class": "Car",
        "extent": [
            1.1256572008132935,
            1.8354405164718628,
            0.3289288878440857
        ],
        "position": [
            -37.59020481977402,
            -0.0026338150385884,
            -2.612996329327904
        ],
        "yaw": -0.009814014933051007,
        "num_points": 3,
        "distance": 37.680913671866094,
        "speed": 4.0809553603154844,
        "brake": 0.0,
        "id": 818,
        "ego_matrix": [
            [
                0.0008328654221259058,
                0.9999996423721313,
                -7.969304533617105e-06,
                -99.34693908691406
            ],
            [
                -0.9999923706054688,
                0.0008328897529281676,
                0.003813013434410095,
                19.449031829833984
            ],
            [
                0.0038130187895148993,
                4.793516836798517e-06,
                0.9999927282333374,
                -0.013468455523252487
            ],
            [
                0.0,
                0.0,
                0.0,
                1.0
            ]
        ]
    }
]