[
    {
        "class": "Car",
        "extent": [
            1.5107464790344238,
            4.901683330535889,
            2.128324270248413
        ],
        "position": [
            -1.3,
            0.0,
            -2.5
        ],
        "yaw": 0,
        "num_points": -1,
        "distance": -1,
        "speed": -5.913821308378093e-05,
        "brake": 1.0,
        "id": 717,
        "ego_matrix": [
            [
                0.010646575130522251,
                0.9999433159828186,
                -8.599706688983133e-07,
                -98.96320343017578
            ],
            [
                -0.9999433159828186,
                0.010646575130522251,
                -0.00011934440408367664,
                -16.839834213256836
            ],
            [
                -0.0001193284842884168,
                2.130531129296287e-06,
                1.0,
                0.033477019518613815
            ],
            [
                0.0,
                0.0,
                0.0,
                1.0
            ]
        ]
    },
    {
        "class": "Car",
        "extent": [
            2.098191261291504,
            6.273552894592285,
            2.3895740509033203
        ],
        "position": [
            -18.39755714308599,
            -42.553613024162274,
            -2.5117789628567118
        ],
        "yaw": 1.5504092949778248,
        "num_points": 0,
        "distance": 46.42832243148052,
        "speed": 4.7976380741442926,
        "brake": 0.0,
        "id": 725,
        "ego_matrix": [
            [
                0.9999525547027588,
                0.009740092791616917,
                -6.126478547230363e-05,
                -56.594032287597656
            ],
            [
                -0.009740092791616917,
                0.9999525547027588,
                1.2000721199001418e-06,
                0.709805428981781
            ],
            [
                6.127357482910156e-05,
                -6.03290402523271e-07,
                1.0,
                0.023828944191336632
            ],
            [
                0.0,
                0.0,
                0.0,
                1.0
            ]
        ]
    },
    {
        "class": "Car",
        "extent": [
            1.2765706777572632,
            2.3557403087615967,
            0.7636788487434387
        ],
        "position": [
            -15.019231808747692,
            -37.132965513209136,
            -2.538538583989268
        ],
        "yaw": 4.692681854634213,
        "num_points": 0,
        "distance": 40.13575251658401,
        "speed": 4.7249651334579985,
        "brake": 0.0,
        "id": 738,
        "ego_matrix": [
            [
                -0.999954104423523,
                -0.009060176089406013,
                -0.0031152679584920406,
                -61.9784049987793
            ],
            [
                0.009060127660632133,
                -0.9999589323997498,
                2.982398473250214e-05,
                -2.726036548614502
            ],
            [
                -0.003115410450845957,
                1.5978893088686164e-06,
                0.9999951720237732,
                -0.0033453558571636677
            ],
            [
                0.0,
                0.0,
                0.0,
                1.0
            ]
        ]
    },
    {
        "class": "Car",
        "extent": [
            1.385296106338501,
            4.181210041046143,
            1.9941171407699585
        ],
        "position": [
            17.819320453786304,
            36.244831941146344,
            -2.4853866404480107
        ],
        "yaw": -1.5754786966234737,
        "num_points": 0,
        "distance": 40.464715130953124,
        "speed": -9.797219433296138e-06,
        "brake": 1.0,
        "id": 741,
        "ego_matrix": [
            [
                -0.9999591708183289,
                0.005964478012174368,
                0.0067930142395198345,
                -135.00242614746094
            ],
            [
                -0.005964257288724184,
                -0.9999822378158569,
                5.276769297779538e-05,
                -36.343955993652344
            ],
            [
                0.0067932079546153545,
                1.2250254258105997e-05,
                0.9999769330024719,
                0.04573167860507965
            ],
            [
                0.0,
                0.0,
                0.0,
                1.0
            ]
        ]
    },
    {
        "class": "Car",
        "extent": [
            1.4750303030014038,
            3.805800199508667,
            1.97027587890625
        ],
        "position": [
            36.12507621005618,
            0.4228029831872552,
            -2.486917709027293
        ],
        "yaw": 0.00908297721382434,
        "num_points": 7,
        "distance": 36.21304534606876,
        "speed": 8.883725724656987e-09,
        "brake": 1.0,
        "id": 751,
        "ego_matrix": [
            [
                0.0197285283356905,
                0.9998053908348083,
                5.539644121199672e-07,
                -98.98753356933594
            ],
            [
                -0.9998053908348083,
                0.0197285283356905,
                -4.281438123143744e-06,
                -54.26729202270508
            ],
            [
                -4.291533969080774e-06,
                -4.6939010189817054e-07,
                1.0,
                0.04209253191947937
            ],
            [
                0.0,
                0.0,
                0.0,
                1.0
            ]
        ]
    },
    {
        "class": "Car",
        "extent": [
            1.8779358863830566,
            3.866220712661743,
            1.9051965475082397
        ],
        "position": [
            27.525489213052186,
            3.86696449889683,
            -2.5215029449169535
        ],
        "yaw": 3.1346183673270938,
        "num_points": 9,
        "distance": 27.909925617149277,
        "speed": 1.6438153799671427,
        "brake": 0.0,
        "id": 757,
        "ego_matrix": [
            [
                -0.0036724740639328957,
                -0.9999932646751404,
                0.00012831800268031657,
                -102.52305603027344
            ],
            [
                0.9999818801879883,
                -0.0036730447318404913,
                -0.004773278255015612,
                -45.704856872558594
            ],
            [
                0.004773717373609543,
                0.00011078593524871394,
                0.9999886155128479,
                0.008526134304702282
            ],
            [
                0.0,
                0.0,
                0.0,
                1.0
            ]
        ]
    },
    {
        "class": "Car",
        "extent": [
            1.4738311767578125,
            4.1928300857543945,
            1.8161858320236206
        ],
        "position": [
            -5.3816537616027755,
            3.6940584246714403,
            -2.539501994841928
        ],
        "yaw": 3.13629575933968,
        "num_points": 317,
        "distance": 7.004094176727315,
        "speed": -4.143622018666411e-09,
        "brake": 1.0,
        "id": 761,
        "ego_matrix": [
            [
                -0.005349892657250166,
                -0.9999856948852539,
                2.0507782210188452e-06,
                -102.70050811767578
            ],
            [
                0.9999856948852539,
                -0.005349892657250166,
                1.4912345250195358e-05,
                -12.797736167907715
            ],
            [
                -1.4901160284352954e-05,
                2.1305284008121816e-06,
                1.0,
                -0.005545787513256073
            ],
            [
                0.0,
                0.0,
                0.0,
                1.0
            ]
        ]
    },
    {
        "class": "Car",
        "extent": [
            1.488319993019104,
            4.791779518127441,
            2.163450002670288
        ],
        "position": [
            36.22995316173112,
            3.9617483200642165,
            -2.527651056549888
        ],
        "yaw": 3.302018681337022,
        "num_points": 4,
        "distance": 36.53346377934126,
        "speed": 2.438670593468358,
        "brake": 0.0,
        "id": 790,
        "ego_matrix": [
            [
                -0.17023955285549164,
                -0.9854027032852173,
                -0.00023940966639202088,
                -102.52516174316406
            ],
            [
                0.9854027032852173,
                -0.17023955285549164,
                -3.107785596512258e-05,
                -54.40983581542969
            ],
            [
                -1.0132789611816406e-05,
                -0.00024120562011376023,
                1.0,
                0.001339130336418748
            ],
            [
                0.0,
                0.0,
                0.0,
                1.0
            ]
        ]
    },
    {
        "class": "Car",
        "extent": [
            1.6355280876159668,
            5.0267767906188965,
            2.1515462398529053
        ],
        "position": [
            5.0344397369028675,
            0.2473169987895696,
            -2.403856875157605
        ],
        "yaw": -0.00551966767529799,
        "num_points": 418,
        "distance": 5.584377945540522,
        "speed": 1.7518180662366483e-08,
        "brake": 1.0,
        "id": 806,
        "ego_matrix": [
            [
                0.005126996897161007,
                0.9999868273735046,
                -0.000266373623162508,
                -99.14306640625
            ],
            [
                -0.999961793422699,
                0.005128753371536732,
                0.007074811961501837,
                -23.176559448242188
            ],
            [
                0.007076084613800049,
                0.00023009091091807932,
                0.9999749660491943,
                0.12886373698711395
            ],
            [
                0.0,
                0.0,
                0.0,
                1.0
            ]
        ]
    },
    {
        "class": "Car",
        "extent": [
            1.4738311767578125,
            4.1928300857543945,
            1.8161858320236206
        ],
        "position": [
            -15.46716626542319,
            -13.838192828378443,
            -2.5138454488165785
        ],
        "yaw": 4.692176386659315,
        "num_points": 22,
        "distance": 20.905698552743115,
        "speed": -0.0008704637040589682,
        "brake": 1.0,
        "id": 810,
        "ego_matrix": [
            [
                -0.9999525547027588,
                -0.00956561416387558,
                -0.0018411295022815466,
                -85.27662658691406
            ],
            [
                0.009565580636262894,
                -0.9999542236328125,
                2.720012707868591e-05,
                -2.526139974594116
            ],
            [
                -0.001841305522248149,
                9.587365639163181e-06,
                0.9999983310699463,
                0.02135160006582737
            ],
            [
                0.0,
                0.0,
                0.0,
                1.0
            ]
        ]
    },
    {
        "class": "Car",
        "extent": [
            1.1256572008132935,
            1.8354405164718628,
            0.3289288878440857
        ],
        "position": [
            -35.77563954652613,
            0.015155553381141277,
            -2.548653802137058
        ],
        "yaw": -0.009847304446676919,
        "num_points": 0,
        "distance": 35.86631080633901,
        "speed": 0.6529462278807737,
        "brake": 1.0,
        "id": 818,
        "ego_matrix": [
            [
                0.000799065746832639,
                0.9999997019767761,
                -2.6664325559977442e-05,
                -99.34540557861328
            ],
            [
                -0.9994653463363647,
                0.0007995102787390351,
                0.03268719092011452,
                17.633695602416992
            ],
            [
                0.03268720209598541,
                5.308538106874039e-07,
                0.9994656443595886,
                -0.01106288842856884
            ],
            [
                0.0,
                0.0,
                0.0,
                1.0
            ]
        ]
    }
]