[
    {
        "class": "Car",
        "extent": [
            1.5107464790344238,
            4.901683330535889,
            2.128324270248413
        ],
        "position": [
            -1.3,
            0.0,
            -2.5
        ],
        "yaw": 0,
        "num_points": -1,
        "distance": -1,
        "speed": -3.720609953403509e-06,
        "brake": 1.0,
        "id": 717,
        "ego_matrix": [
            [
                0.010646575130522251,
                0.9999433159828186,
                7.868835183444389e-08,
                -98.96320343017578
            ],
            [
                -0.9999433159828186,
                0.010646575130522251,
                -7.39055667509092e-06,
                -16.839874267578125
            ],
            [
                -7.390975497401087e-06,
                2.273736618907049e-13,
                1.0,
                0.03342113271355629
            ],
            [
                0.0,
                0.0,
                0.0,
                1.0
            ]
        ]
    },
    {
        "class": "Car",
        "extent": [
            2.098191261291504,
            6.273552894592285,
            2.3895740509033203
        ],
        "position": [
            -18.348139981871117,
            -44.95263310686667,
            -2.508283253800337
        ],
        "yaw": 1.5503698833145836,
        "num_points": 0,
        "distance": 48.617743149144616,
        "speed": 4.790818817294544,
        "brake": 0.0,
        "id": 725,
        "ego_matrix": [
            [
                0.9999516606330872,
                0.009781916625797749,
                -0.001019165152683854,
                -54.19462203979492
            ],
            [
                -0.009779497049748898,
                0.9999494552612305,
                0.0023526784498244524,
                0.6858912706375122
            ],
            [
                0.001042127376422286,
                -0.0023425978142768145,
                0.9999967217445374,
                0.02526388131082058
            ],
            [
                0.0,
                0.0,
                0.0,
                1.0
            ]
        ]
    },
    {
        "class": "Car",
        "extent": [
            1.2765706777572632,
            2.3557403087615967,
            0.7636788487434387
        ],
        "position": [
            -15.065758411480127,
            -34.770308972045214,
            -2.5368677732203713
        ],
        "yaw": 4.692683985163085,
        "num_points": 0,
        "distance": 37.97877250021881,
        "speed": 4.727366055404229,
        "brake": 0.0,
        "id": 738,
        "ego_matrix": [
            [
                -0.9999541640281677,
                -0.0090580303221941,
                -0.0031152681913226843,
                -64.34142303466797
            ],
            [
                0.00905798189342022,
                -0.9999589920043945,
                2.981729994644411e-05,
                -2.7047109603881836
            ],
            [
                -0.003115410450845957,
                1.5978883993739146e-06,
                0.9999951720237732,
                -0.003344898112118244
            ],
            [
                0.0,
                0.0,
                0.0,
                1.0
            ]
        ]
    },
    {
        "class": "Car",
        "extent": [
            1.385296106338501,
            4.181210041046143,
            1.9941171407699585
        ],
        "position": [
            17.819281773078405,
            36.24483154081394,
            -2.4875481439541214
        ],
        "yaw": -1.5754786966234737,
        "num_points": 0,
        "distance": 40.464830558138196,
        "speed": -8.74690659985532e-06,
        "brake": 1.0,
        "id": 741,
        "ego_matrix": [
            [
                -0.9999591708183289,
                0.005964478012174368,
                0.0067930142395198345,
                -135.00242614746094
            ],
            [
                -0.005964257288724184,
                -0.9999822378158569,
                5.276769297779538e-05,
                -36.343955993652344
            ],
            [
                0.0067932079546153545,
                1.2250254258105997e-05,
                0.9999769330024719,
                0.04573167860507965
            ],
            [
                0.0,
                0.0,
                0.0,
                1.0
            ]
        ]
    },
    {
        "class": "Car",
        "extent": [
            1.4750303030014038,
            3.805800199508667,
            1.97027587890625
        ],
        "position": [
            36.12503712199126,
            0.42280257510152963,
            -2.491051993256454
        ],
        "yaw": 0.00908297721382434,
        "num_points": 5,
        "distance": 36.213290503844945,
        "speed": 3.23816164310091e-10,
        "brake": 1.0,
        "id": 751,
        "ego_matrix": [
            [
                0.0197285283356905,
                0.9998053908348083,
                5.539644121199672e-07,
                -98.98753356933594
            ],
            [
                -0.9998053908348083,
                0.0197285283356905,
                -4.281438123143744e-06,
                -54.26729202270508
            ],
            [
                -4.291533969080774e-06,
                -4.6939010189817054e-07,
                1.0,
                0.04209253191947937
            ],
            [
                0.0,
                0.0,
                0.0,
                1.0
            ]
        ]
    },
    {
        "class": "Car",
        "extent": [
            1.8779358863830566,
            3.866220712661743,
            1.9051965475082397
        ],
        "position": [
            26.314465545947602,
            3.8584957897944836,
            -2.524053578834682
        ],
        "yaw": 3.1345521877740055,
        "num_points": 7,
        "distance": 26.715350141773424,
        "speed": 2.886550747537942,
        "brake": 0.0,
        "id": 757,
        "ego_matrix": [
            [
                -0.0036063427105545998,
                -0.9999935030937195,
                0.00010323080641683191,
                -102.52748107910156
            ],
            [
                0.9999900460243225,
                -0.0036066018510609865,
                -0.002630590694025159,
                -44.49385452270508
            ],
            [
                0.002630945760756731,
                9.374296496389434e-05,
                0.999996542930603,
                0.009163456037640572
            ],
            [
                0.0,
                0.0,
                0.0,
                1.0
            ]
        ]
    },
    {
        "class": "Car",
        "extent": [
            1.4738311767578125,
            4.1928300857543945,
            1.8161858320236206
        ],
        "position": [
            -5.381698182182488,
            3.694057915090803,
            -2.538997087959873
        ],
        "yaw": 3.13629575933968,
        "num_points": 308,
        "distance": 7.00394498956267,
        "speed": -4.294370788593729e-09,
        "brake": 1.0,
        "id": 761,
        "ego_matrix": [
            [
                -0.005349892657250166,
                -0.9999856948852539,
                2.0507782210188452e-06,
                -102.70050811767578
            ],
            [
                0.9999856948852539,
                -0.005349892657250166,
                1.4912345250195358e-05,
                -12.797736167907715
            ],
            [
                -1.4901160284352954e-05,
                2.1305284008121816e-06,
                1.0,
                -0.005545787513256073
            ],
            [
                0.0,
                0.0,
                0.0,
                1.0
            ]
        ]
    },
    {
        "class": "Car",
        "extent": [
            1.488319993019104,
            4.791779518127441,
            2.163450002670288
        ],
        "position": [
            35.01010683573777,
            4.037647851567527,
            -2.531817640649056
        ],
        "yaw": 3.2419584066432825,
        "num_points": 1,
        "distance": 35.332991401642495,
        "speed": 2.4461308759846947,
        "brake": 0.0,
        "id": 790,
        "ego_matrix": [
            [
                -0.1107846274971962,
                -0.9938444495201111,
                -0.00016737100668251514,
                -102.61404418945312
            ],
            [
                0.9938444495201111,
                -0.1107846274971962,
                -1.961655834747944e-05,
                -53.19091033935547
            ],
            [
                9.536742595628311e-07,
                -0.00016851394320838153,
                1.0,
                0.0013351249508559704
            ],
            [
                0.0,
                0.0,
                0.0,
                1.0
            ]
        ]
    },
    {
        "class": "Car",
        "extent": [
            1.6355280876159668,
            5.0267767906188965,
            2.1515462398529053
        ],
        "position": [
            5.034410361790486,
            0.24731677557257786,
            -2.4045105782486034
        ],
        "yaw": -0.00551966767529799,
        "num_points": 450,
        "distance": 5.584632879544766,
        "speed": 2.0002052535267178e-08,
        "brake": 1.0,
        "id": 806,
        "ego_matrix": [
            [
                0.005126996897161007,
                0.9999868273735046,
                -0.000266373623162508,
                -99.14306640625
            ],
            [
                -0.999961793422699,
                0.005128753371536732,
                0.007074811961501837,
                -23.176559448242188
            ],
            [
                0.007076084613800049,
                0.00023009091091807932,
                0.9999749660491943,
                0.12886373698711395
            ],
            [
                0.0,
                0.0,
                0.0,
                1.0
            ]
        ]
    },
    {
        "class": "Car",
        "extent": [
            1.4738311767578125,
            4.1928300857543945,
            1.8161858320236206
        ],
        "position": [
            -15.467221172657357,
            -13.837552518913334,
            -2.512299022699038
        ],
        "yaw": 4.692176386659315,
        "num_points": 22,
        "distance": 20.905129439853734,
        "speed": -4.916875516366078e-05,
        "brake": 1.0,
        "id": 810,
        "ego_matrix": [
            [
                -0.9999542236328125,
                -0.009565597400069237,
                -0.00010647142335074022,
                -85.27726745605469
            ],
            [
                0.009565596468746662,
                -0.9999542236328125,
                1.1138984518765938e-05,
                -2.5261332988739014
            ],
            [
                -0.00010657310485839844,
                1.0120012120751198e-05,
                1.0,
                0.02122681960463524
            ],
            [
                0.0,
                0.0,
                0.0,
                1.0
            ]
        ]
    },
    {
        "class": "Car",
        "extent": [
            1.1256572008132935,
            1.8354405164718628,
            0.3289288878440857
        ],
        "position": [
            -35.78462055868107,
            0.015113297748133154,
            -2.5469583831162166
        ],
        "yaw": -0.010150239020673357,
        "num_points": 0,
        "distance": 35.87514869580159,
        "speed": -0.00105312074742747,
        "brake": 1.0,
        "id": 818,
        "ego_matrix": [
            [
                0.0004965735715813935,
                0.9999998807907104,
                5.4658496082993224e-05,
                -99.345458984375
            ],
            [
                -0.999982476234436,
                0.0004962423699907959,
                0.0059010908007621765,
                17.64263153076172
            ],
            [
                0.005901063326746225,
                -5.7587862102082e-05,
                0.9999825954437256,
                -0.013282375410199165
            ],
            [
                0.0,
                0.0,
                0.0,
                1.0
            ]
        ]
    }
]