[
    {
        "class": "Car",
        "extent": [
            1.5107464790344238,
            4.901683330535889,
            2.128324270248413
        ],
        "position": [
            -1.3,
            0.0,
            -2.5
        ],
        "yaw": 0,
        "num_points": -1,
        "distance": -1,
        "speed": 1.790070853491141e-05,
        "brake": 0.0,
        "id": 2402,
        "ego_matrix": [
            [
                -0.007663576398044825,
                -0.9999706149101257,
                2.7935415346291848e-05,
                380.79986572265625
            ],
            [
                0.9999706149101257,
                -0.007663577329367399,
                -3.101965558016673e-05,
                -45.79471969604492
            ],
            [
                3.123283022432588e-05,
                2.7696873075910844e-05,
                1.0,
                0.01827373541891575
            ],
            [
                0.0,
                0.0,
                0.0,
                1.0
            ]
        ]
    },
    {
        "class": "Car",
        "extent": [
            1.300939917564392,
            4.717525005340576,
            1.894826889038086
        ],
        "position": [
            11.975094319701348,
            31.499632715616112,
            -2.5335306532698976
        ],
        "yaw": -3.1415927867478475,
        "num_points": 0,
        "distance": 33.794208420312415,
        "speed": -1.3049344091810264e-09,
        "brake": 0.0,
        "id": 2429,
        "ego_matrix": [
            [
                0.007663488853722811,
                0.9999706149101257,
                0.0,
                412.19683837890625
            ],
            [
                -0.9999706149101257,
                0.007663488853722811,
                0.0,
                -32.27861404418945
            ],
            [
                0.0,
                -0.0,
                1.0,
                -0.0157147403806448
            ],
            [
                0.0,
                0.0,
                0.0,
                1.0
            ]
        ]
    },
    {
        "class": "Car",
        "extent": [
            1.8779358863830566,
            3.866220712661743,
            1.9051965475082397
        ],
        "position": [
            -45.60581134508767,
            6.999868333357206,
            -2.5362832186865245
        ],
        "yaw": -7.98948326830029e-07,
        "num_points": 1,
        "distance": 46.20953275779204,
        "speed": 0.0001309275572264371,
        "brake": 0.0,
        "id": 2432,
        "ego_matrix": [
            [
                -0.0076627410016953945,
                -0.9999706149101257,
                9.182249050354585e-05,
                388.1390686035156
            ],
            [
                0.9999704957008362,
                -0.007662781048566103,
                -0.00044407922541722655,
                -90.04558563232422
            ],
            [
                0.00044476980110630393,
                8.8416927610524e-05,
                0.9999998807907104,
                -0.01958715356886387
            ],
            [
                0.0,
                0.0,
                0.0,
                1.0
            ]
        ]
    },
    {
        "class": "Car",
        "extent": [
            1.2511454820632935,
            2.2094459533691406,
            0.8670341968536377
        ],
        "position": [
            -5.943859588839136,
            31.49963986240043,
            -2.580913514555986
        ],
        "yaw": -3.1415927867478475,
        "num_points": 0,
        "distance": 32.159258275687556,
        "speed": 1.258110166973442e-08,
        "brake": 0.0,
        "id": 2452,
        "ego_matrix": [
            [
                0.007663488853722811,
                0.9999706149101257,
                0.0,
                412.33416748046875
            ],
            [
                -0.9999706149101257,
                0.007663488853722811,
                0.0,
                -50.19704055786133
            ],
            [
                0.0,
                -0.0,
                1.0,
                -0.0636572614312172
            ],
            [
                0.0,
                0.0,
                0.0,
                1.0
            ]
        ]
    },
    {
        "class": "Car",
        "extent": [
            1.6672759056091309,
            4.611005783081055,
            2.241713285446167
        ],
        "position": [
            -18.40176827969826,
            7.000002870494263,
            -2.4563477541792804
        ],
        "yaw": 0.0,
        "num_points": 28,
        "distance": 19.840835675346405,
        "speed": -1.723663210326284e-08,
        "brake": 0.0,
        "id": 2477,
        "ego_matrix": [
            [
                -0.007663576398044825,
                -0.9999706149101257,
                0.0,
                387.93072509765625
            ],
            [
                0.9999706149101257,
                -0.007663576398044825,
                -0.0,
                -62.842342376708984
            ],
            [
                0.0,
                -0.0,
                1.0,
                0.06119796633720398
            ],
            [
                0.0,
                0.0,
                0.0,
                1.0
            ]
        ]
    },
    {
        "class": "Car",
        "extent": [
            1.4738311767578125,
            4.1928300857543945,
            1.8161858320236206
        ],
        "position": [
            -5.943858125403539,
            20.999696540473384,
            -2.530702147205483
        ],
        "yaw": -3.1415927867478475,
        "num_points": 0,
        "distance": 21.970916174906453,
        "speed": -1.3252887727870996e-08,
        "brake": 0.0,
        "id": 2485,
        "ego_matrix": [
            [
                0.007663488853722811,
                0.9999706149101257,
                0.0,
                401.83453369140625
            ],
            [
                -0.9999706149101257,
                0.007663488853722811,
                0.0,
                -50.27750778198242
            ],
            [
                0.0,
                -0.0,
                1.0,
                -0.013155078515410423
            ],
            [
                0.0,
                0.0,
                0.0,
                1.0
            ]
        ]
    },
    {
        "class": "Car",
        "extent": [
            1.300939917564392,
            4.717525005340576,
            1.894826889038086
        ],
        "position": [
            11.975092206428648,
            27.999591021705736,
            -2.533627593417821
        ],
        "yaw": -3.1415927867478475,
        "num_points": 5,
        "distance": 30.558128207031608,
        "speed": -6.263192727984311e-10,
        "brake": 0.0,
        "id": 2487,
        "ego_matrix": [
            [
                0.007663488853722811,
                0.9999706149101257,
                0.0,
                408.6968994140625
            ],
            [
                -0.9999706149101257,
                0.007663488853722811,
                0.0,
                -32.30543899536133
            ],
            [
                0.0,
                -0.0,
                1.0,
                -0.0157147403806448
            ],
            [
                0.0,
                0.0,
                0.0,
                1.0
            ]
        ]
    },
    {
        "class": "Car",
        "extent": [
            1.0795789957046509,
            1.4872888326644897,
            0.8592574596405029
        ],
        "position": [
            -26.71208068022512,
            24.50003411474811,
            -2.5452743125817516
        ],
        "yaw": -3.1415927867478475,
        "num_points": 0,
        "distance": 36.335455786558754,
        "speed": -3.511749084496634e-08,
        "brake": 0.0,
        "id": 2494,
        "ego_matrix": [
            [
                0.007663488853722811,
                0.9999706149101257,
                0.0,
                405.4939270019531
            ],
            [
                -0.9999706149101257,
                0.007663488853722811,
                0.0,
                -71.01829528808594
            ],
            [
                0.0,
                -0.0,
                1.0,
                -0.028472842648625374
            ],
            [
                0.0,
                0.0,
                0.0,
                1.0
            ]
        ]
    },
    {
        "class": "Car",
        "extent": [
            1.488319993019104,
            4.791779518127441,
            2.163450002670288
        ],
        "position": [
            11.975094979717449,
            20.999629487580997,
            -2.524018995899934
        ],
        "yaw": -3.1415927867478475,
        "num_points": 0,
        "distance": 24.305513989228846,
        "speed": 1.0311089351699138e-08,
        "brake": 0.0,
        "id": 2517,
        "ego_matrix": [
            [
                0.007663488853722811,
                0.9999706149101257,
                0.0,
                401.6971435546875
            ],
            [
                -0.9999706149101257,
                0.007663488853722811,
                0.0,
                -32.35908126831055
            ],
            [
                0.0,
                -0.0,
                1.0,
                -0.005912265740334988
            ],
            [
                0.0,
                0.0,
                0.0,
                1.0
            ]
        ]
    },
    {
        "class": "Car",
        "extent": [
            1.8548461198806763,
            4.6045098304748535,
            1.9315931797027588
        ],
        "position": [
            -18.40159712587659,
            10.499957271733036,
            -2.562466142441351
        ],
        "yaw": 0.0,
        "num_points": 20,
        "distance": 21.340902329152986,
        "speed": 0.00024700348174442813,
        "brake": 0.0,
        "id": 2544,
        "ego_matrix": [
            [
                -0.00766357546672225,
                -0.9999706149101257,
                3.1540478175884346e-06,
                391.4305725097656
            ],
            [
                0.9999704957008362,
                -0.007663576398044825,
                -0.0004317645216360688,
                -62.815345764160156
            ],
            [
                0.00043177601764909923,
                -1.5490513760596514e-07,
                0.9999998807907104,
                -0.04501735419034958
            ],
            [
                0.0,
                0.0,
                0.0,
                1.0
            ]
        ]
    },
    {
        "class": "Car",
        "extent": [
            1.1256572008132935,
            1.8354405164718628,
            0.3289288878440857
        ],
        "position": [
            27.720378471595033,
            20.05331185594075,
            -2.542552493595181
        ],
        "yaw": -2.962591743029534,
        "num_points": 0,
        "distance": 34.30771447040403,
        "speed": 0.00039463952133702825,
        "brake": 0.0,
        "id": 2559,
        "ego_matrix": [
            [
                0.18558084964752197,
                0.9826287031173706,
                -0.0007628649473190308,
                400.63018798828125
            ],
            [
                -0.982620358467102,
                0.18558241426944733,
                0.004040973260998726,
                -16.621511459350586
            ],
            [
                0.004112350754439831,
                -3.2060776788966905e-07,
                0.9999915361404419,
                -0.023927783593535423
            ],
            [
                0.0,
                0.0,
                0.0,
                1.0
            ]
        ]
    },
    {
        "class": "Car",
        "extent": [
            1.1454535722732544,
            2.0333523750305176,
            0.8025798797607422
        ],
        "position": [
            28.3449604911851,
            23.49713334528672,
            -2.5269894434390334
        ],
        "yaw": -2.962590677765098,
        "num_points": 0,
        "distance": 36.904440604624824,
        "speed": 2.1679452958895937e-08,
        "brake": 0.0,
        "id": 2561,
        "ego_matrix": [
            [
                0.1855834722518921,
                0.9826285243034363,
                0.0,
                404.0691223144531
            ],
            [
                -0.9826285243034363,
                0.1855834722518921,
                0.0,
                -15.970556259155273
            ],
            [
                0.0,
                -0.0,
                1.0,
                -0.008440609090030193
            ],
            [
                0.0,
                0.0,
                0.0,
                1.0
            ]
        ]
    },
    {
        "class": "Car",
        "extent": [
            1.6355280876159668,
            5.0267767906188965,
            2.1515462398529053
        ],
        "position": [
            -26.714062326721294,
            31.50003688791834,
            -2.389069221072508
        ],
        "yaw": -3.1415905230609207,
        "num_points": 2,
        "distance": 41.371501080807334,
        "speed": 0.00016385200400710536,
        "brake": 0.0,
        "id": 2570,
        "ego_matrix": [
            [
                0.007665552664548159,
                0.9999706149101257,
                -0.00029041251400485635,
                412.4937438964844
            ],
            [
                -0.9999443888664246,
                0.007667455356568098,
                0.007241675164550543,
                -70.96663665771484
            ],
            [
                0.0072436886839568615,
                0.00023488490842282772,
                0.9999737739562988,
                0.1275383085012436
            ],
            [
                0.0,
                0.0,
                0.0,
                1.0
            ]
        ]
    },
    {
        "class": "Car",
        "extent": [
            1.488319993019104,
            4.791779518127441,
            2.163450002670288
        ],
        "position": [
            -5.943860366320965,
            27.99965760249802,
            -2.5232654954922102
        ],
        "yaw": -3.1415927867478475,
        "num_points": 1,
        "distance": 28.734598843070486,
        "speed": 4.194579778852856e-10,
        "brake": 0.0,
        "id": 2577,
        "ego_matrix": [
            [
                0.007663488853722811,
                0.9999706149101257,
                0.0,
                408.83428955078125
            ],
            [
                -0.9999706149101257,
                0.007663488853722811,
                0.0,
                -50.2238655090332
            ],
            [
                0.0,
                -0.0,
                1.0,
                -0.005912303924560547
            ],
            [
                0.0,
                0.0,
                0.0,
                1.0
            ]
        ]
    },
    {
        "class": "Car",
        "extent": [
            1.6171096563339233,
            3.987684965133667,
            1.8508483171463013
        ],
        "position": [
            28.968594897110922,
            26.941130003057886,
            -2.4870818772643832
        ],
        "yaw": -2.962583753546264,
        "num_points": 5,
        "distance": 39.638233467433984,
        "speed": -4.884877040309329e-10,
        "brake": 0.0,
        "id": 2582,
        "ego_matrix": [
            [
                0.18559026718139648,
                0.9826272130012512,
                0.0,
                407.50823974609375
            ],
            [
                -0.9826272130012512,
                0.18559026718139648,
                0.0,
                -15.320548057556152
            ],
            [
                0.0,
                -0.0,
                1.0,
                0.031391046941280365
            ],
            [
                0.0,
                0.0,
                0.0,
                1.0
            ]
        ]
    },
    {
        "class": "Car",
        "extent": [
            1.3787471055984497,
            2.2072951793670654,
            1.4809197187423706
        ],
        "position": [
            -26.713905726038607,
            21.000008366711175,
            -2.5238219327430493
        ],
        "yaw": -3.141592653589793,
        "num_points": 0,
        "distance": 34.07349098184412,
        "speed": 0.0011528107610397293,
        "brake": 0.0,
        "id": 2587,
        "ego_matrix": [
            [
                0.0076634143479168415,
                0.9999706149101257,
                -5.41040426469408e-05,
                401.9940185546875
            ],
            [
                -0.999945342540741,
                0.007663605269044638,
                0.00710842153057456,
                -71.04694366455078
            ],
            [
                0.0071086278185248375,
                -3.7369318306446075e-07,
                0.9999747276306152,
                -0.006923580076545477
            ],
            [
                0.0,
                0.0,
                0.0,
                1.0
            ]
        ]
    },
    {
        "class": "Car",
        "extent": [
            1.6493593454360962,
            4.855708599090576,
            2.0327565670013428
        ],
        "position": [
            29.59177396245753,
            30.385217914667052,
            -2.561293361396378
        ],
        "yaw": -2.962583753546264,
        "num_points": 1,
        "distance": 42.49111410224632,
        "speed": 1.1673281356468292e-09,
        "brake": 0.0,
        "id": 2590,
        "ego_matrix": [
            [
                0.18559026718139648,
                0.9826272130012512,
                0.0,
                410.94744873046875
            ],
            [
                -0.9826272130012512,
                0.18559026718139648,
                0.0,
                -14.670990943908691
            ],
            [
                0.0,
                -0.0,
                1.0,
                -0.04289636388421059
            ],
            [
                0.0,
                0.0,
                0.0,
                1.0
            ]
        ]
    },
    {
        "class": "Car",
        "extent": [
            1.4106584787368774,
            5.357479572296143,
            2.033203125
        ],
        "position": [
            -24.150138479995,
            -5.3671343700936,
            -2.5337476271011306
        ],
        "yaw": 1.5505447177595528,
        "num_points": 26,
        "distance": 24.868759458151825,
        "speed": 6.090310295373239e-05,
        "brake": 0.0,
        "id": 2593,
        "ego_matrix": [
            [
                -0.9999203681945801,
                -0.012587360106408596,
                0.0009132112027145922,
                375.6080017089844
            ],
            [
                0.012587598524987698,
                -0.9999207258224487,
                0.00025537385954521596,
                -68.68531799316406
            ],
            [
                0.0009099243325181305,
                0.00026684862677939236,
                0.9999995231628418,
                -0.016038913279771805
            ],
            [
                0.0,
                0.0,
                0.0,
                1.0
            ]
        ]
    },
    {
        "class": "Car",
        "extent": [
            1.8779358863830566,
            3.866220712661743,
            1.9051965475082397
        ],
        "position": [
            -18.401387005311488,
            -4.404546170445104e-05,
            -2.563892833308913
        ],
        "yaw": -0.00010479538889440754,
        "num_points": 16,
        "distance": 18.57914395718703,
        "speed": 0.00020525303705821958,
        "brake": 0.0,
        "id": 2600,
        "ego_matrix": [
            [
                -0.007558793295174837,
                -0.9999714493751526,
                0.00010522421507630497,
                380.9308776855469
            ],
            [
                0.999971330165863,
                -0.00755884125828743,
                -0.0004615113721229136,
                -62.89560317993164
            ],
            [
                0.0004622935666702688,
                0.00010173272312385961,
                0.9999998807907104,
                -0.046153221279382706
            ],
            [
                0.0,
                0.0,
                0.0,
                1.0
            ]
        ]
    },
    {
        "class": "Car",
        "extent": [
            1.1256572008132935,
            1.8354405164718628,
            0.3289288878440857
        ],
        "position": [
            -5.94532496388648,
            24.499727277579055,
            -2.5413779615733083
        ],
        "yaw": -3.1415931862220106,
        "num_points": 0,
        "distance": 25.338550225802848,
        "speed": 0.0003946567258966459,
        "brake": 0.0,
        "id": 2601,
        "ego_matrix": [
            [
                0.007662947289645672,
                0.9999706149101257,
                -3.204570020898245e-05,
                405.33447265625
            ],
            [
                -0.9999621510505676,
                0.007663014344871044,
                0.004112225491553545,
                -50.25215148925781
            ],
            [
                0.004112350754439831,
                5.327165126800537e-07,
                0.9999915361404419,
                -0.023927878588438034
            ],
            [
                0.0,
                0.0,
                0.0,
                1.0
            ]
        ]
    },
    {
        "class": "Car",
        "extent": [
            1.3787471055984497,
            2.2072951793670654,
            1.4809197187423706
        ],
        "position": [
            -18.399961382277926,
            3.5000382684034275,
            -2.534872329945751
        ],
        "yaw": -6.657902722473352e-07,
        "num_points": 12,
        "distance": 18.900646139186144,
        "speed": 0.001433170635651893,
        "brake": 0.0,
        "id": 2646,
        "ego_matrix": [
            [
                -0.007662663236260414,
                -0.9999706149101257,
                5.475547368405387e-05,
                384.43084716796875
            ],
            [
                0.999944806098938,
                -0.007662858814001083,
                -0.007183519192039967,
                -62.86735534667969
            ],
            [
                0.0071837278082966805,
                -2.9243528842926025e-07,
                0.9999741911888123,
                -0.017229614779353142
            ],
            [
                0.0,
                0.0,
                0.0,
                1.0
            ]
        ]
    },
    {
        "class": "Car",
        "extent": [
            1.1454535722732544,
            2.0333523750305176,
            0.8025798797607422
        ],
        "position": [
            46.00352761514938,
            -8.049891849795829,
            -2.5209605960890937
        ],
        "yaw": 0.7619843168837444,
        "num_points": 1,
        "distance": 46.77050944941968,
        "speed": -3.569716520911159e-06,
        "brake": 0.0,
        "id": 2651,
        "ego_matrix": [
            [
                -0.6958824396133423,
                -0.7181556820869446,
                8.635665290057659e-05,
                372.3876953125
            ],
            [
                0.7181556224822998,
                -0.6958823800086975,
                -0.00048352190060541034,
                1.445729374885559
            ],
            [
                0.0004073381132911891,
                -0.0002744568628259003,
                0.9999998807907104,
                -0.0009864807361736894
            ],
            [
                0.0,
                0.0,
                0.0,
                1.0
            ]
        ]
    },
    {
        "class": "Car",
        "extent": [
            1.8548461198806763,
            4.6045098304748535,
            1.9315931797027588
        ],
        "position": [
            43.58742826187148,
            -10.582245253513051,
            -2.5318331682779385
        ],
        "yaw": 0.7618543546225485,
        "num_points": 0,
        "distance": 44.925026391548,
        "speed": 0.00029061988392123665,
        "brake": 0.0,
        "id": 2659,
        "ego_matrix": [
            [
                -0.6957889199256897,
                -0.7182462215423584,
                0.00043004093458876014,
                369.8739318847656
            ],
            [
                0.7182458639144897,
                -0.6957889199256897,
                -0.0007981592207215726,
                -0.9897056221961975
            ],
            [
                0.0008724926155991852,
                -0.00024647521786391735,
                0.9999995827674866,
                -0.01186437625437975
            ],
            [
                0.0,
                0.0,
                0.0,
                1.0
            ]
        ]
    }
]