[
    {
        "class": "Car",
        "extent": [
            1.5107464790344238,
            4.901683330535889,
            2.128324270248413
        ],
        "position": [
            -1.3,
            0.0,
            -2.5
        ],
        "yaw": 0,
        "num_points": -1,
        "distance": -1,
        "speed": 6.31479054800668e-07,
        "brake": 0.0,
        "id": 2402,
        "ego_matrix": [
            [
                -0.007663576398044825,
                -0.9999706149101257,
                2.1432560970424674e-06,
                380.79986572265625
            ],
            [
                0.9999706149101257,
                -0.007663576398044825,
                -1.6525534647371387e-06,
                -45.794734954833984
            ],
            [
                1.6689299400240998e-06,
                2.130528628185857e-06,
                1.0,
                0.032896917313337326
            ],
            [
                0.0,
                0.0,
                0.0,
                1.0
            ]
        ]
    },
    {
        "class": "Car",
        "extent": [
            1.300939917564392,
            4.717525005340576,
            1.894826889038086
        ],
        "position": [
            11.975110575414677,
            31.499631960526443,
            -2.5384130079750222
        ],
        "yaw": -3.1415927867478475,
        "num_points": 1,
        "distance": 33.79457985448383,
        "speed": -2.143960466008827e-09,
        "brake": 0.0,
        "id": 2429,
        "ego_matrix": [
            [
                0.007663488853722811,
                0.9999706149101257,
                0.0,
                412.19683837890625
            ],
            [
                -0.9999706149101257,
                0.007663488853722811,
                0.0,
                -32.27861404418945
            ],
            [
                0.0,
                -0.0,
                1.0,
                -0.005561046302318573
            ],
            [
                0.0,
                0.0,
                0.0,
                1.0
            ]
        ]
    },
    {
        "class": "Car",
        "extent": [
            1.8779358863830566,
            3.866220712661743,
            1.9051965475082397
        ],
        "position": [
            -45.60581019190019,
            6.999867363364146,
            -2.5174764300051664
        ],
        "yaw": -7.98948326830029e-07,
        "num_points": 1,
        "distance": 46.20850304803164,
        "speed": -1.692148794959471e-05,
        "brake": 0.0,
        "id": 2432,
        "ego_matrix": [
            [
                -0.007662741467356682,
                -0.9999706149101257,
                8.932391938287765e-05,
                388.1390686035156
            ],
            [
                0.999970555305481,
                -0.00766277639195323,
                -0.0003960556350648403,
                -90.04560089111328
            ],
            [
                0.00039672848652116954,
                8.628641808172688e-05,
                0.9999999403953552,
                0.0153316305950284
            ],
            [
                0.0,
                0.0,
                0.0,
                1.0
            ]
        ]
    },
    {
        "class": "Car",
        "extent": [
            1.2511454820632935,
            2.2094459533691406,
            0.8670341968536377
        ],
        "position": [
            -5.9438418835419755,
            31.499637857157275,
            -2.5670222849341577
        ],
        "yaw": -3.1415927867478475,
        "num_points": 0,
        "distance": 32.1581411913057,
        "speed": -1.863611495939562e-08,
        "brake": 0.0,
        "id": 2452,
        "ego_matrix": [
            [
                0.007663488853722811,
                0.9999706149101257,
                0.0,
                412.33416748046875
            ],
            [
                -0.9999706149101257,
                0.007663488853722811,
                0.0,
                -50.19704055786133
            ],
            [
                0.0,
                -0.0,
                1.0,
                -0.03420022875070572
            ],
            [
                0.0,
                0.0,
                0.0,
                1.0
            ]
        ]
    },
    {
        "class": "Car",
        "extent": [
            1.6672759056091309,
            4.611005783081055,
            2.241713285446167
        ],
        "position": [
            -18.401754292714674,
            7.00000410372289,
            -2.458440050653538
        ],
        "yaw": 0.0,
        "num_points": 26,
        "distance": 19.841082278551177,
        "speed": -1.6559189923517958e-08,
        "brake": 0.0,
        "id": 2477,
        "ego_matrix": [
            [
                -0.007663576398044825,
                -0.9999706149101257,
                0.0,
                387.93072509765625
            ],
            [
                0.9999706149101257,
                -0.007663576398044825,
                -0.0,
                -62.842342376708984
            ],
            [
                0.0,
                -0.0,
                1.0,
                0.07441341131925583
            ],
            [
                0.0,
                0.0,
                0.0,
                1.0
            ]
        ]
    },
    {
        "class": "Car",
        "extent": [
            1.4738311767578125,
            4.1928300857543945,
            1.8161858320236206
        ],
        "position": [
            -5.943841949889271,
            20.999695873364836,
            -2.5385574126036285
        ],
        "yaw": -3.1415927867478475,
        "num_points": 0,
        "distance": 21.971817349417513,
        "speed": -2.9383304429204902e-08,
        "brake": 0.0,
        "id": 2485,
        "ego_matrix": [
            [
                0.007663488853722811,
                0.9999706149101257,
                0.0,
                401.83453369140625
            ],
            [
                -0.9999706149101257,
                0.007663488853722811,
                0.0,
                -50.27750778198242
            ],
            [
                0.0,
                -0.0,
                1.0,
                -0.005712985992431641
            ],
            [
                0.0,
                0.0,
                0.0,
                1.0
            ]
        ]
    },
    {
        "class": "Car",
        "extent": [
            1.300939917564392,
            4.717525005340576,
            1.894826889038086
        ],
        "position": [
            11.97510846214204,
            27.99959026664097,
            -2.5384204267266566
        ],
        "yaw": -3.1415927867478475,
        "num_points": 5,
        "distance": 30.55853164081456,
        "speed": -8.635114266198267e-10,
        "brake": 0.0,
        "id": 2487,
        "ego_matrix": [
            [
                0.007663488853722811,
                0.9999706149101257,
                0.0,
                408.6968994140625
            ],
            [
                -0.9999706149101257,
                0.007663488853722811,
                0.0,
                -32.30543899536133
            ],
            [
                0.0,
                -0.0,
                1.0,
                -0.005561008118093014
            ],
            [
                0.0,
                0.0,
                0.0,
                1.0
            ]
        ]
    },
    {
        "class": "Car",
        "extent": [
            1.0795789957046509,
            1.4872888326644897,
            0.8592574596405029
        ],
        "position": [
            -26.71206400318554,
            24.500033013202223,
            -2.524669182842478
        ],
        "yaw": -3.1415927867478475,
        "num_points": 1,
        "distance": 36.334005221569974,
        "speed": -4.435276493407244e-08,
        "brake": 0.0,
        "id": 2494,
        "ego_matrix": [
            [
                0.007663488853722811,
                0.9999706149101257,
                0.0,
                405.4939270019531
            ],
            [
                -0.9999706149101257,
                0.007663488853722811,
                0.0,
                -71.01829528808594
            ],
            [
                0.0,
                -0.0,
                1.0,
                0.008133125491440296
            ],
            [
                0.0,
                0.0,
                0.0,
                1.0
            ]
        ]
    },
    {
        "class": "Car",
        "extent": [
            1.488319993019104,
            4.791779518127441,
            2.163450002670288
        ],
        "position": [
            11.975110940519317,
            20.99962898970571,
            -2.5316959913613073
        ],
        "yaw": -3.1415927867478475,
        "num_points": 0,
        "distance": 24.306319843524413,
        "speed": -3.244286839903731e-09,
        "brake": 0.0,
        "id": 2517,
        "ego_matrix": [
            [
                0.007663488853722811,
                0.9999706149101257,
                0.0,
                401.6971435546875
            ],
            [
                -0.9999706149101257,
                0.007663488853722811,
                0.0,
                -32.35908126831055
            ],
            [
                0.0,
                -0.0,
                1.0,
                0.0011783408699557185
            ],
            [
                0.0,
                0.0,
                0.0,
                1.0
            ]
        ]
    },
    {
        "class": "Car",
        "extent": [
            1.8548461198806763,
            4.6045098304748535,
            1.9315931797027588
        ],
        "position": [
            -18.401633315071432,
            10.499955267940368,
            -2.5119945274479654
        ],
        "yaw": 0.0,
        "num_points": 20,
        "distance": 21.334931117700474,
        "speed": -2.8880879640296565e-05,
        "brake": 0.0,
        "id": 2544,
        "ego_matrix": [
            [
                -0.007663575932383537,
                -0.9999706149101257,
                2.5437843760300893e-06,
                391.4305725097656
            ],
            [
                0.999970555305481,
                -0.007663576398044825,
                -0.0003466513007879257,
                -62.815399169921875
            ],
            [
                0.0003466606140136719,
                -1.1287919932101431e-07,
                0.9999999403953552,
                0.02085147798061371
            ],
            [
                0.0,
                0.0,
                0.0,
                1.0
            ]
        ]
    },
    {
        "class": "Car",
        "extent": [
            1.1256572008132935,
            1.8354405164718628,
            0.3289288878440857
        ],
        "position": [
            27.720417858730787,
            20.053311050290567,
            -2.5460165253600753
        ],
        "yaw": -2.9625881477620624,
        "num_points": 0,
        "distance": 34.3080027178755,
        "speed": -9.915091091505635e-06,
        "brake": 0.0,
        "id": 2559,
        "ego_matrix": [
            [
                0.1855844110250473,
                0.9826280474662781,
                -0.000749846629332751,
                400.63018798828125
            ],
            [
                -0.9826200008392334,
                0.18558593094348907,
                0.003971249330788851,
                -16.621488571166992
            ],
            [
                0.004041421692818403,
                -1.876614845741642e-07,
                0.9999918341636658,
                -0.013113899156451225
            ],
            [
                0.0,
                0.0,
                0.0,
                1.0
            ]
        ]
    },
    {
        "class": "Car",
        "extent": [
            1.1454535722732544,
            2.0333523750305176,
            0.8025798797607422
        ],
        "position": [
            28.344976531673346,
            23.49713276120329,
            -2.5312871395065484
        ],
        "yaw": -2.962590677765098,
        "num_points": 0,
        "distance": 36.90474708166087,
        "speed": -5.0488407639982694e-08,
        "brake": 0.0,
        "id": 2561,
        "ego_matrix": [
            [
                0.1855834722518921,
                0.9826285243034363,
                0.0,
                404.0691223144531
            ],
            [
                -0.9826285243034363,
                0.1855834722518921,
                0.0,
                -15.970556259155273
            ],
            [
                0.0,
                -0.0,
                1.0,
                0.0016091918805614114
            ],
            [
                0.0,
                0.0,
                0.0,
                1.0
            ]
        ]
    },
    {
        "class": "Car",
        "extent": [
            1.6355280876159668,
            5.0267767906188965,
            2.1515462398529053
        ],
        "position": [
            -26.713996916722177,
            31.500040259473426,
            -2.403956004824423
        ],
        "yaw": -3.1415895909545393,
        "num_points": 4,
        "distance": 41.37232374532787,
        "speed": 7.248495544037022e-06,
        "brake": 0.0,
        "id": 2570,
        "ego_matrix": [
            [
                0.007666395977139473,
                0.9999706149101257,
                -0.0002870806201826781,
                412.4937438964844
            ],
            [
                -0.9999455213546753,
                0.007668237667530775,
                0.007084225304424763,
                -70.96658325195312
            ],
            [
                0.0070862178690731525,
                0.0002327545080333948,
                0.9999749064445496,
                0.1288313865661621
            ],
            [
                0.0,
                0.0,
                0.0,
                1.0
            ]
        ]
    },
    {
        "class": "Car",
        "extent": [
            1.488319993019104,
            4.791779518127441,
            2.163450002670288
        ],
        "position": [
            -5.943844405517905,
            27.999657121259553,
            -2.5316511721185417
        ],
        "yaw": -3.1415927867478475,
        "num_points": 2,
        "distance": 28.73533265654665,
        "speed": -9.62364610146278e-09,
        "brake": 0.0,
        "id": 2577,
        "ego_matrix": [
            [
                0.007663488853722811,
                0.9999706149101257,
                0.0,
                408.83428955078125
            ],
            [
                -0.9999706149101257,
                0.007663488853722811,
                0.0,
                -50.2238655090332
            ],
            [
                0.0,
                -0.0,
                1.0,
                0.0011783408699557185
            ],
            [
                0.0,
                0.0,
                0.0,
                1.0
            ]
        ]
    },
    {
        "class": "Car",
        "extent": [
            1.6171096563339233,
            3.987684965133667,
            1.8508483171463013
        ],
        "position": [
            28.96860975512817,
            26.941130442963832,
            -2.494380341654271
        ],
        "yaw": -2.962583753546264,
        "num_points": 7,
        "distance": 39.63870323280683,
        "speed": 1.0528000563041855e-08,
        "brake": 0.0,
        "id": 2582,
        "ego_matrix": [
            [
                0.18559026718139648,
                0.9826272130012512,
                0.0,
                407.50823974609375
            ],
            [
                -0.9826272130012512,
                0.18559026718139648,
                0.0,
                -15.320548057556152
            ],
            [
                0.0,
                -0.0,
                1.0,
                0.03850969299674034
            ],
            [
                0.0,
                0.0,
                0.0,
                1.0
            ]
        ]
    },
    {
        "class": "Car",
        "extent": [
            1.3787471055984497,
            2.2072951793670654,
            1.4809197187423706
        ],
        "position": [
            -26.713515902143435,
            21.00001073905254,
            -2.530336942582751
        ],
        "yaw": -3.1415927867478475,
        "num_points": 0,
        "distance": 34.0736700098095,
        "speed": -1.0350184569690507e-05,
        "brake": 0.0,
        "id": 2587,
        "ego_matrix": [
            [
                0.007663367781788111,
                0.9999706149101257,
                -4.278306005289778e-05,
                401.9940185546875
            ],
            [
                -0.9999548196792603,
                0.007663487456738949,
                0.005615756846964359,
                -71.04656982421875
            ],
            [
                0.005615919828414917,
                -2.544838650919701e-07,
                0.9999842047691345,
                0.0024728202261030674
            ],
            [
                0.0,
                0.0,
                0.0,
                1.0
            ]
        ]
    },
    {
        "class": "Car",
        "extent": [
            1.6493593454360962,
            4.855708599090576,
            2.0327565670013428
        ],
        "position": [
            29.59179107053945,
            30.385216385980446,
            -2.5364018224343554
        ],
        "yaw": -2.962583753546264,
        "num_points": 0,
        "distance": 42.48963176811681,
        "speed": -4.3191505433100557e-10,
        "brake": 0.0,
        "id": 2590,
        "ego_matrix": [
            [
                0.18559026718139648,
                0.9826272130012512,
                0.0,
                410.94744873046875
            ],
            [
                -0.9826272130012512,
                0.18559026718139648,
                0.0,
                -14.670990943908691
            ],
            [
                0.0,
                -0.0,
                1.0,
                -0.0035180854611098766
            ],
            [
                0.0,
                0.0,
                0.0,
                1.0
            ]
        ]
    },
    {
        "class": "Car",
        "extent": [
            1.4106584787368774,
            5.357479572296143,
            2.033203125
        ],
        "position": [
            -24.150114819335542,
            -5.3671045244989415,
            -2.5387160303887604
        ],
        "yaw": 1.5505311356379934,
        "num_points": 23,
        "distance": 24.869236736316214,
        "speed": -2.1814750379870388e-06,
        "brake": 0.0,
        "id": 2593,
        "ego_matrix": [
            [
                -0.9999202489852905,
                -0.012600995600223541,
                0.0008232409018091857,
                375.6080322265625
            ],
            [
                0.012601188383996487,
                -0.9999206066131592,
                0.00022986152907833457,
                -68.68531036376953
            ],
            [
                0.000820279004983604,
                0.00024021700664889067,
                0.9999996423721313,
                -0.005845813546329737
            ],
            [
                0.0,
                0.0,
                0.0,
                1.0
            ]
        ]
    },
    {
        "class": "Car",
        "extent": [
            1.8779358863830566,
            3.866220712661743,
            1.9051965475082397
        ],
        "position": [
            -18.40140408756937,
            -4.5932597971968816e-05,
            -2.5128948505879185
        ],
        "yaw": -0.00010479538889440754,
        "num_points": 15,
        "distance": 18.572191925732294,
        "speed": -2.4672890854625054e-05,
        "brake": 0.0,
        "id": 2600,
        "ego_matrix": [
            [
                -0.007558793760836124,
                -0.9999714493751526,
                9.93267894955352e-05,
                380.9308776855469
            ],
            [
                0.9999713897705078,
                -0.007558831479400396,
                -0.00038597514503635466,
                -62.89563751220703
            ],
            [
                0.0003867149061989039,
                9.640643111197278e-05,
                0.9999999403953552,
                0.019973525777459145
            ],
            [
                0.0,
                0.0,
                0.0,
                1.0
            ]
        ]
    },
    {
        "class": "Car",
        "extent": [
            1.1256572008132935,
            1.8354405164718628,
            0.3289288878440857
        ],
        "position": [
            -5.945285576747823,
            24.499726503247295,
            -2.5459509046268014
        ],
        "yaw": -3.1415927867478475,
        "num_points": 0,
        "distance": 25.33899929617927,
        "speed": -1.0041173184771693e-05,
        "brake": 0.0,
        "id": 2601,
        "ego_matrix": [
            [
                0.0076634264551103115,
                0.9999706149101257,
                -3.150386328343302e-05,
                405.33447265625
            ],
            [
                -0.9999624490737915,
                0.007663491182029247,
                0.004041298758238554,
                -50.25212860107422
            ],
            [
                0.004041421692818403,
                5.32483625192981e-07,
                0.9999918341636658,
                -0.013113937340676785
            ],
            [
                0.0,
                0.0,
                0.0,
                1.0
            ]
        ]
    },
    {
        "class": "Car",
        "extent": [
            1.3787471055984497,
            2.2072951793670654,
            1.4809197187423706
        ],
        "position": [
            -18.400326523908575,
            3.5000345587295816,
            -2.5301176960628067
        ],
        "yaw": -1.0652644359954166e-06,
        "num_points": 8,
        "distance": 18.90036384979625,
        "speed": 3.9630672858602655e-05,
        "brake": 0.0,
        "id": 2646,
        "ego_matrix": [
            [
                -0.007662381045520306,
                -0.9999706149101257,
                4.303582682041451e-05,
                384.43084716796875
            ],
            [
                0.9999546408653259,
                -0.007662502117455006,
                -0.0056523522362113,
                -62.86773681640625
            ],
            [
                0.005652516148984432,
                -2.766028046607971e-07,
                0.9999840259552002,
                0.0027432250790297985
            ],
            [
                0.0,
                0.0,
                0.0,
                1.0
            ]
        ]
    },
    {
        "class": "Car",
        "extent": [
            1.1454535722732544,
            2.0333523750305176,
            0.8025798797607422
        ],
        "position": [
            46.00352269249622,
            -8.049892417258377,
            -2.5245057709022753
        ],
        "yaw": 0.7619843168837444,
        "num_points": 1,
        "distance": 46.77069592635721,
        "speed": 4.29826627141742e-07,
        "brake": 0.0,
        "id": 2651,
        "ego_matrix": [
            [
                -0.6958824396133423,
                -0.7181556820869446,
                8.619237632956356e-05,
                372.3876953125
            ],
            [
                0.7181556224822998,
                -0.6958823800086975,
                -0.000481025199405849,
                1.4457086324691772
            ],
            [
                0.0004054307646583766,
                -0.0002728374383877963,
                0.9999998807907104,
                0.008487243205308914
            ],
            [
                0.0,
                0.0,
                0.0,
                1.0
            ]
        ]
    },
    {
        "class": "Car",
        "extent": [
            1.8548461198806763,
            4.6045098304748535,
            1.9315931797027588
        ],
        "position": [
            43.5873692880297,
            -10.582216046570695,
            -2.5113443866740925
        ],
        "yaw": 0.761874594646833,
        "num_points": 0,
        "distance": 44.923812266278695,
        "speed": -3.4526455728929245e-05,
        "brake": 0.0,
        "id": 2659,
        "ego_matrix": [
            [
                -0.6958035230636597,
                -0.7182320952415466,
                0.0003623378579504788,
                369.87396240234375
            ],
            [
                0.718231737613678,
                -0.6958035826683044,
                -0.00070010288618505,
                -0.9897805452346802
            ],
            [
                0.0007549523143097758,
                -0.00022689145407639444,
                0.9999997019767761,
                0.02164999023079872
            ],
            [
                0.0,
                0.0,
                0.0,
                1.0
            ]
        ]
    }
]