[
    {
        "class": "Car",
        "extent": [
            1.5107464790344238,
            4.901683330535889,
            2.128324270248413
        ],
        "position": [
            -1.3,
            0.0,
            -2.5
        ],
        "yaw": 0,
        "num_points": -1,
        "distance": -1,
        "speed": 4.6256731539201585e-08,
        "brake": 0.0,
        "id": 2402,
        "ego_matrix": [
            [
                -0.007663576398044825,
                -0.9999706149101257,
                5.344436431187205e-07,
                380.79986572265625
            ],
            [
                0.9999706149101257,
                -0.007663576398044825,
                -2.3432968987435743e-07,
                -45.794734954833984
            ],
            [
                2.3841856489070778e-07,
                5.326321570464643e-07,
                1.0,
                0.03338623046875
            ],
            [
                0.0,
                0.0,
                0.0,
                1.0
            ]
        ]
    },
    {
        "class": "Car",
        "extent": [
            1.300939917564392,
            4.717525005340576,
            1.894826889038086
        ],
        "position": [
            11.97511063023588,
            31.499631899506547,
            -2.5392553196212484
        ],
        "yaw": -3.1415927867478475,
        "num_points": 0,
        "distance": 33.79464309604443,
        "speed": 1.4504710773568644e-09,
        "brake": 0.0,
        "id": 2429,
        "ego_matrix": [
            [
                0.007663488853722811,
                0.9999706149101257,
                0.0,
                412.19683837890625
            ],
            [
                -0.9999706149101257,
                0.007663488853722811,
                0.0,
                -32.27861404418945
            ],
            [
                0.0,
                -0.0,
                1.0,
                -0.005882701836526394
            ],
            [
                0.0,
                0.0,
                0.0,
                1.0
            ]
        ]
    },
    {
        "class": "Car",
        "extent": [
            1.8779358863830566,
            3.866220712661743,
            1.9051965475082397
        ],
        "position": [
            -45.60581016843677,
            6.999867339013871,
            -2.524529985546398
        ],
        "yaw": -7.98948326830029e-07,
        "num_points": 1,
        "distance": 46.208887841314755,
        "speed": 2.34553773633843e-06,
        "brake": 0.0,
        "id": 2432,
        "ego_matrix": [
            [
                -0.007662741467356682,
                -0.9999706149101257,
                8.932391938287765e-05,
                388.1390686035156
            ],
            [
                0.999970555305481,
                -0.00766277639195323,
                -0.0003960556350648403,
                -90.04560089111328
            ],
            [
                0.00039672848652116954,
                8.628641808172688e-05,
                0.9999999403953552,
                0.008841953240334988
            ],
            [
                0.0,
                0.0,
                0.0,
                1.0
            ]
        ]
    },
    {
        "class": "Car",
        "extent": [
            1.2511454820632935,
            2.2094459533691406,
            0.8670341968536377
        ],
        "position": [
            -5.943841787900575,
            31.499637750706636,
            -2.5685129987420297
        ],
        "yaw": -3.1415927867478475,
        "num_points": 0,
        "distance": 32.15826009985681,
        "speed": -5.41327920451419e-09,
        "brake": 0.0,
        "id": 2452,
        "ego_matrix": [
            [
                0.007663488853722811,
                0.9999706149101257,
                0.0,
                412.33416748046875
            ],
            [
                -0.9999706149101257,
                0.007663488853722811,
                0.0,
                -50.19704055786133
            ],
            [
                0.0,
                -0.0,
                1.0,
                -0.03514465317130089
            ],
            [
                0.0,
                0.0,
                0.0,
                1.0
            ]
        ]
    },
    {
        "class": "Car",
        "extent": [
            1.6672759056091309,
            4.611005783081055,
            2.241713285446167
        ],
        "position": [
            -18.401754352317486,
            7.000004170537785,
            -2.459369065782823
        ],
        "yaw": 0.0,
        "num_points": 24,
        "distance": 19.841197489877253,
        "speed": -1.4737437216818662e-08,
        "brake": 0.0,
        "id": 2477,
        "ego_matrix": [
            [
                -0.007663576398044825,
                -0.9999706149101257,
                0.0,
                387.93072509765625
            ],
            [
                0.9999706149101257,
                -0.007663576398044825,
                -0.0,
                -62.842342376708984
            ],
            [
                0.0,
                -0.0,
                1.0,
                0.07400935888290405
            ],
            [
                0.0,
                0.0,
                0.0,
                1.0
            ]
        ]
    },
    {
        "class": "Car",
        "extent": [
            1.4738311767578125,
            4.1928300857543945,
            1.8161858320236206
        ],
        "position": [
            -5.943841894734173,
            20.999695811841796,
            -2.538919763874884
        ],
        "yaw": -3.1415927867478475,
        "num_points": 0,
        "distance": 21.97185914361544,
        "speed": 9.803383609839373e-09,
        "brake": 0.0,
        "id": 2485,
        "ego_matrix": [
            [
                0.007663488853722811,
                0.9999706149101257,
                0.0,
                401.83453369140625
            ],
            [
                -0.9999706149101257,
                0.007663488853722811,
                0.0,
                -50.27750778198242
            ],
            [
                0.0,
                -0.0,
                1.0,
                -0.005545825697481632
            ],
            [
                0.0,
                0.0,
                0.0,
                1.0
            ]
        ]
    },
    {
        "class": "Car",
        "extent": [
            1.300939917564392,
            4.717525005340576,
            1.894826889038086
        ],
        "position": [
            11.97510851696318,
            27.999590205621153,
            -2.539257183855497
        ],
        "yaw": -3.1415927867478475,
        "num_points": 5,
        "distance": 30.55860112507642,
        "speed": -6.623462719738299e-10,
        "brake": 0.0,
        "id": 2487,
        "ego_matrix": [
            [
                0.007663488853722811,
                0.9999706149101257,
                0.0,
                408.6968994140625
            ],
            [
                -0.9999706149101257,
                0.007663488853722811,
                0.0,
                -32.30543899536133
            ],
            [
                0.0,
                -0.0,
                1.0,
                -0.005882701836526394
            ],
            [
                0.0,
                0.0,
                0.0,
                1.0
            ]
        ]
    },
    {
        "class": "Car",
        "extent": [
            1.0795789957046509,
            1.4872888326644897,
            0.8592574596405029
        ],
        "position": [
            -26.712063969497855,
            24.500032977513197,
            -2.532031043630434
        ],
        "yaw": -3.1415927867478475,
        "num_points": 0,
        "distance": 36.334517454009045,
        "speed": -1.410660941372546e-07,
        "brake": 0.0,
        "id": 2494,
        "ego_matrix": [
            [
                0.007663488853722811,
                0.9999706149101257,
                0.0,
                405.4939270019531
            ],
            [
                -0.9999706149101257,
                0.007663488853722811,
                0.0,
                -71.01829528808594
            ],
            [
                0.0,
                -0.0,
                1.0,
                0.0013360786251723766
            ],
            [
                0.0,
                0.0,
                0.0,
                1.0
            ]
        ]
    },
    {
        "class": "Car",
        "extent": [
            1.488319993019104,
            4.791779518127441,
            2.163450002670288
        ],
        "position": [
            11.975110985814256,
            20.999628939198846,
            -2.532041254376563
        ],
        "yaw": -3.1415927867478475,
        "num_points": 0,
        "distance": 24.306355786511308,
        "speed": -3.5117608807176276e-09,
        "brake": 0.0,
        "id": 2517,
        "ego_matrix": [
            [
                0.007663488853722811,
                0.9999706149101257,
                0.0,
                401.6971435546875
            ],
            [
                -0.9999706149101257,
                0.007663488853722811,
                0.0,
                -32.35908126831055
            ],
            [
                0.0,
                -0.0,
                1.0,
                0.0013369560474529862
            ],
            [
                0.0,
                0.0,
                0.0,
                1.0
            ]
        ]
    },
    {
        "class": "Car",
        "extent": [
            1.8548461198806763,
            4.6045098304748535,
            1.9315931797027588
        ],
        "position": [
            -18.40162948619954,
            10.499955284505116,
            -2.524385548159288
        ],
        "yaw": 0.0,
        "num_points": 20,
        "distance": 21.33639030201057,
        "speed": 3.7670991447974504e-06,
        "brake": 0.0,
        "id": 2544,
        "ego_matrix": [
            [
                -0.007663575932383537,
                -0.9999706149101257,
                2.6171246645390056e-06,
                391.4305725097656
            ],
            [
                0.999970555305481,
                -0.007663576398044825,
                -0.00035535322967916727,
                -62.81539535522461
            ],
            [
                0.00035536286304704845,
                -1.0622897406165066e-07,
                0.9999999403953552,
                0.00899101234972477
            ],
            [
                0.0,
                0.0,
                0.0,
                1.0
            ]
        ]
    },
    {
        "class": "Car",
        "extent": [
            1.1256572008132935,
            1.8354405164718628,
            0.3289288878440857
        ],
        "position": [
            27.72041792435198,
            20.05331097721194,
            -2.5468366952138095
        ],
        "yaw": -2.9625881477620624,
        "num_points": 0,
        "distance": 34.30806360320546,
        "speed": 7.698924537257222e-08,
        "brake": 0.0,
        "id": 2559,
        "ego_matrix": [
            [
                0.1855844110250473,
                0.9826280474662781,
                -0.000749846629332751,
                400.63018798828125
            ],
            [
                -0.9826200008392334,
                0.18558593094348907,
                0.003971249330788851,
                -16.621488571166992
            ],
            [
                0.004041421692818403,
                -1.876614845741642e-07,
                0.9999918341636658,
                -0.013454226776957512
            ],
            [
                0.0,
                0.0,
                0.0,
                1.0
            ]
        ]
    },
    {
        "class": "Car",
        "extent": [
            1.1454535722732544,
            2.0333523750305176,
            0.8025798797607422
        ],
        "position": [
            28.344976576236807,
            23.497132711642113,
            -2.5320959166920813
        ],
        "yaw": -2.962590677765098,
        "num_points": 0,
        "distance": 36.904802566973096,
        "speed": 3.389170304347393e-08,
        "brake": 0.0,
        "id": 2561,
        "ego_matrix": [
            [
                0.1855834722518921,
                0.9826285243034363,
                0.0,
                404.0691223144531
            ],
            [
                -0.9826285243034363,
                0.1855834722518921,
                0.0,
                -15.970556259155273
            ],
            [
                0.0,
                -0.0,
                1.0,
                0.0012848663609474897
            ],
            [
                0.0,
                0.0,
                0.0,
                1.0
            ]
        ]
    },
    {
        "class": "Car",
        "extent": [
            1.6355280876159668,
            5.0267767906188965,
            2.1515462398529053
        ],
        "position": [
            -26.713997054067214,
            31.500040413011817,
            -2.4045027558200434
        ],
        "yaw": -3.1415895909545393,
        "num_points": 4,
        "distance": 41.3723557237056,
        "speed": 2.862580114962044e-07,
        "brake": 0.0,
        "id": 2570,
        "ego_matrix": [
            [
                0.007666395977139473,
                0.9999706149101257,
                -0.00028706344892270863,
                412.4937438964844
            ],
            [
                -0.9999455213546753,
                0.007668237201869488,
                0.007081959862262011,
                -70.96658325195312
            ],
            [
                0.0070839524269104,
                0.000232754711760208,
                0.9999749064445496,
                0.12886063754558563
            ],
            [
                0.0,
                0.0,
                0.0,
                1.0
            ]
        ]
    },
    {
        "class": "Car",
        "extent": [
            1.488319993019104,
            4.791779518127441,
            2.163450002670288
        ],
        "position": [
            -5.943844360222974,
            27.99965707075271,
            -2.53203329190913
        ],
        "yaw": -3.1415927867478475,
        "num_points": 2,
        "distance": 28.735366266147416,
        "speed": -7.256268780796918e-09,
        "brake": 0.0,
        "id": 2577,
        "ego_matrix": [
            [
                0.007663488853722811,
                0.9999706149101257,
                0.0,
                408.83428955078125
            ],
            [
                -0.9999706149101257,
                0.007663488853722811,
                0.0,
                -50.2238655090332
            ],
            [
                0.0,
                -0.0,
                1.0,
                0.001336917863227427
            ],
            [
                0.0,
                0.0,
                0.0,
                1.0
            ]
        ]
    },
    {
        "class": "Car",
        "extent": [
            1.6171096563339233,
            3.987684965133667,
            1.8508483171463013
        ],
        "position": [
            28.968609746926187,
            26.941130452318596,
            -2.495105040145308
        ],
        "yaw": -2.962583753546264,
        "num_points": 7,
        "distance": 39.638748843523224,
        "speed": -2.159110502989076e-09,
        "brake": 0.0,
        "id": 2582,
        "ego_matrix": [
            [
                0.18559026718139648,
                0.9826272130012512,
                0.0,
                407.50823974609375
            ],
            [
                -0.9826272130012512,
                0.18559026718139648,
                0.0,
                -15.320548057556152
            ],
            [
                0.0,
                -0.0,
                1.0,
                0.03827405720949173
            ],
            [
                0.0,
                0.0,
                0.0,
                1.0
            ]
        ]
    },
    {
        "class": "Car",
        "extent": [
            1.3787471055984497,
            2.2072951793670654,
            1.4809197187423706
        ],
        "position": [
            -26.71357689216799,
            21.000010223101118,
            -2.5311779575618436
        ],
        "yaw": -3.141591588325357,
        "num_points": 0,
        "distance": 34.073779972245084,
        "speed": -1.0068680995618214e-05,
        "brake": 0.0,
        "id": 2587,
        "ego_matrix": [
            [
                0.007664552424103022,
                0.9999706149101257,
                -4.411394183989614e-05,
                401.9940185546875
            ],
            [
                -0.9999538660049438,
                0.007664679549634457,
                0.005783595610409975,
                -71.046630859375
            ],
            [
                0.005783763714134693,
                -2.167653150308979e-07,
                0.9999832510948181,
                0.0021910285577178
            ],
            [
                0.0,
                0.0,
                0.0,
                1.0
            ]
        ]
    },
    {
        "class": "Car",
        "extent": [
            1.6493593454360962,
            4.855708599090576,
            2.0327565670013428
        ],
        "position": [
            29.591791120774072,
            30.38521633194263,
            -2.544196903432244
        ],
        "yaw": -2.962583753546264,
        "num_points": 2,
        "distance": 42.49009780122788,
        "speed": -5.225878133546268e-10,
        "brake": 0.0,
        "id": 2590,
        "ego_matrix": [
            [
                0.18559026718139648,
                0.9826272130012512,
                0.0,
                410.94744873046875
            ],
            [
                -0.9826272130012512,
                0.18559026718139648,
                0.0,
                -14.670990943908691
            ],
            [
                0.0,
                -0.0,
                1.0,
                -0.010819491930305958
            ],
            [
                0.0,
                0.0,
                0.0,
                1.0
            ]
        ]
    },
    {
        "class": "Car",
        "extent": [
            1.4106584787368774,
            5.357479572296143,
            2.033203125
        ],
        "position": [
            -24.150122393277755,
            -5.367104644441339,
            -2.539552941328653
        ],
        "yaw": 1.5505311356379934,
        "num_points": 19,
        "distance": 24.86932956507856,
        "speed": -5.56523355926959e-07,
        "brake": 0.0,
        "id": 2593,
        "ego_matrix": [
            [
                -0.9999202489852905,
                -0.012600995600223541,
                0.0008232409018091857,
                375.6080322265625
            ],
            [
                0.012601188383996487,
                -0.9999206066131592,
                0.00022986152907833457,
                -68.68531799316406
            ],
            [
                0.000820279004983604,
                0.00024021700664889067,
                0.9999996423721313,
                -0.006169300060719252
            ],
            [
                0.0,
                0.0,
                0.0,
                1.0
            ]
        ]
    },
    {
        "class": "Car",
        "extent": [
            1.8779358863830566,
            3.866220712661743,
            1.9051965475082397
        ],
        "position": [
            -18.40140025745141,
            -4.591741409557229e-05,
            -2.5253104065247802
        ],
        "yaw": -0.00010479538889440754,
        "num_points": 14,
        "distance": 18.573872081134393,
        "speed": 3.3735542996329938e-06,
        "brake": 0.0,
        "id": 2600,
        "ego_matrix": [
            [
                -0.007558793760836124,
                -0.9999714493751526,
                9.93564972304739e-05,
                380.9308776855469
            ],
            [
                0.9999713897705078,
                -0.007558831945061684,
                -0.00038990896428003907,
                -62.895633697509766
            ],
            [
                0.00039064884185791016,
                9.640640928409994e-05,
                0.9999999403953552,
                0.008071746677160263
            ],
            [
                0.0,
                0.0,
                0.0,
                1.0
            ]
        ]
    },
    {
        "class": "Car",
        "extent": [
            1.1256572008132935,
            1.8354405164718628,
            0.3289288878440857
        ],
        "position": [
            -5.945285511126565,
            24.499726430168586,
            -2.5468263003813245
        ],
        "yaw": -3.1415927867478475,
        "num_points": 0,
        "distance": 25.339087180998185,
        "speed": 4.192966228824152e-08,
        "brake": 0.0,
        "id": 2601,
        "ego_matrix": [
            [
                0.0076634264551103115,
                0.9999706149101257,
                -3.150386328343302e-05,
                405.33447265625
            ],
            [
                -0.9999624490737915,
                0.007663491182029247,
                0.004041298758238554,
                -50.25212860107422
            ],
            [
                0.004041421692818403,
                5.32483625192981e-07,
                0.9999918341636658,
                -0.013454226776957512
            ],
            [
                0.0,
                0.0,
                0.0,
                1.0
            ]
        ]
    },
    {
        "class": "Car",
        "extent": [
            1.3787471055984497,
            2.2072951793670654,
            1.4809197187423706
        ],
        "position": [
            -18.400284520586258,
            3.5000348326815285,
            -2.531195307033667
        ],
        "yaw": -1.4647385992994089e-06,
        "num_points": 8,
        "distance": 18.90046729451046,
        "speed": -1.7678604158078105e-05,
        "brake": 0.0,
        "id": 2646,
        "ego_matrix": [
            [
                -0.007662018295377493,
                -0.9999706745147705,
                4.4000469642924145e-05,
                384.43084716796875
            ],
            [
                0.9999540448188782,
                -0.007662144489586353,
                -0.005771794822067022,
                -62.86769485473633
            ],
            [
                0.005771961994469166,
                -2.251472039915825e-07,
                0.9999833703041077,
                0.002184982178732753
            ],
            [
                0.0,
                0.0,
                0.0,
                1.0
            ]
        ]
    },
    {
        "class": "Car",
        "extent": [
            1.1454535722732544,
            2.0333523750305176,
            0.8025798797607422
        ],
        "position": [
            46.00352081993187,
            -8.049892470454976,
            -2.525222493810464
        ],
        "yaw": 0.7619843168837444,
        "num_points": 0,
        "distance": 46.770732785140744,
        "speed": 1.6106501827789593e-07,
        "brake": 0.0,
        "id": 2651,
        "ego_matrix": [
            [
                -0.6958824396133423,
                -0.7181556820869446,
                8.819441427476704e-05,
                372.3876953125
            ],
            [
                0.7181556224822998,
                -0.6958823800086975,
                -0.00047908525448292494,
                1.4457067251205444
            ],
            [
                0.0004054307646583766,
                -0.0002700496988836676,
                0.9999998807907104,
                0.00817930232733488
            ],
            [
                0.0,
                0.0,
                0.0,
                1.0
            ]
        ]
    },
    {
        "class": "Car",
        "extent": [
            1.8548461198806763,
            4.6045098304748535,
            1.9315931797027588
        ],
        "position": [
            43.58737633565497,
            -10.582216007055926,
            -2.5179951025514105
        ],
        "yaw": 0.7618729967501789,
        "num_points": 0,
        "distance": 44.92419137594442,
        "speed": 3.3767249711032845e-06,
        "brake": 0.0,
        "id": 2659,
        "ego_matrix": [
            [
                -0.6958023309707642,
                -0.7182332873344421,
                0.0003697881766129285,
                369.87396240234375
            ],
            [
                0.7182329297065735,
                -0.6958023905754089,
                -0.0007129677105695009,
                -0.9897735118865967
            ],
            [
                0.0007693766383454204,
                -0.0002304905210621655,
                0.9999997019767761,
                0.01540746632963419
            ],
            [
                0.0,
                0.0,
                0.0,
                1.0
            ]
        ]
    }
]