[
    {
        "class": "Car",
        "extent": [
            1.5107464790344238,
            4.901683330535889,
            2.128324270248413
        ],
        "position": [
            -1.3,
            0.0,
            -2.5
        ],
        "yaw": 0,
        "num_points": -1,
        "distance": -1,
        "speed": -3.368434433226152e-08,
        "brake": 0.0,
        "id": 2402,
        "ego_matrix": [
            [
                -0.007663576398044825,
                -0.9999706149101257,
                5.344436431187205e-07,
                380.79986572265625
            ],
            [
                0.9999706149101257,
                -0.007663576398044825,
                -2.3432968987435743e-07,
                -45.794734954833984
            ],
            [
                2.3841856489070778e-07,
                5.326321570464643e-07,
                1.0,
                0.03341564163565636
            ],
            [
                0.0,
                0.0,
                0.0,
                1.0
            ]
        ]
    },
    {
        "class": "Car",
        "extent": [
            1.300939917564392,
            4.717525005340576,
            1.894826889038086
        ],
        "position": [
            11.975110630230088,
            31.49963189951949,
            -2.539279619224204
        ],
        "yaw": -3.1415927867478475,
        "num_points": 0,
        "distance": 33.79464492188197,
        "speed": 2.4092809587717376e-09,
        "brake": 0.0,
        "id": 2429,
        "ego_matrix": [
            [
                0.007663488853722811,
                0.9999706149101257,
                0.0,
                412.19683837890625
            ],
            [
                -0.9999706149101257,
                0.007663488853722811,
                0.0,
                -32.27861404418945
            ],
            [
                0.0,
                -0.0,
                1.0,
                -0.005877590272575617
            ],
            [
                0.0,
                0.0,
                0.0,
                1.0
            ]
        ]
    },
    {
        "class": "Car",
        "extent": [
            1.8779358863830566,
            3.866220712661743,
            1.9051965475082397
        ],
        "position": [
            -45.60581016816712,
            6.999867338411454,
            -2.523398965991366
        ],
        "yaw": -7.98948326830029e-07,
        "num_points": 1,
        "distance": 46.20882606377077,
        "speed": -3.0885951723352817e-07,
        "brake": 0.0,
        "id": 2432,
        "ego_matrix": [
            [
                -0.007662741467356682,
                -0.9999706149101257,
                8.932391938287765e-05,
                388.1390686035156
            ],
            [
                0.999970555305481,
                -0.00766277639195323,
                -0.0003960556350648403,
                -90.04560089111328
            ],
            [
                0.00039672848652116954,
                8.628641808172688e-05,
                0.9999999403953552,
                0.010002383962273598
            ],
            [
                0.0,
                0.0,
                0.0,
                1.0
            ]
        ]
    },
    {
        "class": "Car",
        "extent": [
            1.2511454820632935,
            2.2094459533691406,
            0.8670341968536377
        ],
        "position": [
            -5.943841787913376,
            31.499637750735236,
            -2.5685666913511014
        ],
        "yaw": -3.1415927867478475,
        "num_points": 0,
        "distance": 32.15826438841512,
        "speed": 8.727809065755028e-09,
        "brake": 0.0,
        "id": 2452,
        "ego_matrix": [
            [
                0.007663488853722811,
                0.9999706149101257,
                0.0,
                412.33416748046875
            ],
            [
                -0.9999706149101257,
                0.007663488853722811,
                0.0,
                -50.19704055786133
            ],
            [
                0.0,
                -0.0,
                1.0,
                -0.03516893461346626
            ],
            [
                0.0,
                0.0,
                0.0,
                1.0
            ]
        ]
    },
    {
        "class": "Car",
        "extent": [
            1.6672759056091309,
            4.611005783081055,
            2.241713285446167
        ],
        "position": [
            -18.40175435232309,
            7.0000041705503,
            -2.4593925611887353
        ],
        "yaw": 0.0,
        "num_points": 23,
        "distance": 19.841200402218455,
        "speed": -2.4979018688746442e-08,
        "brake": 0.0,
        "id": 2477,
        "ego_matrix": [
            [
                -0.007663576398044825,
                -0.9999706149101257,
                0.0,
                387.93072509765625
            ],
            [
                0.9999706149101257,
                -0.007663576398044825,
                -0.0,
                -62.842342376708984
            ],
            [
                0.0,
                -0.0,
                1.0,
                0.07401527464389801
            ],
            [
                0.0,
                0.0,
                0.0,
                1.0
            ]
        ]
    },
    {
        "class": "Car",
        "extent": [
            1.4738311767578125,
            4.1928300857543945,
            1.8161858320236206
        ],
        "position": [
            -5.943841894741185,
            20.99969581185746,
            -2.5389491750417905
        ],
        "yaw": -3.1415927867478475,
        "num_points": 0,
        "distance": 21.971862542207695,
        "speed": 1.508713516893883e-08,
        "brake": 0.0,
        "id": 2485,
        "ego_matrix": [
            [
                0.007663488853722811,
                0.9999706149101257,
                0.0,
                401.83453369140625
            ],
            [
                -0.9999706149101257,
                0.007663488853722811,
                0.0,
                -50.27750778198242
            ],
            [
                0.0,
                -0.0,
                1.0,
                -0.005545825697481632
            ],
            [
                0.0,
                0.0,
                0.0,
                1.0
            ]
        ]
    },
    {
        "class": "Car",
        "extent": [
            1.300939917564392,
            4.717525005340576,
            1.894826889038086
        ],
        "position": [
            11.975108516957379,
            27.999590205634117,
            -2.539281521177017
        ],
        "yaw": -3.1415927867478475,
        "num_points": 5,
        "distance": 30.558603147397594,
        "speed": -2.8913306116877746e-10,
        "brake": 0.0,
        "id": 2487,
        "ego_matrix": [
            [
                0.007663488853722811,
                0.9999706149101257,
                0.0,
                408.6968994140625
            ],
            [
                -0.9999706149101257,
                0.007663488853722811,
                0.0,
                -32.30543899536133
            ],
            [
                0.0,
                -0.0,
                1.0,
                -0.005877627991139889
            ],
            [
                0.0,
                0.0,
                0.0,
                1.0
            ]
        ]
    },
    {
        "class": "Car",
        "extent": [
            1.0795789957046509,
            1.4872888326644897,
            0.8592574596405029
        ],
        "position": [
            -26.712063969215336,
            24.50003297688204,
            -2.5308460651080735
        ],
        "yaw": -3.1415927867478475,
        "num_points": 0,
        "distance": 36.33443489541337,
        "speed": -4.2957210123257276e-08,
        "brake": 0.0,
        "id": 2494,
        "ego_matrix": [
            [
                0.007663488853722811,
                0.9999706149101257,
                0.0,
                405.4939270019531
            ],
            [
                -0.9999706149101257,
                0.007663488853722811,
                0.0,
                -71.01829528808594
            ],
            [
                0.0,
                -0.0,
                1.0,
                0.0025504683144390583
            ],
            [
                0.0,
                0.0,
                0.0,
                1.0
            ]
        ]
    },
    {
        "class": "Car",
        "extent": [
            1.488319993019104,
            4.791779518127441,
            2.163450002670288
        ],
        "position": [
            11.975110985807245,
            20.999628939214514,
            -2.5320706655434693
        ],
        "yaw": -3.1415927867478475,
        "num_points": 0,
        "distance": 24.306358850358535,
        "speed": -1.7388638800219954e-09,
        "brake": 0.0,
        "id": 2517,
        "ego_matrix": [
            [
                0.007663488853722811,
                0.9999706149101257,
                0.0,
                401.6971435546875
            ],
            [
                -0.9999706149101257,
                0.007663488853722811,
                0.0,
                -32.35908126831055
            ],
            [
                0.0,
                -0.0,
                1.0,
                0.0013369560474529862
            ],
            [
                0.0,
                0.0,
                0.0,
                1.0
            ]
        ]
    },
    {
        "class": "Car",
        "extent": [
            1.8548461198806763,
            4.6045098304748535,
            1.9315931797027588
        ],
        "position": [
            -18.401629485714633,
            10.499955283421826,
            -2.5223517045004233
        ],
        "yaw": 0.0,
        "num_points": 16,
        "distance": 21.336149765235906,
        "speed": -4.2362151275344423e-07,
        "brake": 0.0,
        "id": 2544,
        "ego_matrix": [
            [
                -0.007663575932383537,
                -0.9999706149101257,
                2.6171246645390056e-06,
                391.4305725097656
            ],
            [
                0.999970555305481,
                -0.007663576398044825,
                -0.00035535322967916727,
                -62.81539535522461
            ],
            [
                0.00035536286304704845,
                -1.0622897406165066e-07,
                0.9999999403953552,
                0.011054267175495625
            ],
            [
                0.0,
                0.0,
                0.0,
                1.0
            ]
        ]
    },
    {
        "class": "Car",
        "extent": [
            1.1256572008132935,
            1.8354405164718628,
            0.3289288878440857
        ],
        "position": [
            27.298725981039205,
            20.12835909910079,
            -2.5471592402785546
        ],
        "yaw": -2.9647106871508555,
        "num_points": 0,
        "distance": 34.012634423189795,
        "speed": 1.3869768355903125,
        "brake": 0.0,
        "id": 2559,
        "ego_matrix": [
            [
                0.18349984288215637,
                0.9830197095870972,
                -0.0001811753463698551,
                400.7084655761719
            ],
            [
                -0.9830196499824524,
                0.18349990248680115,
                0.00026522809639573097,
                -17.042593002319336
            ],
            [
                0.00029397010803222656,
                0.00012942960893269628,
                0.9999999403953552,
                -0.0137475011870265
            ],
            [
                0.0,
                0.0,
                0.0,
                1.0
            ]
        ]
    },
    {
        "class": "Car",
        "extent": [
            1.1454535722732544,
            2.0333523750305176,
            0.8025798797607422
        ],
        "position": [
            28.34497657623105,
            23.497132711654974,
            -2.53212006367455
        ],
        "yaw": -2.962590677765098,
        "num_points": 0,
        "distance": 36.90480422374675,
        "speed": -1.7763930127913205e-08,
        "brake": 0.0,
        "id": 2561,
        "ego_matrix": [
            [
                0.1855834722518921,
                0.9826285243034363,
                0.0,
                404.0691223144531
            ],
            [
                -0.9826285243034363,
                0.1855834722518921,
                0.0,
                -15.970556259155273
            ],
            [
                0.0,
                -0.0,
                1.0,
                0.001290130545385182
            ],
            [
                0.0,
                0.0,
                0.0,
                1.0
            ]
        ]
    },
    {
        "class": "Car",
        "extent": [
            1.6355280876159668,
            5.0267767906188965,
            2.1515462398529053
        ],
        "position": [
            -26.713997054074227,
            31.500040413027484,
            -2.4045321669869497
        ],
        "yaw": -3.1415895909545393,
        "num_points": 4,
        "distance": 41.37235743306787,
        "speed": 1.9603619755281352e-09,
        "brake": 0.0,
        "id": 2570,
        "ego_matrix": [
            [
                0.007666395977139473,
                0.9999706149101257,
                -0.00028706344892270863,
                412.4937438964844
            ],
            [
                -0.9999455213546753,
                0.007668237201869488,
                0.007081959862262011,
                -70.96658325195312
            ],
            [
                0.0070839524269104,
                0.000232754711760208,
                0.9999749064445496,
                0.12886063754558563
            ],
            [
                0.0,
                0.0,
                0.0,
                1.0
            ]
        ]
    },
    {
        "class": "Car",
        "extent": [
            1.488319993019104,
            4.791779518127441,
            2.163450002670288
        ],
        "position": [
            -5.943844360229986,
            27.999657070768375,
            -2.5320627030760363
        ],
        "yaw": -3.1415927867478475,
        "num_points": 1,
        "distance": 28.735368857760918,
        "speed": 5.735107995232345e-09,
        "brake": 0.0,
        "id": 2577,
        "ego_matrix": [
            [
                0.007663488853722811,
                0.9999706149101257,
                0.0,
                408.83428955078125
            ],
            [
                -0.9999706149101257,
                0.007663488853722811,
                0.0,
                -50.2238655090332
            ],
            [
                0.0,
                -0.0,
                1.0,
                0.001336917863227427
            ],
            [
                0.0,
                0.0,
                0.0,
                1.0
            ]
        ]
    },
    {
        "class": "Car",
        "extent": [
            1.6171096563339233,
            3.987684965133667,
            1.8508483171463013
        ],
        "position": [
            28.968609746919697,
            26.941130452333102,
            -2.49513227574268
        ],
        "yaw": -2.962583753546264,
        "num_points": 5,
        "distance": 39.638750557912566,
        "speed": -8.75407521598203e-09,
        "brake": 0.0,
        "id": 2582,
        "ego_matrix": [
            [
                0.18559026718139648,
                0.9826272130012512,
                0.0,
                407.50823974609375
            ],
            [
                -0.9826272130012512,
                0.18559026718139648,
                0.0,
                -15.320548057556152
            ],
            [
                0.0,
                -0.0,
                1.0,
                0.03827623277902603
            ],
            [
                0.0,
                0.0,
                0.0,
                1.0
            ]
        ]
    },
    {
        "class": "Car",
        "extent": [
            1.3787471055984497,
            2.2072951793670654,
            1.4809197187423706
        ],
        "position": [
            -26.7135768921739,
            21.000010223114323,
            -2.5312027528612395
        ],
        "yaw": -3.141591588325357,
        "num_points": 0,
        "distance": 34.073781814190895,
        "speed": 2.4329936940587693e-06,
        "brake": 0.0,
        "id": 2587,
        "ego_matrix": [
            [
                0.007664552424103022,
                0.9999706149101257,
                -4.410821202327497e-05,
                401.9940185546875
            ],
            [
                -0.9999538660049438,
                0.007664679549634457,
                0.005784549284726381,
                -71.046630859375
            ],
            [
                0.005784717388451099,
                -2.298038310755146e-07,
                0.9999832510948181,
                0.002195644425228238
            ],
            [
                0.0,
                0.0,
                0.0,
                1.0
            ]
        ]
    },
    {
        "class": "Car",
        "extent": [
            1.6493593454360962,
            4.855708599090576,
            2.0327565670013428
        ],
        "position": [
            29.591791121077698,
            30.385216331264324,
            -2.5429234045618117
        ],
        "yaw": -2.962583753546264,
        "num_points": 2,
        "distance": 42.49002156615943,
        "speed": -2.427659812755365e-08,
        "brake": 0.0,
        "id": 2590,
        "ego_matrix": [
            [
                0.18559026718139648,
                0.9826272130012512,
                0.0,
                410.94744873046875
            ],
            [
                -0.9826272130012512,
                0.18559026718139648,
                0.0,
                -14.670990943908691
            ],
            [
                0.0,
                -0.0,
                1.0,
                -0.009516581892967224
            ],
            [
                0.0,
                0.0,
                0.0,
                1.0
            ]
        ]
    },
    {
        "class": "Car",
        "extent": [
            1.4106584787368774,
            5.357479572296143,
            2.033203125
        ],
        "position": [
            -24.150122393283837,
            -5.367104644427746,
            -2.5395784614298424
        ],
        "yaw": 1.5505311356379934,
        "num_points": 25,
        "distance": 24.869332171101533,
        "speed": -3.426192961337152e-07,
        "brake": 0.0,
        "id": 2593,
        "ego_matrix": [
            [
                -0.9999202489852905,
                -0.012600995600223541,
                0.0008232409018091857,
                375.6080322265625
            ],
            [
                0.012601188383996487,
                -0.9999206066131592,
                0.00022986152907833457,
                -68.68531799316406
            ],
            [
                0.000820279004983604,
                0.00024021700664889067,
                0.9999996423721313,
                -0.006165408995002508
            ],
            [
                0.0,
                0.0,
                0.0,
                1.0
            ]
        ]
    },
    {
        "class": "Car",
        "extent": [
            1.8779358863830566,
            3.866220712661743,
            1.9051965475082397
        ],
        "position": [
            -18.401404071550157,
            -4.594773500353208e-05,
            -2.523270191687289
        ],
        "yaw": -0.00010479538889440754,
        "num_points": 16,
        "distance": 18.573598581503575,
        "speed": -3.9859497722157543e-07,
        "brake": 0.0,
        "id": 2600,
        "ego_matrix": [
            [
                -0.007558793760836124,
                -0.9999714493751526,
                9.93564972304739e-05,
                380.9308776855469
            ],
            [
                0.9999713897705078,
                -0.007558831945061684,
                -0.00038990896428003907,
                -62.89563751220703
            ],
            [
                0.00039064884185791016,
                9.640640928409994e-05,
                0.9999999403953552,
                0.010141372680664062
            ],
            [
                0.0,
                0.0,
                0.0,
                1.0
            ]
        ]
    },
    {
        "class": "Car",
        "extent": [
            1.1256572008132935,
            1.8354405164718628,
            0.3289288878440857
        ],
        "position": [
            -6.373875598882482,
            24.499737796103094,
            -2.5471484637419324
        ],
        "yaw": -3.1406384429712175,
        "num_points": 0,
        "distance": 25.443101373931892,
        "speed": 1.3871274103027136,
        "brake": 0.0,
        "id": 2601,
        "ego_matrix": [
            [
                0.00861772708594799,
                0.9999628663063049,
                3.4433614928275347e-06,
                405.3377685546875
            ],
            [
                -0.9999628067016602,
                0.008617726154625416,
                0.0003005674807354808,
                -50.68070602416992
            ],
            [
                0.00030052661895751953,
                -6.033441877661971e-06,
                0.9999999403953552,
                -0.013747081160545349
            ],
            [
                0.0,
                0.0,
                0.0,
                1.0
            ]
        ]
    },
    {
        "class": "Car",
        "extent": [
            1.3787471055984497,
            2.2072951793670654,
            1.4809197187423706
        ],
        "position": [
            -18.40028452059067,
            3.500034832691383,
            -2.531213807989442
        ],
        "yaw": -1.0652644359954166e-06,
        "num_points": 8,
        "distance": 18.900469772217253,
        "speed": 3.106475877688251e-06,
        "brake": 0.0,
        "id": 2646,
        "ego_matrix": [
            [
                -0.007662374991923571,
                -0.9999706149101257,
                4.406402149470523e-05,
                384.43084716796875
            ],
            [
                0.9999538660049438,
                -0.007662502117455006,
                -0.005782522726804018,
                -62.86769485473633
            ],
            [
                0.005782690830528736,
                -2.4586915969848633e-07,
                0.9999832510948181,
                0.0021958923898637295
            ],
            [
                0.0,
                0.0,
                0.0,
                1.0
            ]
        ]
    },
    {
        "class": "Car",
        "extent": [
            1.1454535722732544,
            2.0333523750305176,
            0.8025798797607422
        ],
        "position": [
            46.003521058337405,
            -8.049892468614345,
            -2.5252478239219043
        ],
        "yaw": 0.7619843168837444,
        "num_points": 0,
        "distance": 46.77073438693656,
        "speed": 8.506945882075614e-08,
        "brake": 0.0,
        "id": 2651,
        "ego_matrix": [
            [
                -0.6958824396133423,
                -0.7181556820869446,
                8.819441427476704e-05,
                372.3876953125
            ],
            [
                0.7181556224822998,
                -0.6958823800086975,
                -0.00047908525448292494,
                1.4457069635391235
            ],
            [
                0.0004054307646583766,
                -0.0002700496988836676,
                0.9999998807907104,
                0.008183383382856846
            ],
            [
                0.0,
                0.0,
                0.0,
                1.0
            ]
        ]
    },
    {
        "class": "Car",
        "extent": [
            1.8548461198806763,
            4.6045098304748535,
            1.9315931797027588
        ],
        "position": [
            43.58737532266536,
            -10.582216015401173,
            -2.516906350139867
        ],
        "yaw": 0.7618729967501789,
        "num_points": 0,
        "distance": 44.924129383783104,
        "speed": -1.1579628831947717e-06,
        "brake": 0.0,
        "id": 2659,
        "ego_matrix": [
            [
                -0.6958023309707642,
                -0.7182332873344421,
                0.0003697881766129285,
                369.87396240234375
            ],
            [
                0.7182329297065735,
                -0.6958023905754089,
                -0.0007129677105695009,
                -0.9897745251655579
            ],
            [
                0.0007693766383454204,
                -0.0002304905210621655,
                0.9999997019767761,
                0.01652562990784645
            ],
            [
                0.0,
                0.0,
                0.0,
                1.0
            ]
        ]
    }
]