[
    {
        "class": "Car",
        "extent": [
            1.5107464790344238,
            4.901683330535889,
            2.128324270248413
        ],
        "position": [
            -1.3,
            0.0,
            -2.5
        ],
        "yaw": 0,
        "num_points": -1,
        "distance": -1,
        "speed": 2.538471890185496,
        "brake": 0.0,
        "id": 2402,
        "ego_matrix": [
            [
                -0.007632778491824865,
                -0.9999708533287048,
                2.869222589652054e-05,
                380.7970275878906
            ],
            [
                0.999965250492096,
                -0.007632832042872906,
                -0.0033402354456484318,
                -45.4255256652832
            ],
            [
                0.0033403572160750628,
                3.195949602741166e-06,
                0.9999943971633911,
                0.03175479918718338
            ],
            [
                0.0,
                0.0,
                0.0,
                1.0
            ]
        ]
    },
    {
        "class": "Car",
        "extent": [
            1.50146484375,
            3.633375883102417,
            1.845113754272461
        ],
        "position": [
            48.10508035569386,
            -5.572490526914353,
            -2.709636141689922
        ],
        "yaw": 0.7621514302421464,
        "num_points": 3,
        "distance": 48.5025106022427,
        "speed": 1.253902296663895,
        "brake": 0.0,
        "id": 2411,
        "ego_matrix": [
            [
                -0.6959739327430725,
                -0.7180615663528442,
                0.002784745069220662,
                374.84759521484375
            ],
            [
                0.7180540561676025,
                -0.6959794163703918,
                -0.003303990000858903,
                3.9360082149505615
            ],
            [
                0.004310593940317631,
                -0.00029989349422976375,
                0.9999906420707703,
                -0.012831744737923145
            ],
            [
                0.0,
                0.0,
                0.0,
                1.0
            ]
        ]
    },
    {
        "class": "Car",
        "extent": [
            1.300939917564392,
            4.717525005340576,
            1.894826889038086
        ],
        "position": [
            11.504336509255108,
            31.499225793876356,
            -2.580562053802768
        ],
        "yaw": -3.1415650898725107,
        "num_points": 0,
        "distance": 33.63346970868918,
        "speed": 1.681487784007753,
        "brake": 0.0,
        "id": 2429,
        "ego_matrix": [
            [
                0.007660388480871916,
                0.9999706745147705,
                -4.139701104577398e-06,
                412.1976013183594
            ],
            [
                -0.999970555305481,
                0.00766038941219449,
                0.000542982539627701,
                -32.38093566894531
            ],
            [
                0.0005429983139038086,
                -1.987791620194912e-08,
                0.9999998807907104,
                -0.006136417388916016
            ],
            [
                0.0,
                0.0,
                0.0,
                1.0
            ]
        ]
    },
    {
        "class": "Car",
        "extent": [
            1.8779358863830566,
            3.866220712661743,
            1.9051965475082397
        ],
        "position": [
            -45.88751218351979,
            7.001243217229989,
            -2.3741179822543526
        ],
        "yaw": 2.64984528461909e-05,
        "num_points": 2,
        "distance": 46.47921704561244,
        "speed": 1.4126884972847562,
        "brake": 0.0,
        "id": 2432,
        "ego_matrix": [
            [
                -0.007659217808395624,
                -0.9999706745147705,
                0.00012259189679753035,
                388.1383972167969
            ],
            [
                0.9999619126319885,
                -0.007659663911908865,
                -0.004183298908174038,
                -89.9584732055664
            ],
            [
                0.004184114746749401,
                9.054643305717036e-05,
                0.999991238117218,
                0.00867551751434803
            ],
            [
                0.0,
                0.0,
                0.0,
                1.0
            ]
        ]
    },
    {
        "class": "Car",
        "extent": [
            1.2511454820632935,
            2.2094459533691406,
            0.8670341968536377
        ],
        "position": [
            -6.393928785747104,
            31.49981845056923,
            -2.549735294076573
        ],
        "yaw": -3.141568285665819,
        "num_points": 0,
        "distance": 32.24317040562058,
        "speed": 1.4207169756364588,
        "brake": 0.0,
        "id": 2452,
        "ego_matrix": [
            [
                0.00765712046995759,
                0.9999706745147705,
                2.722498174989596e-05,
                412.3348083496094
            ],
            [
                -0.9999641180038452,
                0.00765716889873147,
                -0.003624924924224615,
                -50.27867889404297
            ],
            [
                -0.003625027136877179,
                5.324836820363998e-07,
                0.9999934434890747,
                -0.0350964330136776
            ],
            [
                0.0,
                0.0,
                0.0,
                1.0
            ]
        ]
    },
    {
        "class": "Car",
        "extent": [
            1.6672759056091309,
            4.611005783081055,
            2.241713285446167
        ],
        "position": [
            -18.70977887279296,
            7.0005252109154545,
            -2.4012006682773555
        ],
        "yaw": 2.8628981718181734e-05,
        "num_points": 19,
        "distance": 20.120361411933143,
        "speed": 0.992801379234862,
        "brake": 0.0,
        "id": 2477,
        "ego_matrix": [
            [
                -0.007661379873752594,
                -0.9999706745147705,
                2.7624935682979412e-05,
                387.93023681640625
            ],
            [
                0.9999640583992004,
                -0.007661429699510336,
                -0.0036364856641739607,
                -62.78159713745117
            ],
            [
                0.003636590437963605,
                -2.3655591974147683e-07,
                0.9999933838844299,
                0.0723763257265091
            ],
            [
                0.0,
                0.0,
                0.0,
                1.0
            ]
        ]
    },
    {
        "class": "Car",
        "extent": [
            1.4738311767578125,
            4.1928300857543945,
            1.8161858320236206
        ],
        "position": [
            -6.424011815157173,
            20.999831606111897,
            -2.52032549376791
        ],
        "yaw": -3.1415407219485365,
        "num_points": 0,
        "distance": 22.10458992790573,
        "speed": 1.8076375753436245,
        "brake": 0.0,
        "id": 2485,
        "ego_matrix": [
            [
                0.007684675510972738,
                0.9999704957008362,
                -2.3838409106247127e-05,
                401.8353576660156
            ],
            [
                -0.9999663233757019,
                0.007684712298214436,
                0.002894061151891947,
                -50.38900375366211
            ],
            [
                0.0028941589407622814,
                1.5976838767528534e-06,
                0.9999958276748657,
                -0.005753726698458195
            ],
            [
                0.0,
                0.0,
                0.0,
                1.0
            ]
        ]
    },
    {
        "class": "Car",
        "extent": [
            1.300939917564392,
            4.717525005340576,
            1.894826889038086
        ],
        "position": [
            11.50422651615673,
            27.999214606944953,
            -2.5805728723138217
        ],
        "yaw": -3.1415650898725107,
        "num_points": 8,
        "distance": 30.380299581968004,
        "speed": 1.6814870911169766,
        "brake": 0.0,
        "id": 2487,
        "ego_matrix": [
            [
                0.007660388480871916,
                0.9999706745147705,
                -4.1494799916108605e-06,
                408.69769287109375
            ],
            [
                -0.999970555305481,
                0.00766038941219449,
                0.0005429824232123792,
                -32.40776062011719
            ],
            [
                0.0005429983139038086,
                -1.0099029168486595e-08,
                0.9999998807907104,
                -0.006136417388916016
            ],
            [
                0.0,
                0.0,
                0.0,
                1.0
            ]
        ]
    },
    {
        "class": "Car",
        "extent": [
            1.0795789957046509,
            1.4872888326644897,
            0.8592574596405029
        ],
        "position": [
            -27.150521224172465,
            24.500818623241223,
            -2.4444771141227384
        ],
        "yaw": -3.1414967797905504,
        "num_points": 0,
        "distance": 36.65264498388449,
        "speed": 1.383332590513885,
        "brake": 0.0,
        "id": 2494,
        "ego_matrix": [
            [
                0.0077258991077542305,
                0.9999701380729675,
                0.00020250682428013533,
                405.49444580078125
            ],
            [
                -0.9996084570884705,
                0.007728551048785448,
                -0.02689068205654621,
                -71.08832550048828
            ],
            [
                -0.026891443878412247,
                5.327164672053186e-06,
                0.9996383190155029,
                0.0008490943582728505
            ],
            [
                0.0,
                0.0,
                0.0,
                1.0
            ]
        ]
    },
    {
        "class": "Car",
        "extent": [
            1.488319993019104,
            4.791779518127441,
            2.163450002670288
        ],
        "position": [
            11.51736631408024,
            20.99926348642542,
            -2.5735042390517564
        ],
        "yaw": -3.1415657556627834,
        "num_points": 0,
        "distance": 24.08820702861563,
        "speed": 1.4812481989119815,
        "brake": 0.0,
        "id": 2517,
        "ego_matrix": [
            [
                0.0076596699655056,
                0.9999706745147705,
                -7.713903869444039e-06,
                401.6978454589844
            ],
            [
                -0.9999701380729675,
                0.007659674156457186,
                0.0010070502758026123,
                -32.44807434082031
            ],
            [
                0.0010070798452943563,
                -0.0,
                0.999999463558197,
                0.000998439732939005
            ],
            [
                0.0,
                0.0,
                0.0,
                1.0
            ]
        ]
    },
    {
        "class": "Car",
        "extent": [
            1.8548461198806763,
            4.6045098304748535,
            1.9315931797027588
        ],
        "position": [
            -18.6946557797445,
            10.500500222953038,
            -2.464704361970449
        ],
        "yaw": 2.5832662573943566e-05,
        "num_points": 21,
        "distance": 21.582989302858106,
        "speed": 1.166468421692406,
        "brake": 0.0,
        "id": 2544,
        "ego_matrix": [
            [
                -0.007658427115529776,
                -0.9999706745147705,
                6.282087997533381e-05,
                391.42999267578125
            ],
            [
                0.9999365210533142,
                -0.007658684626221657,
                -0.008266592398285866,
                -62.73954772949219
            ],
            [
                0.008266830816864967,
                -4.922039806842804e-07,
                0.9999658465385437,
                0.008912315592169762
            ],
            [
                0.0,
                0.0,
                0.0,
                1.0
            ]
        ]
    },
    {
        "class": "Car",
        "extent": [
            1.1256572008132935,
            1.8354405164718628,
            0.3289288878440857
        ],
        "position": [
            26.186080996564645,
            20.256897675711073,
            -2.6370842653865054
        ],
        "yaw": -2.9688126210198504,
        "num_points": 0,
        "distance": 33.211548515924726,
        "speed": 1.6945838194936702,
        "brake": 0.0,
        "id": 2559,
        "ego_matrix": [
            [
                0.1794353425502777,
                0.983769416809082,
                -0.0008211940294131637,
                400.8435363769531
            ],
            [
                -0.9837668538093567,
                0.17943677306175232,
                0.0022789451759308577,
                -17.785322189331055
            ],
            [
                0.0023893092293292284,
                0.00039894014480523765,
                0.999997079372406,
                -0.013580111786723137
            ],
            [
                0.0,
                0.0,
                0.0,
                1.0
            ]
        ]
    },
    {
        "class": "Car",
        "extent": [
            1.1454535722732544,
            2.0333523750305176,
            0.8025798797607422
        ],
        "position": [
            27.882762736488086,
            23.512984564707576,
            -2.626661785095036
        ],
        "yaw": -2.962854064396907,
        "num_points": 1,
        "distance": 36.56785819668338,
        "speed": 1.688573692276838,
        "brake": 0.0,
        "id": 2561,
        "ego_matrix": [
            [
                0.18528375029563904,
                0.982683539390564,
                0.0017320073675364256,
                404.0865783691406
            ],
            [
                -0.9826261401176453,
                0.18529163300991058,
                -0.010628464631736279,
                -16.063880920410156
            ],
            [
                -0.01076534390449524,
                0.0002673659473657608,
                0.9999420046806335,
                0.0024994276463985443
            ],
            [
                0.0,
                0.0,
                0.0,
                1.0
            ]
        ]
    },
    {
        "class": "Car",
        "extent": [
            1.6355280876159668,
            5.0267767906188965,
            2.1515462398529053
        ],
        "position": [
            -27.186338002077502,
            31.50086745745033,
            -2.3170501909768206
        ],
        "yaw": -3.141555635650641,
        "num_points": 8,
        "distance": 41.67457673597372,
        "speed": 1.7156210523162863,
        "brake": 0.0,
        "id": 2570,
        "ego_matrix": [
            [
                0.007669467478990555,
                0.9999706149101257,
                -0.00030654610600322485,
                412.49456787109375
            ],
            [
                -0.9999263286590576,
                0.007672012783586979,
                0.009410790167748928,
                -71.07113647460938
            ],
            [
                0.009412864223122597,
                0.00023434776812791824,
                0.9999557137489319,
                0.12813329696655273
            ],
            [
                0.0,
                0.0,
                0.0,
                1.0
            ]
        ]
    },
    {
        "class": "Car",
        "extent": [
            1.488319993019104,
            4.791779518127441,
            2.163450002670288
        ],
        "position": [
            -6.401273388505688,
            27.999842560879117,
            -2.513626834712845
        ],
        "yaw": -3.1415657556627834,
        "num_points": 2,
        "distance": 28.832027405172138,
        "speed": 1.4812478048681497,
        "brake": 0.0,
        "id": 2577,
        "ego_matrix": [
            [
                0.0076596699655056,
                0.9999706745147705,
                -7.680959242861718e-06,
                408.8349914550781
            ],
            [
                -0.9999701380729675,
                0.007659674156457186,
                0.001007050508633256,
                -50.31285858154297
            ],
            [
                0.0010070798452943563,
                -3.294553607702255e-08,
                0.999999463558197,
                0.0009984779171645641
            ],
            [
                0.0,
                0.0,
                0.0,
                1.0
            ]
        ]
    },
    {
        "class": "Car",
        "extent": [
            1.6171096563339233,
            3.987684965133667,
            1.8508483171463013
        ],
        "position": [
            28.54025939978696,
            26.950902526443937,
            -2.593526702296563
        ],
        "yaw": -2.962645272567445,
        "num_points": 9,
        "distance": 39.33985173272181,
        "speed": 1.0154160421142355,
        "brake": 0.0,
        "id": 2582,
        "ego_matrix": [
            [
                0.18549950420856476,
                0.9826443195343018,
                -0.00016560766380280256,
                407.5193786621094
            ],
            [
                -0.9826438426971436,
                0.18549957871437073,
                0.0009351306362077594,
                -15.380276679992676
            ],
            [
                0.0009496210259385407,
                -1.0732910595834255e-05,
                0.9999995231628418,
                0.03781961277127266
            ],
            [
                0.0,
                0.0,
                0.0,
                1.0
            ]
        ]
    },
    {
        "class": "Car",
        "extent": [
            1.3787471055984497,
            2.2072951793670654,
            1.4809197187423706
        ],
        "position": [
            -27.138798912679626,
            21.00080614259269,
            -2.4425949587739977
        ],
        "yaw": -3.141564690398347,
        "num_points": 0,
        "distance": 34.40224607775265,
        "speed": 0.8402721679832783,
        "brake": 0.0,
        "id": 2587,
        "ego_matrix": [
            [
                0.007660397794097662,
                0.9999706745147705,
                -7.275505049619824e-05,
                401.99444580078125
            ],
            [
                -0.9999250769615173,
                0.007660743314772844,
                0.009549790062010288,
                -71.10332489013672
            ],
            [
                0.009550067596137524,
                -4.0559095282333146e-07,
                0.9999544024467468,
                0.0027815818320959806
            ],
            [
                0.0,
                0.0,
                0.0,
                1.0
            ]
        ]
    },
    {
        "class": "Car",
        "extent": [
            1.6493593454360962,
            4.855708599090576,
            2.0327565670013428
        ],
        "position": [
            29.153101380552513,
            30.39684409899227,
            -2.6440427256620267
        ],
        "yaw": -2.96275392953992,
        "num_points": 2,
        "distance": 42.20026555862344,
        "speed": 1.1511438946172643,
        "brake": 0.0,
        "id": 2590,
        "ego_matrix": [
            [
                0.1853911429643631,
                0.9826644659042358,
                -0.0007673898944631219,
                410.9605407714844
            ],
            [
                -0.9826553463935852,
                0.18539273738861084,
                0.004246833734214306,
                -14.740984916687012
            ],
            [
                0.004315481521189213,
                -3.324565113871358e-05,
                0.999990701675415,
                -0.01066003181040287
            ],
            [
                0.0,
                0.0,
                0.0,
                1.0
            ]
        ]
    },
    {
        "class": "Car",
        "extent": [
            1.4106584787368774,
            5.357479572296143,
            2.033203125
        ],
        "position": [
            -24.517519222870625,
            -5.464697356439347,
            -2.4630792663646024
        ],
        "yaw": 1.5505520414525502,
        "num_points": 20,
        "distance": 25.239620153910817,
        "speed": 1.6028150132946393,
        "brake": 0.0,
        "id": 2593,
        "ego_matrix": [
            [
                -0.9999055862426758,
                -0.012610331177711487,
                0.005458842497318983,
                375.50970458984375
            ],
            [
                0.012611017562448978,
                -0.9999204874038696,
                9.14869669941254e-05,
                -68.68407440185547
            ],
            [
                0.005457254592329264,
                0.00016031989071052521,
                0.9999850988388062,
                -0.008862018585205078
            ],
            [
                0.0,
                0.0,
                0.0,
                1.0
            ]
        ]
    },
    {
        "class": "Car",
        "extent": [
            1.8779358863830566,
            3.866220712661743,
            1.9051965475082397
        ],
        "position": [
            -18.683473993111843,
            0.0005240211934434374,
            -2.465021740315252
        ],
        "yaw": -6.897587223297919e-05,
        "num_points": 18,
        "distance": 18.84538492326733,
        "speed": 1.4127207204486476,
        "brake": 0.0,
        "id": 2600,
        "ego_matrix": [
            [
                -0.007563735358417034,
                -0.9999713897705078,
                0.0001328037033090368,
                380.93023681640625
            ],
            [
                0.9999626874923706,
                -0.00756422383710742,
                -0.004177745897322893,
                -62.808509826660156
            ],
            [
                0.004178631119430065,
                0.00010119938087882474,
                0.9999912977218628,
                0.008665847592055798
            ],
            [
                0.0,
                0.0,
                0.0,
                1.0
            ]
        ]
    },
    {
        "class": "Car",
        "extent": [
            1.1256572008132935,
            1.8354405164718628,
            0.3289288878440857
        ],
        "position": [
            -7.497380246774325,
            24.500072149148707,
            -2.524555301170639
        ],
        "yaw": -3.140997303928106,
        "num_points": 0,
        "distance": 25.745633131598897,
        "speed": 1.6946273786814499,
        "brake": 0.0,
        "id": 2601,
        "ego_matrix": [
            [
                0.008228141814470291,
                0.9999661445617676,
                2.5903413188643754e-05,
                405.34368896484375
            ],
            [
                -0.9999632835388184,
                0.008228056132793427,
                0.0023899609223008156,
                -51.435604095458984
            ],
            [
                0.0023896668571978807,
                -4.5567398046841845e-05,
                0.9999971389770508,
                -0.013580131344497204
            ],
            [
                0.0,
                0.0,
                0.0,
                1.0
            ]
        ]
    },
    {
        "class": "Car",
        "extent": [
            1.3787471055984497,
            2.2072951793670654,
            1.4809197187423706
        ],
        "position": [
            -18.71270068065644,
            3.5005861134164054,
            -2.4707969002134966
        ],
        "yaw": 2.5300030355834835e-05,
        "num_points": 1,
        "distance": 19.196981721702723,
        "speed": 0.8402178813731332,
        "brake": 0.0,
        "id": 2646,
        "ego_matrix": [
            [
                -0.007657743524760008,
                -0.9999706745147705,
                7.272354559972882e-05,
                384.430419921875
            ],
            [
                0.9999250769615173,
                -0.00765808904543519,
                -0.009547526016831398,
                -62.81100082397461
            ],
            [
                0.009547803550958633,
                -3.944150819279457e-07,
                0.9999544024467468,
                0.0027819061651825905
            ],
            [
                0.0,
                0.0,
                0.0,
                1.0
            ]
        ]
    },
    {
        "class": "Car",
        "extent": [
            1.1454535722732544,
            2.0333523750305176,
            0.8025798797607422
        ],
        "position": [
            45.70215920851764,
            -8.117090528664152,
            -2.6793544414010015
        ],
        "yaw": 0.7624654169346672,
        "num_points": 0,
        "distance": 46.49466050197462,
        "speed": 1.688214516054615,
        "brake": 0.0,
        "id": 2651,
        "ego_matrix": [
            [
                -0.6961684823036194,
                -0.7178364992141724,
                -0.007749870885163546,
                372.3214111328125
            ],
            [
                0.7178036570549011,
                -0.6962112784385681,
                0.006912277080118656,
                1.5136467218399048
            ],
            [
                -0.010357432998716831,
                -0.0007507759146392345,
                0.9999460577964783,
                0.009431304410099983
            ],
            [
                0.0,
                0.0,
                0.0,
                1.0
            ]
        ]
    },
    {
        "class": "Car",
        "extent": [
            1.8548461198806763,
            4.6045098304748535,
            1.9315931797027588
        ],
        "position": [
            43.272207294312324,
            -10.636077744346325,
            -2.6661209799325314
        ],
        "yaw": 0.7620795248927144,
        "num_points": 2,
        "distance": 44.63987315153743,
        "speed": 1.1663259564967734,
        "brake": 0.0,
        "id": 2659,
        "ego_matrix": [
            [
                -0.6959024667739868,
                -0.7181114554405212,
                0.0059670256450772285,
                369.821044921875
            ],
            [
                0.7180837988853455,
                -0.6959280967712402,
                -0.006299909669905901,
                -0.9354921579360962
            ],
            [
                0.008676658384501934,
                -9.929830412147567e-05,
                0.999962329864502,
                0.014555835165083408
            ],
            [
                0.0,
                0.0,
                0.0,
                1.0
            ]
        ]
    }
]