[
    {
        "class": "Car",
        "extent": [
            1.5107464790344238,
            4.901683330535889,
            2.128324270248413
        ],
        "position": [
            -1.3,
            0.0,
            -2.5
        ],
        "yaw": 0,
        "num_points": -1,
        "distance": -1,
        "speed": 4.438181892658851,
        "brake": 0.0,
        "id": 2402,
        "ego_matrix": [
            [
                -0.007743076886981726,
                -0.999970018863678,
                1.2107497241231613e-05,
                380.7825012207031
            ],
            [
                0.9999687671661377,
                -0.007743086665868759,
                -0.0015636206371709704,
                -43.52742004394531
            ],
            [
                0.0015636675525456667,
                -1.1641532182693481e-10,
                0.9999987483024597,
                0.03263896703720093
            ],
            [
                0.0,
                0.0,
                0.0,
                1.0
            ]
        ]
    },
    {
        "class": "Car",
        "extent": [
            1.50146484375,
            3.633375883102417,
            1.845113754272461
        ],
        "position": [
            47.449615364372946,
            -6.7871281225281805,
            -2.6212076405232954
        ],
        "yaw": 0.7759300930899986,
        "num_points": 0,
        "distance": 48.004185607853906,
        "speed": 4.63725106071923,
        "brake": 0.0,
        "id": 2411,
        "ego_matrix": [
            [
                -0.7058771252632141,
                -0.7083225846290588,
                0.004071525763720274,
                373.61810302734375
            ],
            [
                0.7083165645599365,
                -0.7058883905410767,
                -0.003029969520866871,
                5.168312072753906
            ],
            [
                0.005020239390432835,
                0.0007451429264619946,
                0.9999871253967285,
                -0.012340335175395012
            ],
            [
                0.0,
                0.0,
                0.0,
                1.0
            ]
        ]
    },
    {
        "class": "Car",
        "extent": [
            1.300939917564392,
            4.717525005340576,
            1.894826889038086
        ],
        "position": [
            7.886641534344405,
            31.500269883292024,
            -2.553032768594973
        ],
        "yaw": -3.1416760105319126,
        "num_points": 0,
        "distance": 32.57275078541879,
        "speed": 4.115373017641926,
        "brake": 0.0,
        "id": 2429,
        "ego_matrix": [
            [
                0.0076596736907958984,
                0.9999706745147705,
                -2.4005837531149155e-06,
                412.210693359375
            ],
            [
                -0.9999706149101257,
                0.007659674156457186,
                0.0003170875716023147,
                -34.09707260131836
            ],
            [
                0.00031709668110124767,
                -2.8274369512359954e-08,
                0.9999999403953552,
                -0.0060288808308541775
            ],
            [
                0.0,
                0.0,
                0.0,
                1.0
            ]
        ]
    },
    {
        "class": "Car",
        "extent": [
            1.8779358863830566,
            3.866220712661743,
            1.9051965475082397
        ],
        "position": [
            -46.15132956074444,
            6.996427700520503,
            -2.453886556294498
        ],
        "yaw": -0.00010825749831200326,
        "num_points": 2,
        "distance": 46.743093393828964,
        "speed": 4.095837095265217,
        "brake": 0.0,
        "id": 2432,
        "ego_matrix": [
            [
                -0.007634773384779692,
                -0.9999708533287048,
                0.00013340741861611605,
                388.1260070800781
            ],
            [
                0.9999610781669617,
                -0.007635288871824741,
                -0.004427244421094656,
                -88.32324981689453
            ],
            [
                0.004428133834153414,
                9.960122406482697e-05,
                0.9999902248382568,
                0.00861978530883789
            ],
            [
                0.0,
                0.0,
                0.0,
                1.0
            ]
        ]
    },
    {
        "class": "Car",
        "extent": [
            1.2511454820632935,
            2.2094459533691406,
            0.8670341968536377
        ],
        "position": [
            -10.147789459553525,
            31.49887248466065,
            -2.5539169841946436
        ],
        "yaw": -3.1416806710638205,
        "num_points": 0,
        "distance": 33.191551495561264,
        "speed": 4.642762021777735,
        "brake": 0.04679149389266968,
        "id": 2452,
        "ego_matrix": [
            [
                0.007654999382793903,
                0.9999706745147705,
                2.501177732483484e-05,
                412.34893798828125
            ],
            [
                -0.9999672770500183,
                0.007655038498342037,
                -0.0026103267446160316,
                -52.130950927734375
            ],
            [
                -0.0026104417629539967,
                -5.02890907227993e-06,
                0.9999966025352478,
                -0.03511295095086098
            ],
            [
                0.0,
                0.0,
                0.0,
                1.0
            ]
        ]
    },
    {
        "class": "Car",
        "extent": [
            1.6672759056091309,
            4.611005783081055,
            2.241713285446167
        ],
        "position": [
            -19.14562829037021,
            6.998595060192927,
            -2.4336378374615286
        ],
        "yaw": -8.815063208200691e-05,
        "num_points": 17,
        "distance": 20.52944248082508,
        "speed": 4.243632843287388,
        "brake": 0.0,
        "id": 2477,
        "ego_matrix": [
            [
                -0.007654714398086071,
                -0.9999706745147705,
                4.872163481195457e-05,
                387.9190673828125
            ],
            [
                0.9999498128890991,
                -0.0076548694632947445,
                -0.0064557879231870174,
                -61.31840515136719
            ],
            [
                0.006455972325056791,
                -6.980262128308823e-07,
                0.9999791383743286,
                0.07109642028808594
            ],
            [
                0.0,
                0.0,
                0.0,
                1.0
            ]
        ]
    },
    {
        "class": "Car",
        "extent": [
            1.4738311767578125,
            4.1928300857543945,
            1.8161858320236206
        ],
        "position": [
            -10.058787642725044,
            20.999063438904674,
            -2.5246074003594434
        ],
        "yaw": -3.1415885256901035,
        "num_points": 0,
        "distance": 23.42036542581116,
        "speed": 4.0871499134230715,
        "brake": 0.0,
        "id": 2485,
        "ego_matrix": [
            [
                0.0077471607364714146,
                0.999970018863678,
                -1.4310263395600487e-05,
                401.8487548828125
            ],
            [
                -0.9999686479568481,
                0.0077471742406487465,
                0.0016408534720540047,
                -52.12329864501953
            ],
            [
                0.0016409150557592511,
                1.597858386048756e-06,
                0.9999986290931702,
                -0.005664234049618244
            ],
            [
                0.0,
                0.0,
                0.0,
                1.0
            ]
        ]
    },
    {
        "class": "Car",
        "extent": [
            1.300939917564392,
            4.717525005340576,
            1.894826889038086
        ],
        "position": [
            7.886913666498811,
            28.000258629799408,
            -2.553033270083216
        ],
        "yaw": -3.14167534474164,
        "num_points": 4,
        "distance": 29.201641553115017,
        "speed": 4.115372560481023,
        "brake": 0.0,
        "id": 2487,
        "ego_matrix": [
            [
                0.007660388946533203,
                0.9999706745147705,
                -2.3967907054611715e-06,
                408.7107849121094
            ],
            [
                -0.9999706149101257,
                0.00766038941219449,
                0.0003172068390995264,
                -34.1239013671875
            ],
            [
                0.00031721589039079845,
                -3.320746699841948e-08,
                0.9999999403953552,
                -0.006028957199305296
            ],
            [
                0.0,
                0.0,
                0.0,
                1.0
            ]
        ]
    },
    {
        "class": "Car",
        "extent": [
            1.0795789957046509,
            1.4872888326644897,
            0.8592574596405029
        ],
        "position": [
            -30.236858585702898,
            24.49475232880493,
            -2.485084213854265
        ],
        "yaw": -3.149558834200493,
        "num_points": 0,
        "distance": 38.99277051366364,
        "speed": 2.4844488655754082,
        "brake": 0.0,
        "id": 2494,
        "ego_matrix": [
            [
                -0.00022308404732029885,
                0.9999969601631165,
                -0.002462690230458975,
                405.5005798339844
            ],
            [
                -0.9999988675117493,
                -0.00022677687229588628,
                -0.0014993366785347462,
                -72.27373504638672
            ],
            [
                -0.0014998905826359987,
                0.0024623528588563204,
                0.9999958276748657,
                0.0023071097675710917
            ],
            [
                0.0,
                0.0,
                0.0,
                1.0
            ]
        ]
    },
    {
        "class": "Car",
        "extent": [
            1.488319993019104,
            4.791779518127441,
            2.163450002670288
        ],
        "position": [
            7.916658877236666,
            21.00037059401676,
            -2.545990348543895
        ],
        "yaw": -3.141679206325221,
        "num_points": 1,
        "distance": 22.586967917793938,
        "speed": 4.175296144355224,
        "brake": 0.0,
        "id": 2517,
        "ego_matrix": [
            [
                0.007656571920961142,
                0.9999706745147705,
                -6.207208571140654e-06,
                401.71087646484375
            ],
            [
                -0.9999703168869019,
                0.007656574714928865,
                0.000821805268060416,
                -34.14836883544922
            ],
            [
                0.0008218287257477641,
                -8.518690464143219e-08,
                0.9999996423721313,
                0.0010604667477309704
            ],
            [
                0.0,
                0.0,
                0.0,
                1.0
            ]
        ]
    },
    {
        "class": "Car",
        "extent": [
            1.8548461198806763,
            4.6045098304748535,
            1.9315931797027588
        ],
        "position": [
            -19.215366555358887,
            10.498465919826069,
            -2.4966959040251875
        ],
        "yaw": -9.693906367891358e-05,
        "num_points": 13,
        "distance": 22.03818479284831,
        "speed": 3.665347799685068,
        "brake": 0.0,
        "id": 2544,
        "ego_matrix": [
            [
                -0.007645583711564541,
                -0.9999707937240601,
                9.163174399873242e-05,
                391.41937255859375
            ],
            [
                0.999893844127655,
                -0.007646132260560989,
                -0.01240676548331976,
                -61.36094284057617
            ],
            [
                0.01240710262209177,
                -3.2349489629268646e-06,
                0.999923050403595,
                0.007929381914436817
            ],
            [
                0.0,
                0.0,
                0.0,
                1.0
            ]
        ]
    },
    {
        "class": "Car",
        "extent": [
            1.1256572008132935,
            1.8354405164718628,
            0.3289288878440857
        ],
        "position": [
            23.37514777747851,
            20.40932574710791,
            -2.5847715745111484
        ],
        "yaw": -2.9776768195501244,
        "num_points": 0,
        "distance": 31.138708309159536,
        "speed": 1.962805803653283,
        "brake": 0.0,
        "id": 2559,
        "ego_matrix": [
            [
                0.17081649601459503,
                0.9853019714355469,
                -0.001316640293225646,
                401.0001525878906
            ],
            [
                -0.9852989315986633,
                0.17081943154335022,
                0.0025868723168969154,
                -18.69487762451172
            ],
            [
                0.0027737580239772797,
                0.0008554038358852267,
                0.999995768070221,
                -0.013548774644732475
            ],
            [
                0.0,
                0.0,
                0.0,
                1.0
            ]
        ]
    },
    {
        "class": "Car",
        "extent": [
            1.1454535722732544,
            2.0333523750305176,
            0.8025798797607422
        ],
        "position": [
            23.26143439425785,
            23.967542181596937,
            -2.567379598722697
        ],
        "yaw": -2.9895302832459585,
        "num_points": 0,
        "distance": 33.49819168714825,
        "speed": 7.991636722246824,
        "brake": 0.0,
        "id": 2561,
        "ego_matrix": [
            [
                0.15910887718200684,
                0.9872073531150818,
                -0.010297365486621857,
                404.55914306640625
            ],
            [
                -0.9871509075164795,
                0.15892668068408966,
                -0.01659458875656128,
                -18.781063079833984
            ],
            [
                -0.014745772816240788,
                0.012805399484932423,
                0.9998092651367188,
                0.0036653708666563034
            ],
            [
                0.0,
                0.0,
                0.0,
                1.0
            ]
        ]
    },
    {
        "class": "Car",
        "extent": [
            1.6355280876159668,
            5.0267767906188965,
            2.1515462398529053
        ],
        "position": [
            -30.867937435675014,
            31.49764256908766,
            -2.357942060544299
        ],
        "yaw": -3.1416444520729954,
        "num_points": 5,
        "distance": 44.16436277932281,
        "speed": 4.110021632211851,
        "brake": 0.0,
        "id": 2570,
        "ego_matrix": [
            [
                0.007690995465964079,
                0.9999704360961914,
                -0.00029802994686178863,
                412.5081481933594
            ],
            [
                -0.9999355673789978,
                0.007693215738981962,
                0.008346561342477798,
                -72.85076904296875
            ],
            [
                0.008348606526851654,
                0.0002338173653697595,
                0.9999651312828064,
                0.1284623146057129
            ],
            [
                0.0,
                0.0,
                0.0,
                1.0
            ]
        ]
    },
    {
        "class": "Car",
        "extent": [
            1.488319993019104,
            4.791779518127441,
            2.163450002670288
        ],
        "position": [
            -10.002834916608025,
            27.999004524846132,
            -2.517970107664865
        ],
        "yaw": -3.141678540534948,
        "num_points": 9,
        "distance": 29.83858465501272,
        "speed": 4.175296196493459,
        "brake": 0.0,
        "id": 2577,
        "ego_matrix": [
            [
                0.0076571679674088955,
                0.9999706745147705,
                -6.240963102754904e-06,
                408.8480529785156
            ],
            [
                -0.9999703168869019,
                0.007657170761376619,
                0.0008218050352297723,
                -52.01315689086914
            ],
            [
                0.0008218287257477641,
                -5.192123353481293e-08,
                0.9999996423721313,
                0.001060542999766767
            ],
            [
                0.0,
                0.0,
                0.0,
                1.0
            ]
        ]
    },
    {
        "class": "Car",
        "extent": [
            1.6171096563339233,
            3.987684965133667,
            1.8508483171463013
        ],
        "position": [
            25.23323121484096,
            27.199154010648925,
            -2.5365604407353004
        ],
        "yaw": -2.967755878699307,
        "num_points": 2,
        "distance": 37.18795605173975,
        "speed": 4.0533916138001285,
        "brake": 0.0,
        "id": 2582,
        "ego_matrix": [
            [
                0.18058353662490845,
                0.9835596680641174,
                -6.2638966483064e-05,
                407.775390625
            ],
            [
                -0.9835585355758667,
                0.1805834323167801,
                0.001485705841332674,
                -16.784353256225586
            ],
            [
                0.0014725917717441916,
                -0.00020668492652475834,
                0.999998927116394,
                0.03756772726774216
            ],
            [
                0.0,
                0.0,
                0.0,
                1.0
            ]
        ]
    },
    {
        "class": "Car",
        "extent": [
            1.3787471055984497,
            2.2072951793670654,
            1.4809197187423706
        ],
        "position": [
            -29.90921829035118,
            20.997855832406326,
            -2.484481344546009
        ],
        "yaw": -3.141595716225047,
        "num_points": 0,
        "distance": 36.628458005351455,
        "speed": 2.409095054156509,
        "brake": 0.0,
        "id": 2587,
        "ego_matrix": [
            [
                0.007739284075796604,
                0.999970018863678,
                -0.00010392469994258136,
                402.0012512207031
            ],
            [
                -0.9998750686645508,
                0.007739981170743704,
                0.013778573833405972,
                -71.97318267822266
            ],
            [
                0.013778965920209885,
                -2.7245841920375824e-06,
                0.9999050498008728,
                0.0034222984686493874
            ],
            [
                0.0,
                0.0,
                0.0,
                1.0
            ]
        ]
    },
    {
        "class": "Car",
        "extent": [
            1.6493593454360962,
            4.855708599090576,
            2.0327565670013428
        ],
        "position": [
            25.80051650395508,
            30.653601865147557,
            -2.586205507030522
        ],
        "yaw": -2.9679825137080726,
        "num_points": 2,
        "distance": 40.14970009978196,
        "speed": 3.943744536853173,
        "brake": 0.0,
        "id": 2590,
        "ego_matrix": [
            [
                0.18035660684108734,
                0.9836010336875916,
                -0.00070473353844136,
                411.225341796875
            ],
            [
                -0.9835773706436157,
                0.1803571730852127,
                0.0068420828320086,
                -16.19025993347168
            ],
            [
                0.006856983527541161,
                -0.000540854933205992,
                0.999976396560669,
                -0.011190233752131462
            ],
            [
                0.0,
                0.0,
                0.0,
                1.0
            ]
        ]
    },
    {
        "class": "Car",
        "extent": [
            1.4106584787368774,
            5.357479572296143,
            2.033203125
        ],
        "position": [
            -26.37823661509381,
            -7.276645705330247,
            -2.5012609973789504
        ],
        "yaw": 1.5504218128752454,
        "num_points": 11,
        "distance": 27.477577153377005,
        "speed": 4.317745995079874,
        "brake": 0.0,
        "id": 2593,
        "ego_matrix": [
            [
                -0.9999065399169922,
                -0.012629849836230278,
                0.005234770476818085,
                373.70025634765625
            ],
            [
                0.012630819343030453,
                -0.9999202489852905,
                0.00015227097901515663,
                -68.66121673583984
            ],
            [
                0.005232429131865501,
                0.00021837618260178715,
                0.9999862909317017,
                -0.00783605594187975
            ],
            [
                0.0,
                0.0,
                0.0,
                1.0
            ]
        ]
    },
    {
        "class": "Car",
        "extent": [
            1.8779358863830566,
            3.866220712661743,
            1.9051965475082397
        ],
        "position": [
            -18.94650808577781,
            -0.0012318653370290453,
            -2.4964214600969052
        ],
        "yaw": -0.00016391756509470667,
        "num_points": 10,
        "distance": 19.110266619499807,
        "speed": 4.095236498382812,
        "brake": 0.0,
        "id": 2600,
        "ego_matrix": [
            [
                -0.007579104043543339,
                -0.9999712705612183,
                0.00013529357966035604,
                380.91790771484375
            ],
            [
                0.9999614357948303,
                -0.007579628843814135,
                -0.004427473526448011,
                -61.17339324951172
            ],
            [
                0.004428371787071228,
                0.00010173208283958957,
                0.9999901652336121,
                0.008624229580163956
            ],
            [
                0.0,
                0.0,
                0.0,
                1.0
            ]
        ]
    },
    {
        "class": "Car",
        "extent": [
            1.1256572008132935,
            1.8354405164718628,
            0.3289288878440857
        ],
        "position": [
            -10.321800023648517,
            24.499848005149257,
            -2.532080419047539
        ],
        "yaw": -3.14030501520274,
        "num_points": 0,
        "distance": 26.7056836507162,
        "speed": 1.9629478123810198,
        "brake": 0.0,
        "id": 2601,
        "ego_matrix": [
            [
                0.009030616842210293,
                0.9999592304229736,
                -3.8935271732043475e-05,
                405.3514709472656
            ],
            [
                -0.9999553561210632,
                0.009030690416693687,
                0.00277781137265265,
                -52.35918426513672
            ],
            [
                0.002778049558401108,
                1.3848183698428329e-05,
                0.9999961256980896,
                -0.01354850735515356
            ],
            [
                0.0,
                0.0,
                0.0,
                1.0
            ]
        ]
    },
    {
        "class": "Car",
        "extent": [
            1.3787471055984497,
            2.2072951793670654,
            1.4809197187423706
        ],
        "position": [
            -19.741249660074985,
            3.498426126916167,
            -2.5003809708308795
        ],
        "yaw": -2.596582062852626e-05,
        "num_points": 7,
        "distance": 20.204153743876372,
        "speed": 2.4091373171002757,
        "brake": 0.0,
        "id": 2646,
        "ego_matrix": [
            [
                -0.007716367021203041,
                -0.9999701976776123,
                0.00010335509432479739,
                384.4236145019531
            ],
            [
                0.9998753070831299,
                -0.00771705899387598,
                -0.013773569837212563,
                -61.94100570678711
            ],
            [
                0.013773958198726177,
                -2.9397194794000825e-06,
                0.9999051094055176,
                0.0034220123197883368
            ],
            [
                0.0,
                0.0,
                0.0,
                1.0
            ]
        ]
    },
    {
        "class": "Car",
        "extent": [
            1.1454535722732544,
            2.0333523750305176,
            0.8025798797607422
        ],
        "position": [
            45.07589418745345,
            -9.357556827214239,
            -2.5953414917988233
        ],
        "yaw": 0.7810646676716715,
        "num_points": 1,
        "distance": 46.110041249516314,
        "speed": 4.5328895836488,
        "brake": 0.0,
        "id": 2651,
        "ego_matrix": [
            [
                -0.7094935774803162,
                -0.704653263092041,
                -0.009088472463190556,
                371.0661315917969
            ],
            [
                0.7046717405319214,
                -0.7095317840576172,
                0.0015237464103847742,
                2.774721384048462
            ],
            [
                -0.00752227334305644,
                -0.005323301535099745,
                0.9999575018882751,
                0.009814071469008923
            ],
            [
                0.0,
                0.0,
                0.0,
                1.0
            ]
        ]
    },
    {
        "class": "Car",
        "extent": [
            1.8548461198806763,
            4.6045098304748535,
            1.9315931797027588
        ],
        "position": [
            42.36136574921939,
            -11.594829317826344,
            -2.58703335109924
        ],
        "yaw": 0.77108420517049,
        "num_points": 3,
        "distance": 43.995660201983135,
        "speed": 3.6630164896843644,
        "brake": 0.0,
        "id": 2659,
        "ego_matrix": [
            [
                -0.702385425567627,
                -0.7117289900779724,
                0.009824094362556934,
                368.8499450683594
            ],
            [
                0.7116771340370178,
                -0.7024535536766052,
                -0.008638485334813595,
                0.04294116795063019
            ],
            [
                0.01304923091083765,
                0.0009240374783985317,
                0.9999144077301025,
                0.013877581804990768
            ],
            [
                0.0,
                0.0,
                0.0,
                1.0
            ]
        ]
    }
]