[
    {
        "class": "Car",
        "extent": [
            1.5107464790344238,
            4.901683330535889,
            2.128324270248413
        ],
        "position": [
            -1.3,
            0.0,
            -2.5
        ],
        "yaw": 0,
        "num_points": -1,
        "distance": -1,
        "speed": 3.7062031532611694,
        "brake": 0.0,
        "id": 2402,
        "ego_matrix": [
            [
                -0.007395957130938768,
                -0.9999726414680481,
                -1.8665134120965376e-05,
                380.7673645019531
            ],
            [
                0.999972403049469,
                -0.0073959678411483765,
                0.0006518352893181145,
                -41.47431182861328
            ],
            [
                -0.0006519554881379008,
                -1.3843672604707535e-05,
                0.9999997615814209,
                0.03374172002077103
            ],
            [
                0.0,
                0.0,
                0.0,
                1.0
            ]
        ]
    },
    {
        "class": "Car",
        "extent": [
            1.50146484375,
            3.633375883102417,
            1.845113754272461
        ],
        "position": [
            46.96922631910358,
            -8.47361806242953,
            -2.5117153636495546
        ],
        "yaw": 0.8148238297558972,
        "num_points": 0,
        "distance": 47.79350518795517,
        "speed": 4.564051337556131,
        "brake": 0.0,
        "id": 2411,
        "ego_matrix": [
            [
                -0.732658326625824,
                -0.680595874786377,
                0.0010039270855486393,
                371.9369812011719
            ],
            [
                0.6805964708328247,
                -0.7326582670211792,
                0.00047994364285841584,
                6.730907440185547
            ],
            [
                0.00040888783405534923,
                0.0010349039221182466,
                0.9999994039535522,
                -0.009560337290167809
            ],
            [
                0.0,
                0.0,
                0.0,
                1.0
            ]
        ]
    },
    {
        "class": "Car",
        "extent": [
            1.300939917564392,
            4.717525005340576,
            1.894826889038086
        ],
        "position": [
            3.649272161457363,
            31.49770074819393,
            -2.536864551611653
        ],
        "yaw": -3.141328867483821,
        "num_points": 0,
        "distance": 31.80971583470038,
        "speed": 4.550666261465131,
        "brake": 0.0,
        "id": 2429,
        "ego_matrix": [
            [
                0.007659674156457186,
                0.9999706745147705,
                -5.71767031942727e-07,
                412.22760009765625
            ],
            [
                -0.9999706745147705,
                0.007659674156457186,
                7.509967690566555e-05,
                -36.29224395751953
            ],
            [
                7.510185241699219e-05,
                -3.488821453956348e-09,
                1.0,
                -0.005913486238569021
            ],
            [
                0.0,
                0.0,
                0.0,
                1.0
            ]
        ]
    },
    {
        "class": "Car",
        "extent": [
            1.8779358863830566,
            3.866220712661743,
            1.9051965475082397
        ],
        "position": [
            -46.04766496911557,
            7.011554564034393,
            -2.553265446605664
        ],
        "yaw": 0.0002383529175620236,
        "num_points": 1,
        "distance": 46.64834949870333,
        "speed": 4.439950070105647,
        "brake": 0.0,
        "id": 2432,
        "ego_matrix": [
            [
                -0.007634249981492758,
                -0.9999708533287048,
                9.046157356351614e-05,
                388.10968017578125
            ],
            [
                0.9999706149101257,
                -0.007634310517460108,
                -0.0006860939902253449,
                -86.1689224243164
            ],
            [
                0.000686764600686729,
                8.52211014716886e-05,
                0.9999997615814209,
                0.009746837429702282
            ],
            [
                0.0,
                0.0,
                0.0,
                1.0
            ]
        ]
    },
    {
        "class": "Car",
        "extent": [
            1.2511454820632935,
            2.2094459533691406,
            0.8670341968536377
        ],
        "position": [
            -14.607395836491111,
            31.50247559437304,
            -2.5780200318448134
        ],
        "yaw": -3.1413351259123825,
        "num_points": 0,
        "distance": 34.8199392443841,
        "speed": 4.731873568829449,
        "brake": 0.0,
        "id": 2452,
        "ego_matrix": [
            [
                0.007653475739061832,
                0.9999707341194153,
                3.3463525141996797e-06,
                412.3674011230469
            ],
            [
                -0.9999707341194153,
                0.007653475739061832,
                2.994801980094053e-05,
                -54.54840087890625
            ],
            [
                2.992152985825669e-05,
                -3.575460823412868e-06,
                1.0,
                -0.03516635671257973
            ],
            [
                0.0,
                0.0,
                0.0,
                1.0
            ]
        ]
    },
    {
        "class": "Car",
        "extent": [
            1.6672759056091309,
            4.611005783081055,
            2.241713285446167
        ],
        "position": [
            -18.910080210672245,
            7.004256503076022,
            -2.4715039058194628
        ],
        "yaw": 0.00025885925795576803,
        "num_points": 24,
        "distance": 20.31647297863046,
        "speed": 4.641059521175242,
        "brake": 0.0,
        "id": 2477,
        "ego_matrix": [
            [
                -0.007654753979295492,
                -0.9999706745147705,
                3.3629605695750797e-06,
                387.90167236328125
            ],
            [
                0.999970555305481,
                -0.007654754910618067,
                -0.0004434457514435053,
                -59.03208541870117
            ],
            [
                0.0004434585280250758,
                -3.1606756323299123e-08,
                0.9999998807907104,
                0.07381576299667358
            ],
            [
                0.0,
                0.0,
                0.0,
                1.0
            ]
        ]
    },
    {
        "class": "Car",
        "extent": [
            1.4738311767578125,
            4.1928300857543945,
            1.8161858320236206
        ],
        "position": [
            -14.294377193732828,
            21.00282566925908,
            -2.548104083512351
        ],
        "yaw": -3.141220609985509,
        "num_points": 0,
        "distance": 25.533130240344793,
        "speed": 4.700437729066994,
        "brake": 0.0,
        "id": 2485,
        "ego_matrix": [
            [
                0.007768029812723398,
                0.9999698400497437,
                -6.875085091451183e-06,
                401.86572265625
            ],
            [
                -0.9999695420265198,
                0.007768033072352409,
                0.0007478881161659956,
                -54.313026428222656
            ],
            [
                0.0007479189662262797,
                1.0652582886905293e-06,
                0.9999997019767761,
                -0.005599841941148043
            ],
            [
                0.0,
                0.0,
                0.0,
                1.0
            ]
        ]
    },
    {
        "class": "Car",
        "extent": [
            1.300939917564392,
            4.717525005340576,
            1.894826889038086
        ],
        "position": [
            3.6483331233856315,
            27.99768965680971,
            -2.536816672616665
        ],
        "yaw": -3.141328201693548,
        "num_points": 1,
        "distance": 28.34812867772206,
        "speed": 4.550665809129,
        "brake": 0.0,
        "id": 2487,
        "ego_matrix": [
            [
                0.00766038941219449,
                0.9999706745147705,
                -5.596047571998497e-07,
                408.7276916503906
            ],
            [
                -0.9999706745147705,
                0.00766038941219449,
                7.509977149311453e-05,
                -36.319068908691406
            ],
            [
                7.510185241699219e-05,
                -1.5705152733858085e-08,
                1.0,
                -0.005913448054343462
            ],
            [
                0.0,
                0.0,
                0.0,
                1.0
            ]
        ]
    },
    {
        "class": "Car",
        "extent": [
            1.0795789957046509,
            1.4872888326644897,
            0.8592574596405029
        ],
        "position": [
            -33.51777738345012,
            24.497281323825643,
            -2.552718954474771
        ],
        "yaw": -3.146098988470316,
        "num_points": 0,
        "distance": 41.5941650600864,
        "speed": 2.462051232352503,
        "brake": 0.0,
        "id": 2494,
        "ego_matrix": [
            [
                0.0028897046577185392,
                0.9999953508377075,
                0.0009823291329666972,
                405.50225830078125
            ],
            [
                -0.9999958276748657,
                0.0028897414449602365,
                -3.602371725719422e-05,
                -73.51005554199219
            ],
            [
                -3.886222839355469e-05,
                -0.0009822208667173982,
                0.9999995231628418,
                0.002366466447710991
            ],
            [
                0.0,
                0.0,
                0.0,
                1.0
            ]
        ]
    },
    {
        "class": "Car",
        "extent": [
            1.488319993019104,
            4.791779518127441,
            2.163450002670288
        ],
        "position": [
            3.654670360192118,
            20.997789406762674,
            -2.5295350402498453
        ],
        "yaw": -3.1413300659063115,
        "num_points": 0,
        "distance": 21.463045518571526,
        "speed": 4.603798277930926,
        "brake": 0.0,
        "id": 2517,
        "ego_matrix": [
            [
                0.007658482063561678,
                0.9999706745147705,
                -1.556850406814192e-06,
                401.7279357910156
            ],
            [
                -0.9999706745147705,
                0.007658482063561678,
                0.00020706067152787,
                -36.364498138427734
            ],
            [
                0.0002070665213977918,
                -2.896558548570738e-08,
                1.0,
                0.0012671470176428556
            ],
            [
                0.0,
                0.0,
                0.0,
                1.0
            ]
        ]
    },
    {
        "class": "Car",
        "extent": [
            1.8548461198806763,
            4.6045098304748535,
            1.9315931797027588
        ],
        "position": [
            -19.23544360083156,
            10.504141901218052,
            -2.5352671440420713
        ],
        "yaw": 0.00024527713639632687,
        "num_points": 22,
        "distance": 22.06279372820577,
        "speed": 4.308649802121354,
        "brake": 0.0,
        "id": 2544,
        "ego_matrix": [
            [
                -0.007641143631190062,
                -0.9999707937240601,
                1.785546737664845e-05,
                391.40386962890625
            ],
            [
                0.9999679327011108,
                -0.00764116458594799,
                -0.002384593477472663,
                -59.33159637451172
            ],
            [
                0.0023846602998673916,
                -3.6612615872400056e-07,
                0.9999971389770508,
                0.010313110426068306
            ],
            [
                0.0,
                0.0,
                0.0,
                1.0
            ]
        ]
    },
    {
        "class": "Car",
        "extent": [
            1.1256572008132935,
            1.8354405164718628,
            0.3289288878440857
        ],
        "position": [
            20.28797970810795,
            20.556526496896048,
            -2.5335489125909865
        ],
        "yaw": -2.992623012219867,
        "num_points": 0,
        "distance": 28.992960737852908,
        "speed": 2.282724793430027,
        "brake": 0.0,
        "id": 2559,
        "ego_matrix": [
            [
                0.15572892129421234,
                0.9877983331680298,
                -0.001693166559562087,
                401.1636657714844
            ],
            [
                -0.9877973794937134,
                0.15573209524154663,
                0.0019327278714627028,
                -19.734912872314453
            ],
            [
                0.0021728258579969406,
                0.001371523947454989,
                0.9999966621398926,
                -0.01359701156616211
            ],
            [
                0.0,
                0.0,
                0.0,
                1.0
            ]
        ]
    },
    {
        "class": "Car",
        "extent": [
            1.1454535722732544,
            2.0333523750305176,
            0.8025798797607422
        ],
        "position": [
            16.68959742152924,
            24.49736721271632,
            -2.5199594417598052
        ],
        "yaw": -3.0459722541246617,
        "num_points": 3,
        "distance": 29.749182476758893,
        "speed": 9.786960314670067,
        "brake": 0.0,
        "id": 2561,
        "ego_matrix": [
            [
                0.1028328388929367,
                0.9945429563522339,
                -0.017599886283278465,
                405.1310119628906
            ],
            [
                -0.9946839809417725,
                0.10271900147199631,
                -0.00725677702575922,
                -23.304040908813477
            ],
            [
                -0.005409333389252424,
                0.018252559006214142,
                0.9998188018798828,
                0.002392997732385993
            ],
            [
                0.0,
                0.0,
                0.0,
                1.0
            ]
        ]
    },
    {
        "class": "Car",
        "extent": [
            1.6355280876159668,
            5.0267767906188965,
            2.1515462398529053
        ],
        "position": [
            -35.04290800008554,
            31.508503917473416,
            -2.4273921939360847
        ],
        "yaw": -3.141294113231595,
        "num_points": 6,
        "distance": 47.187746853214755,
        "speed": 4.351426738589261,
        "brake": 0.0,
        "id": 2570,
        "ego_matrix": [
            [
                0.007694276049733162,
                0.9999703764915466,
                -0.0002901738916989416,
                412.5245666503906
            ],
            [
                -0.9999435544013977,
                0.007696195039898157,
                0.00732213631272316,
                -74.98320770263672
            ],
            [
                0.007324152626097202,
                0.00023381899518426508,
                0.9999731779098511,
                0.12878458201885223
            ],
            [
                0.0,
                0.0,
                0.0,
                1.0
            ]
        ]
    },
    {
        "class": "Car",
        "extent": [
            1.488319993019104,
            4.791779518127441,
            2.163450002670288
        ],
        "position": [
            -14.28340686760991,
            28.00254900620553,
            -2.541374717424206
        ],
        "yaw": -3.1413327290674014,
        "num_points": 3,
        "distance": 31.53754981042426,
        "speed": 4.819982408961945,
        "brake": 0.0,
        "id": 2577,
        "ego_matrix": [
            [
                0.007655859459191561,
                0.9999706745147705,
                -2.6384602733742213e-06,
                408.86517333984375
            ],
            [
                -0.9999706149101257,
                0.007655859924852848,
                0.00034998852061107755,
                -54.250282287597656
            ],
            [
                0.00034999847412109375,
                -4.1080053136965944e-08,
                0.9999999403953552,
                0.0012192726135253906
            ],
            [
                0.0,
                0.0,
                0.0,
                1.0
            ]
        ]
    },
    {
        "class": "Car",
        "extent": [
            1.6171096563339233,
            3.987684965133667,
            1.8508483171463013
        ],
        "position": [
            21.001537545511972,
            27.526442511822413,
            -2.4814037563293447
        ],
        "yaw": -2.9883017670351046,
        "num_points": 6,
        "distance": 34.71205815324321,
        "speed": 4.56753556119506,
        "brake": 0.0,
        "id": 2582,
        "ego_matrix": [
            [
                0.15999631583690643,
                0.9871175289154053,
                0.0003289126616436988,
                408.12811279296875
            ],
            [
                -0.98711758852005,
                0.15999622642993927,
                0.00025692139752209187,
                -18.969791412353516
            ],
            [
                0.00020098684763070196,
                -0.00036578194703906775,
                0.9999999403953552,
                0.038179416209459305
            ],
            [
                0.0,
                0.0,
                0.0,
                1.0
            ]
        ]
    },
    {
        "class": "Car",
        "extent": [
            1.3787471055984497,
            2.2072951793670654,
            1.4809197187423706
        ],
        "position": [
            -33.478307782653424,
            21.008250558772442,
            -2.5519651036204003
        ],
        "yaw": -3.141245111067538,
        "num_points": 0,
        "distance": 39.60626477491069,
        "speed": 3.6366023718090266,
        "brake": 0.0,
        "id": 2587,
        "ego_matrix": [
            [
                0.007742981426417828,
                0.999970018863678,
                -8.715029252925888e-05,
                402.0130310058594
            ],
            [
                -0.9999061822891235,
                0.007743471767753363,
                0.011300463229417801,
                -73.49639129638672
            ],
            [
                0.011300799436867237,
                -3.571621789433266e-07,
                0.9999361634254456,
                0.003046283731237054
            ],
            [
                0.0,
                0.0,
                0.0,
                1.0
            ]
        ]
    },
    {
        "class": "Car",
        "extent": [
            1.6493593454360962,
            4.855708599090576,
            2.0327565670013428
        ],
        "position": [
            21.660550397410336,
            30.973212876724055,
            -2.5290258680827282
        ],
        "yaw": -2.985149516410832,
        "num_points": 1,
        "distance": 37.880276282876416,
        "speed": 4.420093080590348,
        "brake": 0.0,
        "id": 2590,
        "ego_matrix": [
            [
                0.16310712695121765,
                0.9866080284118652,
                0.0007887671235948801,
                411.5699157714844
            ],
            [
                -0.9866082072257996,
                0.16310657560825348,
                0.0007059002527967095,
                -18.285335540771484
            ],
            [
                0.0005677937297150493,
                -0.000893341435585171,
                0.9999994039535522,
                -0.009824617765843868
            ],
            [
                0.0,
                0.0,
                0.0,
                1.0
            ]
        ]
    },
    {
        "class": "Car",
        "extent": [
            1.4106584787368774,
            5.357479572296143,
            2.033203125
        ],
        "position": [
            -28.388971462932417,
            -9.508257603709856,
            -2.5553757301568516
        ],
        "yaw": 1.5507913264764939,
        "num_points": 0,
        "distance": 30.047805385817647,
        "speed": 4.594719893621138,
        "brake": 0.0,
        "id": 2593,
        "ego_matrix": [
            [
                -0.9999202489852905,
                -0.012608502991497517,
                0.0006860352004878223,
                371.459716796875
            ],
            [
                0.01260858029127121,
                -0.9999204874038696,
                0.0001080051006283611,
                -68.63289642333984
            ],
            [
                0.0006846188916824758,
                0.00011664642079267651,
                0.9999997615814209,
                -0.0041048238053917885
            ],
            [
                0.0,
                0.0,
                0.0,
                1.0
            ]
        ]
    },
    {
        "class": "Car",
        "extent": [
            1.8779358863830566,
            3.866220712661743,
            1.9051965475082397
        ],
        "position": [
            -18.845602294820523,
            0.004540794257169067,
            -2.53543457257023
        ],
        "yaw": 0.0001852228538150591,
        "num_points": 12,
        "distance": 19.015393105196154,
        "speed": 4.439136214194747,
        "brake": 0.0,
        "id": 2600,
        "ego_matrix": [
            [
                -0.007581084035336971,
                -0.9999712705612183,
                9.257637429982424e-05,
                380.90167236328125
            ],
            [
                0.9999710321426392,
                -0.007581145968288183,
                -0.0006888244533911347,
                -59.0194206237793
            ],
            [
                0.0006895064725540578,
                8.73516546562314e-05,
                0.9999997615814209,
                0.009746169671416283
            ],
            [
                0.0,
                0.0,
                0.0,
                1.0
            ]
        ]
    },
    {
        "class": "Car",
        "extent": [
            1.1256572008132935,
            1.8354405164718628,
            0.3289288878440857
        ],
        "position": [
            -13.419629273737009,
            24.503775619359594,
            -2.5555837535049335
        ],
        "yaw": -3.1411617541254184,
        "num_points": 0,
        "distance": 28.05445557785143,
        "speed": 2.2886387772827956,
        "brake": 0.0,
        "id": 2601,
        "ego_matrix": [
            [
                0.007826782763004303,
                0.9999693632125854,
                -2.349916940147523e-05,
                405.360107421875
            ],
            [
                -0.999967098236084,
                0.007826815359294415,
                0.002117631956934929,
                -53.41241455078125
            ],
            [
                0.0021177511662244797,
                6.924150056875078e-06,
                0.9999977350234985,
                -0.013601341284811497
            ],
            [
                0.0,
                0.0,
                0.0,
                1.0
            ]
        ]
    },
    {
        "class": "Car",
        "extent": [
            1.3787471055984497,
            2.2072951793670654,
            1.4809197187423706
        ],
        "position": [
            -20.269877964007808,
            3.504295332584703,
            -2.543111073359915
        ],
        "yaw": 0.0003246393368805389,
        "num_points": 11,
        "distance": 20.727167013009524,
        "speed": 3.636633774841812,
        "brake": 0.0,
        "id": 2646,
        "ego_matrix": [
            [
                -0.007720063906162977,
                -0.9999701976776123,
                8.723650535102934e-05,
                384.411865234375
            ],
            [
                0.9999063611030579,
                -0.007720556575804949,
                -0.01129891350865364,
                -60.41777801513672
            ],
            [
                0.011299250647425652,
                -0.0,
                0.9999361634254456,
                0.0030466841999441385
            ],
            [
                0.0,
                0.0,
                0.0,
                1.0
            ]
        ]
    },
    {
        "class": "Car",
        "extent": [
            1.1454535722732544,
            2.0333523750305176,
            0.8025798797607422
        ],
        "position": [
            44.61670087268466,
            -11.06823627582118,
            -2.493153941233713
        ],
        "yaw": 0.8268221694150311,
        "num_points": 0,
        "distance": 46.036633973333814,
        "speed": 4.626824210440748,
        "brake": 0.0,
        "id": 2651,
        "ego_matrix": [
            [
                -0.7407715320587158,
                -0.671732485294342,
                -0.005744041409343481,
                369.3598327636719
            ],
            [
                0.6717570424079895,
                -0.7407420873641968,
                -0.006612236145883799,
                4.359269142150879
            ],
            [
                0.00018680095672607422,
                -0.008756756782531738,
                0.9999616742134094,
                0.01049890462309122
            ],
            [
                0.0,
                0.0,
                0.0,
                1.0
            ]
        ]
    },
    {
        "class": "Car",
        "extent": [
            1.8548461198806763,
            4.6045098304748535,
            1.9315931797027588
        ],
        "position": [
            41.70101043787965,
            -13.08048661471629,
            -2.4873798130838676
        ],
        "yaw": 0.8086863087077008,
        "num_points": 0,
        "distance": 43.77511233512094,
        "speed": 4.304603976202799,
        "brake": 0.0,
        "id": 2659,
        "ego_matrix": [
            [
                -0.7284631729125977,
                -0.6850675344467163,
                0.00487934798002243,
                367.36920166015625
            ],
            [
                0.6850761771202087,
                -0.7284714579582214,
                0.00012216996401548386,
                1.428780198097229
            ],
            [
                0.003470771247521043,
                0.003431721357628703,
                0.9999880790710449,
                0.018146075308322906
            ],
            [
                0.0,
                0.0,
                0.0,
                1.0
            ]
        ]
    }
]