[
    {
        "class": "Car",
        "extent": [
            1.5107464790344238,
            4.901683330535889,
            2.128324270248413
        ],
        "position": [
            -1.3,
            0.0,
            -2.5
        ],
        "yaw": 0,
        "num_points": -1,
        "distance": -1,
        "speed": 4.122654230749521,
        "brake": 0.0,
        "id": 2402,
        "ego_matrix": [
            [
                -0.00768193369731307,
                -0.9999704957008362,
                -1.8626906239660457e-05,
                380.7521057128906
            ],
            [
                0.9999704360961914,
                -0.007681925315409899,
                -0.00039974440005607903,
                -39.515995025634766
            ],
            [
                0.0003995895094703883,
                -2.1697165720979683e-05,
                0.9999999403953552,
                0.03321849927306175
            ],
            [
                0.0,
                0.0,
                0.0,
                1.0
            ]
        ]
    },
    {
        "class": "Car",
        "extent": [
            1.50146484375,
            3.633375883102417,
            1.845113754272461
        ],
        "position": [
            46.49260541178664,
            -10.192244311746945,
            -2.5600628295890413
        ],
        "yaw": 0.8633412984949611,
        "num_points": 2,
        "distance": 47.665481470114976,
        "speed": 4.5598214225300335,
        "brake": 0.0,
        "id": 2411,
        "ego_matrix": [
            [
                -0.7649880647659302,
                -0.6440426707267761,
                0.0015128245577216148,
                370.1930236816406
            ],
            [
                0.6440437436103821,
                -0.7649886608123779,
                0.0002741417847573757,
                8.19692325592041
            ],
            [
                0.0009807345923036337,
                0.0011840403312817216,
                0.9999988079071045,
                -0.00796804390847683
            ],
            [
                0.0,
                0.0,
                0.0,
                1.0
            ]
        ]
    },
    {
        "class": "Car",
        "extent": [
            1.300939917564392,
            4.717525005340576,
            1.894826889038086
        ],
        "position": [
            -0.6257754911054197,
            31.499180621199404,
            -2.540057074368763
        ],
        "yaw": -3.1416148909848953,
        "num_points": 0,
        "distance": 31.607623522075542,
        "speed": 4.638150797258636,
        "brake": 0.0,
        "id": 2429,
        "ego_matrix": [
            [
                0.007659674156457186,
                0.9999706745147705,
                -1.0936057037724822e-07,
                412.24517822265625
            ],
            [
                -0.9999706745147705,
                0.007659674156457186,
                1.7046588254743256e-05,
                -38.59980010986328
            ],
            [
                1.7046926586772315e-05,
                -2.1213962142496712e-08,
                1.0,
                -0.005885715130716562
            ],
            [
                0.0,
                0.0,
                0.0,
                1.0
            ]
        ]
    },
    {
        "class": "Car",
        "extent": [
            1.8779358863830566,
            3.866220712661743,
            1.9051965475082397
        ],
        "position": [
            -45.76256472012745,
            6.998735856781168,
            -2.5058164578400874
        ],
        "yaw": -4.846953183923475e-05,
        "num_points": 2,
        "distance": 46.36241742486289,
        "speed": 4.509256000043651,
        "brake": 0.0,
        "id": 2432,
        "ego_matrix": [
            [
                -0.007633416447788477,
                -0.9999708533287048,
                8.98734579095617e-05,
                388.0921936035156
            ],
            [
                0.9999707341194153,
                -0.007633463479578495,
                -0.0005393477040342987,
                -83.92347717285156
            ],
            [
                0.0005400180234573781,
                8.575377432862297e-05,
                0.9999998807907104,
                0.0097871208563447
            ],
            [
                0.0,
                0.0,
                0.0,
                1.0
            ]
        ]
    },
    {
        "class": "Car",
        "extent": [
            1.2511454820632935,
            2.2094459533691406,
            0.8670341968536377
        ],
        "position": [
            -19.11788171549442,
            31.498665617856034,
            -2.561051241640462
        ],
        "yaw": -3.141621815203729,
        "num_points": 0,
        "distance": 36.93532618585424,
        "speed": 5.5944864541322294,
        "brake": 0.0,
        "id": 2452,
        "ego_matrix": [
            [
                0.007652744650840759,
                0.9999707341194153,
                1.957514905370772e-05,
                412.38671875
            ],
            [
                -0.9999686479568481,
                0.007652768399566412,
                -0.002046851208433509,
                -57.09135437011719
            ],
            [
                -0.0020469410810619593,
                -3.910507075488567e-06,
                0.9999979138374329,
                -0.034269142895936966
            ],
            [
                0.0,
                0.0,
                0.0,
                1.0
            ]
        ]
    },
    {
        "class": "Car",
        "extent": [
            1.6672759056091309,
            4.611005783081055,
            2.241713285446167
        ],
        "position": [
            -18.559016397095128,
            6.999613351896771,
            -2.4524586518826204
        ],
        "yaw": -2.7563717282408362e-05,
        "num_points": 22,
        "distance": 19.986150958673644,
        "speed": 4.610014101632509,
        "brake": 0.0,
        "id": 2477,
        "ego_matrix": [
            [
                -0.0076543972827494144,
                -0.9999707341194153,
                -9.105743004056421e-08,
                387.88409423828125
            ],
            [
                0.9999707341194153,
                -0.0076543972827494144,
                2.145132839359576e-06,
                -56.72074890136719
            ],
            [
                -2.145766984540387e-06,
                -7.46350607983004e-08,
                1.0,
                0.07401519268751144
            ],
            [
                0.0,
                0.0,
                0.0,
                1.0
            ]
        ]
    },
    {
        "class": "Car",
        "extent": [
            1.4738311767578125,
            4.1928300857543945,
            1.8161858320236206
        ],
        "position": [
            -18.879895579321808,
            20.999604709663966,
            -2.531567433862014
        ],
        "yaw": -3.1414757408179383,
        "num_points": 0,
        "distance": 28.352119651278752,
        "speed": 5.471628791288389,
        "brake": 0.0,
        "id": 2485,
        "ego_matrix": [
            [
                0.0077989050187170506,
                0.9999696016311646,
                -5.967573542875471e-06,
                401.8861389160156
            ],
            [
                -0.9999694228172302,
                0.0077989068813622,
                0.0006285630515776575,
                -56.93404006958008
            ],
            [
                0.0006285904673859477,
                1.065287392520986e-06,
                0.9999998211860657,
                -0.004918041173368692
            ],
            [
                0.0,
                0.0,
                0.0,
                1.0
            ]
        ]
    },
    {
        "class": "Car",
        "extent": [
            1.300939917564392,
            4.717525005340576,
            1.894826889038086
        ],
        "position": [
            -0.6257135845581282,
            27.99916936900981,
            -2.5399810828754705
        ],
        "yaw": -3.1416142251946226,
        "num_points": 0,
        "distance": 28.121104294564304,
        "speed": 4.638150771559859,
        "brake": 0.0,
        "id": 2487,
        "ego_matrix": [
            [
                0.00766038941219449,
                0.9999706745147705,
                -9.865559036370541e-08,
                408.7452697753906
            ],
            [
                -0.9999706745147705,
                0.00766038941219449,
                1.7046670109266415e-05,
                -38.626625061035156
            ],
            [
                1.7046926586772315e-05,
                -3.193144593183206e-08,
                1.0,
                -0.005885639227926731
            ],
            [
                0.0,
                0.0,
                0.0,
                1.0
            ]
        ]
    },
    {
        "class": "Car",
        "extent": [
            1.0795789957046509,
            1.4872888326644897,
            0.8592574596405029
        ],
        "position": [
            -36.7112392607257,
            24.485531386465897,
            -2.517239998495569
        ],
        "yaw": -3.14148879030728,
        "num_points": 1,
        "distance": 44.19946642829391,
        "speed": 2.4533759849214296,
        "brake": 0.0,
        "id": 2494,
        "ego_matrix": [
            [
                0.007785793859511614,
                0.9999695420265198,
                0.0004775545676238835,
                405.5089416503906
            ],
            [
                -0.9999696612358093,
                0.007785885129123926,
                -0.00018964502669405192,
                -74.73808288574219
            ],
            [
                -0.00019335745309945196,
                -0.00047606354928575456,
                0.9999998807907104,
                0.0023598098196089268
            ],
            [
                0.0,
                0.0,
                0.0,
                1.0
            ]
        ]
    },
    {
        "class": "Car",
        "extent": [
            1.488319993019104,
            4.791779518127441,
            2.163450002670288
        ],
        "position": [
            -0.6555437650967199,
            20.999038961473552,
            -2.532619517768251
        ],
        "yaw": -3.1416160894073855,
        "num_points": 0,
        "distance": 21.161368966945926,
        "speed": 4.748802588421229,
        "brake": 0.0,
        "id": 2517,
        "ego_matrix": [
            [
                0.007658482063561678,
                0.9999706745147705,
                -5.383092798183498e-07,
                401.7455749511719
            ],
            [
                -0.9999706745147705,
                0.007658482063561678,
                7.34309505787678e-05,
                -38.71023178100586
            ],
            [
                7.343292236328125e-05,
                -2.4076141968976117e-08,
                1.0,
                0.0013121223310008645
            ],
            [
                0.0,
                0.0,
                0.0,
                1.0
            ]
        ]
    },
    {
        "class": "Car",
        "extent": [
            1.8548461198806763,
            4.6045098304748535,
            1.9315931797027588
        ],
        "position": [
            -18.99549951897106,
            10.499719357000735,
            -2.5157546902189125
        ],
        "yaw": -4.101268078726683e-05,
        "num_points": 25,
        "distance": 21.8495338671644,
        "speed": 4.443187206734208,
        "brake": 0.0,
        "id": 2544,
        "ego_matrix": [
            [
                -0.007640923839062452,
                -0.9999707937240601,
                6.901532287884038e-06,
                391.387451171875
            ],
            [
                0.9999703764915466,
                -0.0076409270986914635,
                -0.0009267071727663279,
                -57.130306243896484
            ],
            [
                0.0009267328423447907,
                -1.7957063391804695e-07,
                0.9999995827674866,
                0.010620689019560814
            ],
            [
                0.0,
                0.0,
                0.0,
                1.0
            ]
        ]
    },
    {
        "class": "Car",
        "extent": [
            1.1256572008132935,
            1.8354405164718628,
            0.3289288878440857
        ],
        "position": [
            17.12977815170391,
            20.71713782203852,
            -2.5545775427482305
        ],
        "yaw": -3.0140338952777226,
        "num_points": 0,
        "distance": 27.002869578728948,
        "speed": 2.5208913084047846,
        "brake": 0.0,
        "id": 2559,
        "ego_matrix": [
            [
                0.1348283290863037,
                0.9908663034439087,
                -0.002301568165421486,
                401.3270568847656
            ],
            [
                -0.9908649921417236,
                0.13483403623104095,
                0.0025348602794110775,
                -20.927593231201172
            ],
            [
                0.0028220375534147024,
                0.0019387721549719572,
                0.9999940991401672,
                -0.013545189052820206
            ],
            [
                0.0,
                0.0,
                0.0,
                1.0
            ]
        ]
    },
    {
        "class": "Car",
        "extent": [
            1.1454535722732544,
            2.0333523750305176,
            0.8025798797607422
        ],
        "position": [
            9.663542389683215,
            24.85186061833265,
            -2.5361888090049987
        ],
        "yaw": -3.091929892423941,
        "num_points": 4,
        "distance": 26.78490771656979,
        "speed": 10.263203979007761,
        "brake": 0.0,
        "id": 2561,
        "ego_matrix": [
            [
                0.057313259690999985,
                0.9982398152351379,
                -0.015246561728417873,
                405.5190124511719
            ],
            [
                -0.9983550310134888,
                0.05728311464190483,
                -0.0024068232160061598,
                -28.361852645874023
            ],
            [
                -0.0015292161842808127,
                0.01535942405462265,
                0.999880850315094,
                0.0019498252077028155
            ],
            [
                0.0,
                0.0,
                0.0,
                1.0
            ]
        ]
    },
    {
        "class": "Car",
        "extent": [
            1.6355280876159668,
            5.0267767906188965,
            2.1515462398529053
        ],
        "position": [
            -39.20105687605549,
            31.498627034648905,
            -2.3899128532702107
        ],
        "yaw": -3.141579737258506,
        "num_points": 3,
        "distance": 50.344791674153136,
        "speed": 4.3897515013530795,
        "brake": 0.0,
        "id": 2570,
        "ego_matrix": [
            [
                0.007694643922150135,
                0.9999703764915466,
                -0.0002887111040763557,
                412.54095458984375
            ],
            [
                -0.9999449253082275,
                0.007696507964283228,
                0.007131650578230619,
                -77.17400360107422
            ],
            [
                0.007133661303669214,
                0.00023381969367619604,
                0.9999745488166809,
                0.12884420156478882
            ],
            [
                0.0,
                0.0,
                0.0,
                1.0
            ]
        ]
    },
    {
        "class": "Car",
        "extent": [
            1.488319993019104,
            4.791779518127441,
            2.163450002670288
        ],
        "position": [
            -18.925167831627903,
            27.999005835823432,
            -2.524975784441613
        ],
        "yaw": -3.141620616781239,
        "num_points": 2,
        "distance": 33.889258002526034,
        "speed": 5.854281661755003,
        "brake": 0.0,
        "id": 2577,
        "ego_matrix": [
            [
                0.007653951644897461,
                0.9999707341194153,
                -3.494064003461972e-06,
                408.88568115234375
            ],
            [
                -0.9999706149101257,
                0.0076539525762200356,
                0.00046669127186760306,
                -56.92554473876953
            ],
            [
                0.0004667043103836477,
                -7.807102520018816e-08,
                0.9999998807907104,
                0.0018073844257742167
            ],
            [
                0.0,
                0.0,
                0.0,
                1.0
            ]
        ]
    },
    {
        "class": "Car",
        "extent": [
            1.6171096563339233,
            3.987684965133667,
            1.8508483171463013
        ],
        "position": [
            16.758127508604748,
            27.810562447582836,
            -2.50277040375814
        ],
        "yaw": -3.0191265250722266,
        "num_points": 5,
        "distance": 32.56571941381746,
        "speed": 4.5889899233182145,
        "brake": 0.0,
        "id": 2582,
        "ego_matrix": [
            [
                0.12978102266788483,
                0.991542637348175,
                0.000407101062592119,
                408.4231262207031
            ],
            [
                -0.9915426969528198,
                0.12978099286556244,
                7.203989662230015e-05,
                -21.244762420654297
            ],
            [
                1.859664735093247e-05,
                -0.0004130074812564999,
                0.9999999403953552,
                0.0382673442363739
            ],
            [
                0.0,
                0.0,
                0.0,
                1.0
            ]
        ]
    },
    {
        "class": "Car",
        "extent": [
            1.3787471055984497,
            2.2072951793670654,
            1.4809197187423706
        ],
        "position": [
            -37.51767379209444,
            20.99943619162235,
            -2.5163876532638096
        ],
        "yaw": -3.141529270355849,
        "num_points": 0,
        "distance": 43.068368601068784,
        "speed": 4.52915765002629,
        "brake": 0.0,
        "id": 2587,
        "ego_matrix": [
            [
                0.007745010312646627,
                0.999970018863678,
                -7.572532194899395e-05,
                402.0291442871094
            ],
            [
                -0.9999218583106995,
                0.007745380513370037,
                0.009813215583562851,
                -75.57127380371094
            ],
            [
                0.00981350801885128,
                -2.840533568360115e-07,
                0.9999518394470215,
                0.002814273815602064
            ],
            [
                0.0,
                0.0,
                0.0,
                1.0
            ]
        ]
    },
    {
        "class": "Car",
        "extent": [
            1.6493593454360962,
            4.855708599090576,
            2.0327565670013428
        ],
        "position": [
            17.466587378967045,
            31.264988880778688,
            -2.5511718921712836
        ],
        "yaw": -3.0131975295373836,
        "num_points": 0,
        "distance": 35.90389508682464,
        "speed": 4.5317706909148505,
        "brake": 0.0,
        "id": 2590,
        "ego_matrix": [
            [
                0.13565753400325775,
                0.9907552003860474,
                0.001108410069718957,
                411.87200927734375
            ],
            [
                -0.9907557368278503,
                0.13565710186958313,
                0.00046315911458805203,
                -20.509767532348633
            ],
            [
                0.0003085136122535914,
                -0.001160994521342218,
                0.9999992847442627,
                -0.009776094928383827
            ],
            [
                0.0,
                0.0,
                0.0,
                1.0
            ]
        ]
    },
    {
        "class": "Car",
        "extent": [
            1.4106584787368774,
            5.357479572296143,
            2.033203125
        ],
        "position": [
            -30.297584011081668,
            -11.836510570679362,
            -2.5248937064957926
        ],
        "yaw": 1.5505114282459267,
        "num_points": 0,
        "distance": 32.62547574561109,
        "speed": 4.671975482819037,
        "brake": 0.0,
        "id": 2593,
        "ego_matrix": [
            [
                -0.9999206066131592,
                -0.012602625414729118,
                0.00016336338012479246,
                369.1387023925781
            ],
            [
                0.012602623552083969,
                -0.9999206066131592,
                -1.6244834114331752e-05,
                -68.6036376953125
            ],
            [
                0.00016355513071175665,
                -1.4184735846356489e-05,
                1.0,
                -0.003519153455272317
            ],
            [
                0.0,
                0.0,
                0.0,
                1.0
            ]
        ]
    },
    {
        "class": "Car",
        "extent": [
            1.8779358863830566,
            3.866220712661743,
            1.9051965475082397
        ],
        "position": [
            -18.55892751897196,
            -0.0001969879085058465,
            -2.5165344891651267
        ],
        "yaw": -0.00010053433115064792,
        "num_points": 14,
        "distance": 18.728767619051087,
        "speed": 4.508413533043355,
        "brake": 0.0,
        "id": 2600,
        "ego_matrix": [
            [
                -0.007581442594528198,
                -0.9999712705612183,
                9.252750169252977e-05,
                380.8844909667969
            ],
            [
                0.9999711513519287,
                -0.0075814914889633656,
                -0.0005418354994617403,
                -56.77440643310547
            ],
            [
                0.0005425214185379446,
                8.841693488648161e-05,
                0.9999998807907104,
                0.009787521325051785
            ],
            [
                0.0,
                0.0,
                0.0,
                1.0
            ]
        ]
    },
    {
        "class": "Car",
        "extent": [
            1.1256572008132935,
            1.8354405164718628,
            0.3289288878440857
        ],
        "position": [
            -16.58934178732139,
            24.50091579249043,
            -2.5411858510959124
        ],
        "yaw": -3.141468283966886,
        "num_points": 0,
        "distance": 29.697790509347403,
        "speed": 2.5213715762656905,
        "brake": 0.0,
        "id": 2601,
        "ego_matrix": [
            [
                0.007806266192346811,
                0.9999695420265198,
                -1.824324317567516e-05,
                405.3697509765625
            ],
            [
                -0.9999655485153198,
                0.007806286681443453,
                0.0028217430226504803,
                -54.61665344238281
            ],
            [
                0.0028217993676662445,
                -3.7846618852199754e-06,
                0.9999960064888,
                -0.013545207679271698
            ],
            [
                0.0,
                0.0,
                0.0,
                1.0
            ]
        ]
    },
    {
        "class": "Car",
        "extent": [
            1.3787471055984497,
            2.2072951793670654,
            1.4809197187423706
        ],
        "position": [
            -20.15442304412702,
            3.4989716811652114,
            -2.522946173379104
        ],
        "yaw": 4.1012680787044786e-05,
        "num_points": 7,
        "distance": 20.610891015698538,
        "speed": 4.528805282754706,
        "brake": 0.0,
        "id": 2646,
        "ego_matrix": [
            [
                -0.007722569163888693,
                -0.9999701976776123,
                7.548441499238834e-05,
                384.39581298828125
            ],
            [
                0.9999220967292786,
                -0.007722937967628241,
                -0.009809998795390129,
                -58.34297180175781
            ],
            [
                0.009810289368033409,
                -2.7986240525024186e-07,
                0.9999518990516663,
                0.0028142165392637253
            ],
            [
                0.0,
                0.0,
                0.0,
                1.0
            ]
        ]
    },
    {
        "class": "Car",
        "extent": [
            1.1454535722732544,
            2.0333523750305176,
            0.8025798797607422
        ],
        "position": [
            44.16135870572663,
            -12.831049342932157,
            -2.538019916871494
        ],
        "yaw": 0.8839083589614247,
        "num_points": 0,
        "distance": 46.05760496459899,
        "speed": 4.654929594698074,
        "brake": 0.0,
        "id": 2651,
        "ego_matrix": [
            [
                -0.7780712842941284,
                -0.6281514763832092,
                -0.005546764004975557,
                367.57220458984375
            ],
            [
                0.6281751394271851,
                -0.7780255079269409,
                -0.008501715958118439,
                5.845465660095215
            ],
            [
                0.001024841913022101,
                -0.010099279694259167,
                0.9999484419822693,
                0.01308607030659914
            ],
            [
                0.0,
                0.0,
                0.0,
                1.0
            ]
        ]
    },
    {
        "class": "Car",
        "extent": [
            1.8548461198806763,
            4.6045098304748535,
            1.9315931797027588
        ],
        "position": [
            41.17005251768065,
            -14.744068752112602,
            -2.5279659751461896
        ],
        "yaw": 0.8640805920135668,
        "num_points": 0,
        "distance": 43.803554646251065,
        "speed": 4.431979358734484,
        "brake": 0.0,
        "id": 2659,
        "ego_matrix": [
            [
                -0.7654613852500916,
                -0.643462598323822,
                0.004966415464878082,
                365.6822204589844
            ],
            [
                0.6434757709503174,
                -0.765464723110199,
                0.0015955331036821008,
                2.839548349380493
            ],
            [
                0.002774950349703431,
                0.004417086951434612,
                0.9999863505363464,
                0.021903209388256073
            ],
            [
                0.0,
                0.0,
                0.0,
                1.0
            ]
        ]
    }
]