[
    {
        "class": "Car",
        "extent": [
            1.5107464790344238,
            4.901683330535889,
            2.128324270248413
        ],
        "position": [
            -1.3,
            0.0,
            -2.5
        ],
        "yaw": 0,
        "num_points": -1,
        "distance": -1,
        "speed": 3.8032254177038203,
        "brake": 0.0,
        "id": 2402,
        "ego_matrix": [
            [
                -0.007954676635563374,
                -0.9999683499336243,
                -1.2239161151228473e-06,
                380.73675537109375
            ],
            [
                0.9999683499336243,
                -0.007954676635563374,
                5.113266161060892e-05,
                -37.60488510131836
            ],
            [
                -5.114078157930635e-05,
                -8.17133638975065e-07,
                1.0,
                0.033442724496126175
            ],
            [
                0.0,
                0.0,
                0.0,
                1.0
            ]
        ]
    },
    {
        "class": "Car",
        "extent": [
            1.50146484375,
            3.633375883102417,
            1.845113754272461
        ],
        "position": [
            45.967812161175885,
            -11.98650055164803,
            -2.523846451083449
        ],
        "yaw": 0.9161909313792564,
        "num_points": 3,
        "distance": 47.57190085826353,
        "speed": 4.546414526371435,
        "brake": 0.0,
        "id": 2411,
        "ego_matrix": [
            [
                -0.7980579137802124,
                -0.6025076508522034,
                0.009384688921272755,
                368.3746337890625
            ],
            [
                0.6024802327156067,
                -0.7981125116348267,
                -0.005830822978168726,
                9.566082000732422
            ],
            [
                0.011003152467310429,
                0.0010007551172748208,
                0.99993896484375,
                0.00716916611418128
            ],
            [
                0.0,
                0.0,
                0.0,
                1.0
            ]
        ]
    },
    {
        "class": "Car",
        "extent": [
            1.300939917564392,
            4.717525005340576,
            1.894826889038086
        ],
        "position": [
            -4.8642067688890265,
            31.498736604460777,
            -2.5395535067718753
        ],
        "yaw": -3.1418875986805195,
        "num_points": 0,
        "distance": 31.973117570569507,
        "speed": 4.769359287110179,
        "brake": 0.0,
        "id": 2429,
        "ego_matrix": [
            [
                0.007659674156457186,
                0.9999706745147705,
                -3.856245882616349e-07,
                412.2628479003906
            ],
            [
                -0.9999706745147705,
                0.007659674156457186,
                5.650390448863618e-05,
                -40.918418884277344
            ],
            [
                5.6505199609091505e-05,
                -4.718821955407293e-08,
                1.0,
                -0.005902767181396484
            ],
            [
                0.0,
                0.0,
                0.0,
                1.0
            ]
        ]
    },
    {
        "class": "Car",
        "extent": [
            1.8779358863830566,
            3.866220712661743,
            1.9051965475082397
        ],
        "position": [
            -45.41766258470143,
            6.987139318723032,
            -2.526014952332989
        ],
        "yaw": -0.000320910911354666,
        "num_points": 1,
        "distance": 46.021353109795065,
        "speed": 4.666293847802987,
        "brake": 0.0,
        "id": 2432,
        "ego_matrix": [
            [
                -0.00763377221301198,
                -0.9999708533287048,
                9.293520997744054e-05,
                388.0746154785156
            ],
            [
                0.9999704957008362,
                -0.0076338499784469604,
                -0.0008706165244802833,
                -81.66557312011719
            ],
            [
                0.0008713005809113383,
                8.628638897789642e-05,
                0.9999996423721313,
                0.009689693339169025
            ],
            [
                0.0,
                0.0,
                0.0,
                1.0
            ]
        ]
    },
    {
        "class": "Car",
        "extent": [
            1.2511454820632935,
            2.2094459533691406,
            0.8670341968536377
        ],
        "position": [
            -24.385791651236694,
            31.492923584486643,
            -2.569286840643981
        ],
        "yaw": -3.141896120796008,
        "num_points": 0,
        "distance": 39.913309875595964,
        "speed": 7.455016093987235,
        "brake": 0.0,
        "id": 2452,
        "ego_matrix": [
            [
                0.007651180028915405,
                0.9999707341194153,
                2.5338678824482486e-05,
                412.4123229980469
            ],
            [
                -0.9999667406082153,
                0.007651221472769976,
                -0.002822283888235688,
                -60.43943405151367
            ],
            [
                -0.0028223951812833548,
                -3.744032937902375e-06,
                0.9999960064888,
                -0.034637756645679474
            ],
            [
                0.0,
                0.0,
                0.0,
                1.0
            ]
        ]
    },
    {
        "class": "Car",
        "extent": [
            1.6672759056091309,
            4.611005783081055,
            2.241713285446167
        ],
        "position": [
            -18.161313902178893,
            6.995703159527116,
            -2.460716685494452
        ],
        "yaw": -0.00030080404512466963,
        "num_points": 26,
        "distance": 19.61704136601554,
        "speed": 4.832153984300185,
        "brake": 0.0,
        "id": 2477,
        "ego_matrix": [
            [
                -0.007653797976672649,
                -0.9999707341194153,
                6.917952759977197e-06,
                387.8663635253906
            ],
            [
                0.9999703168869019,
                -0.0076538012363016605,
                -0.0009352904162369668,
                -54.41001510620117
            ],
            [
                0.000935315911192447,
                -2.4077598936855793e-07,
                0.9999995827674866,
                0.07359405606985092
            ],
            [
                0.0,
                0.0,
                0.0,
                1.0
            ]
        ]
    },
    {
        "class": "Car",
        "extent": [
            1.4738311767578125,
            4.1928300857543945,
            1.8161858320236206
        ],
        "position": [
            -23.594520501801586,
            20.99461342733379,
            -2.5397045045851274
        ],
        "yaw": -3.141730605334259,
        "num_points": 0,
        "distance": 31.684780094608985,
        "speed": 6.039493946628908,
        "brake": 0.0,
        "id": 2485,
        "ego_matrix": [
            [
                0.00781666487455368,
                0.9999694228172302,
                -7.656760317331646e-06,
                401.9080505371094
            ],
            [
                -0.999968945980072,
                0.007816668599843979,
                0.0009795126970857382,
                -59.73169708251953
            ],
            [
                0.0009795426158234477,
                -0.0,
                0.9999995231628418,
                -0.005104465410113335
            ],
            [
                0.0,
                0.0,
                0.0,
                1.0
            ]
        ]
    },
    {
        "class": "Car",
        "extent": [
            1.300939917564392,
            4.717525005340576,
            1.894826889038086
        ],
        "position": [
            -4.863189988341829,
            27.99869502910527,
            -2.5395505565870997
        ],
        "yaw": -3.141886932890247,
        "num_points": 0,
        "distance": 28.53115590411672,
        "speed": 4.76935973407446,
        "brake": 0.0,
        "id": 2487,
        "ego_matrix": [
            [
                0.00766038941219449,
                0.9999706745147705,
                -3.816087712493754e-07,
                408.7629089355469
            ],
            [
                -0.9999706745147705,
                0.00766038941219449,
                5.6503937230445445e-05,
                -40.94524383544922
            ],
            [
                5.6505199609091505e-05,
                -5.124456592398019e-08,
                1.0,
                -0.005902728997170925
            ],
            [
                0.0,
                0.0,
                0.0,
                1.0
            ]
        ]
    },
    {
        "class": "Car",
        "extent": [
            1.0795789957046509,
            1.4872888326644897,
            0.8592574596405029
        ],
        "position": [
            -39.855670778527845,
            24.47907994357239,
            -2.5330798342717316
        ],
        "yaw": -3.1361109359600285,
        "num_points": 0,
        "distance": 46.84139559766554,
        "speed": 2.454961239122177,
        "brake": 0.0,
        "id": 2494,
        "ego_matrix": [
            [
                0.013436106964945793,
                0.9999095797538757,
                0.0006366792949847877,
                405.5217590332031
            ],
            [
                -0.9999096989631653,
                0.01343628391623497,
                -0.0002743538352660835,
                -75.96461486816406
            ],
            [
                -0.00028288361500017345,
                -0.0006329354946501553,
                0.9999997615814209,
                0.0023546600714325905
            ],
            [
                0.0,
                0.0,
                0.0,
                1.0
            ]
        ]
    },
    {
        "class": "Car",
        "extent": [
            1.488319993019104,
            4.791779518127441,
            2.163450002670288
        ],
        "position": [
            -4.961600978200159,
            20.99909463685087,
            -2.532321209260629
        ],
        "yaw": -3.14188879710301,
        "num_points": 3,
        "distance": 21.72537941075292,
        "speed": 4.797779051758397,
        "brake": 0.0,
        "id": 2517,
        "ego_matrix": [
            [
                0.007658482063561678,
                0.9999706745147705,
                -2.1314511400305491e-07,
                401.7643127441406
            ],
            [
                -0.9999706745147705,
                0.007658482063561678,
                3.290109816589393e-05,
                -41.09933090209961
            ],
            [
                3.2901763916015625e-05,
                -3.883360122358681e-08,
                1.0,
                0.0013259315164759755
            ],
            [
                0.0,
                0.0,
                0.0,
                1.0
            ]
        ]
    },
    {
        "class": "Car",
        "extent": [
            1.8548461198806763,
            4.6045098304748535,
            1.9315931797027588
        ],
        "position": [
            -18.681450954444472,
            10.496131837383897,
            -2.523917229299906
        ],
        "yaw": -0.00031558458917446686,
        "num_points": 23,
        "distance": 21.576272882298625,
        "speed": 4.64554457963978,
        "brake": 0.0,
        "id": 2544,
        "ego_matrix": [
            [
                -0.007639007177203894,
                -0.9999707937240601,
                1.3566883353632875e-05,
                391.3708190917969
            ],
            [
                0.9999691247940063,
                -0.007639019284397364,
                -0.001813717419281602,
                -54.90229415893555
            ],
            [
                0.0018137681763619184,
                -2.885353467263485e-07,
                0.9999983310699463,
                0.010422972962260246
            ],
            [
                0.0,
                0.0,
                0.0,
                1.0
            ]
        ]
    },
    {
        "class": "Car",
        "extent": [
            1.1256572008132935,
            1.8354405164718628,
            0.3289288878440857
        ],
        "position": [
            13.895675849151093,
            20.85981763325216,
            -2.5462685995430894
        ],
        "yaw": -3.039920886337729,
        "num_points": 0,
        "distance": 25.193357909938044,
        "speed": 2.8099517740656044,
        "brake": 0.0,
        "id": 2559,
        "ego_matrix": [
            [
                0.10940674692392349,
                0.9939934611320496,
                -0.002676241332665086,
                401.47503662109375
            ],
            [
                -0.9939943552017212,
                0.1094123125076294,
                0.0020320499315857887,
                -22.243759155273438
            ],
            [
                0.0023126578889787197,
                0.0024378488305956125,
                0.9999943375587463,
                -0.013585948385298252
            ],
            [
                0.0,
                0.0,
                0.0,
                1.0
            ]
        ]
    },
    {
        "class": "Car",
        "extent": [
            1.1454535722732544,
            2.0333523750305176,
            0.8025798797607422
        ],
        "position": [
            2.694369433649552,
            25.01092795761767,
            -2.5312272742358286
        ],
        "yaw": -3.1243217876045204,
        "num_points": 2,
        "distance": 25.28266709546209,
        "speed": 10.282674060129898,
        "brake": 0.0,
        "id": 2561,
        "ego_matrix": [
            [
                0.02522284910082817,
                0.9996277093887329,
                -0.01039566844701767,
                405.7151184082031
            ],
            [
                -0.9996790289878845,
                0.02519684098660946,
                -0.002625164110213518,
                -33.41168975830078
            ],
            [
                -0.0023622491862624884,
                0.010458546690642834,
                0.9999424815177917,
                0.002031612442806363
            ],
            [
                0.0,
                0.0,
                0.0,
                1.0
            ]
        ]
    },
    {
        "class": "Car",
        "extent": [
            1.488319993019104,
            4.791779518127441,
            2.163450002670288
        ],
        "position": [
            -24.029899668215577,
            27.99338565113266,
            -2.532935270899997
        ],
        "yaw": -3.1418939902671355,
        "num_points": 5,
        "distance": 36.97947375726318,
        "speed": 6.853133861544739,
        "brake": 0.0,
        "id": 2577,
        "ego_matrix": [
            [
                0.007653355598449707,
                0.9999707341194153,
                -3.5082052818324883e-06,
                408.9100646972656
            ],
            [
                -0.9999706149101257,
                0.007653356529772282,
                0.00046394922537729144,
                -60.11138916015625
            ],
            [
                0.0004639624967239797,
                -4.266621544957161e-08,
                0.9999998807907104,
                0.0016927528195083141
            ],
            [
                0.0,
                0.0,
                0.0,
                1.0
            ]
        ]
    },
    {
        "class": "Car",
        "extent": [
            1.6171096563339233,
            3.987684965133667,
            1.8508483171463013
        ],
        "position": [
            12.547670863077007,
            28.011430317472318,
            -2.494597242886038
        ],
        "yaw": -3.0542588130144974,
        "num_points": 9,
        "distance": 30.794598356252898,
        "speed": 4.815898164606411,
        "brake": 0.0,
        "id": 2582,
        "ego_matrix": [
            [
                0.09514445066452026,
                0.9954634308815002,
                0.0003888897772412747,
                408.63714599609375
            ],
            [
                -0.995463490486145,
                0.0951443463563919,
                0.00027918920386582613,
                -23.53483009338379
            ],
            [
                0.00024092195963021368,
                -0.00041368886013515294,
                0.9999999403953552,
                0.03816018998622894
            ],
            [
                0.0,
                0.0,
                0.0,
                1.0
            ]
        ]
    },
    {
        "class": "Car",
        "extent": [
            1.3787471055984497,
            2.2072951793670654,
            1.4809197187423706
        ],
        "position": [
            -41.82247801347485,
            20.989081082708505,
            -2.533056201929838
        ],
        "yaw": -3.1418001138387104,
        "num_points": 0,
        "distance": 46.86232565298307,
        "speed": 4.9597327998620715,
        "brake": 0.0,
        "id": 2587,
        "ego_matrix": [
            [
                0.00774694699794054,
                0.999970018863678,
                -5.863707701792009e-05,
                402.0475158691406
            ],
            [
                -0.9999410510063171,
                0.007747168652713299,
                0.0076131210662424564,
                -77.95912170410156
            ],
            [
                0.007613346446305513,
                -3.448221548296715e-07,
                0.9999710321426392,
                0.0024760246742516756
            ],
            [
                0.0,
                0.0,
                0.0,
                1.0
            ]
        ]
    },
    {
        "class": "Car",
        "extent": [
            1.6493593454360962,
            4.855708599090576,
            2.0327565670013428
        ],
        "position": [
            13.281560340645214,
            31.4829235625111,
            -2.5424574812656076
        ],
        "yaw": -3.0463365745617845,
        "num_points": 0,
        "distance": 34.26424391649639,
        "speed": 4.561975881955488,
        "brake": 0.0,
        "id": 2590,
        "ego_matrix": [
            [
                0.10302761942148209,
                0.9946778416633606,
                0.0011345535749569535,
                412.1026916503906
            ],
            [
                -0.9946784973144531,
                0.10302741080522537,
                0.00023880084336269647,
                -22.773351669311523
            ],
            [
                0.00012063979374943301,
                -0.0011531191412359476,
                0.9999993443489075,
                -0.009734743274748325
            ],
            [
                0.0,
                0.0,
                0.0,
                1.0
            ]
        ]
    },
    {
        "class": "Car",
        "extent": [
            1.4106584787368774,
            5.357479572296143,
            2.033203125
        ],
        "position": [
            -32.15735315878748,
            -14.186338687316114,
            -2.538522518665314
        ],
        "yaw": 1.5502379216019755,
        "num_points": 0,
        "distance": 35.23906446130475,
        "speed": 4.693588923167089,
        "brake": 0.0,
        "id": 2593,
        "ego_matrix": [
            [
                -0.9999205470085144,
                -0.012603338807821274,
                9.954526467481628e-05,
                366.79632568359375
            ],
            [
                0.012603338807821274,
                -0.9999205470085144,
                -1.89353386303992e-07,
                -68.57411193847656
            ],
            [
                9.953974949894473e-05,
                1.0652644277797663e-06,
                1.0,
                -0.0035133170895278454
            ],
            [
                0.0,
                0.0,
                0.0,
                1.0
            ]
        ]
    },
    {
        "class": "Car",
        "extent": [
            1.8779358863830566,
            3.866220712661743,
            1.9051965475082397
        ],
        "position": [
            -18.212531959930597,
            -0.004376422608556992,
            -2.524617890912787
        ],
        "yaw": -0.00037310886872021776,
        "num_points": 13,
        "distance": 18.386680914174946,
        "speed": 4.665434056208396,
        "brake": 0.0,
        "id": 2600,
        "ego_matrix": [
            [
                -0.0075815599411726,
                -0.9999712705612183,
                9.556912846164778e-05,
                380.8669128417969
            ],
            [
                0.9999709129333496,
                -0.007581640500575304,
                -0.0008727468084543943,
                -54.51691818237305
            ],
            [
                0.0008734462899155915,
                8.89495640876703e-05,
                0.9999996423721313,
                0.009689750149846077
            ],
            [
                0.0,
                0.0,
                0.0,
                1.0
            ]
        ]
    },
    {
        "class": "Car",
        "extent": [
            1.1256572008132935,
            1.8354405164718628,
            0.3289288878440857
        ],
        "position": [
            -19.831813745279135,
            24.49694534331474,
            -2.547996765354252
        ],
        "yaw": -3.141621682045675,
        "num_points": 0,
        "distance": 31.621091933977358,
        "speed": 2.8105022492270506,
        "brake": 0.0,
        "id": 2601,
        "ego_matrix": [
            [
                0.007925600744783878,
                0.9999685883522034,
                -2.2032896595192142e-05,
                405.3803405761719
            ],
            [
                -0.9999659061431885,
                0.007925630547106266,
                0.0023094562347978354,
                -55.94124984741211
            ],
            [
                0.0023095584474503994,
                3.728316869455739e-06,
                0.9999973177909851,
                -0.013586292043328285
            ],
            [
                0.0,
                0.0,
                0.0,
                1.0
            ]
        ]
    },
    {
        "class": "Car",
        "extent": [
            1.3787471055984497,
            2.2072951793670654,
            1.4809197187423706
        ],
        "position": [
            -19.678849356670543,
            3.4945681984200867,
            -2.531909330716303
        ],
        "yaw": -0.00023023027623736425,
        "num_points": 7,
        "distance": 20.146455860893,
        "speed": 4.959170573988453,
        "brake": 0.0,
        "id": 2646,
        "ego_matrix": [
            [
                -0.007724147289991379,
                -0.9999701380729675,
                5.8445784816285595e-05,
                384.3774108886719
            ],
            [
                0.9999411702156067,
                -0.00772436847910285,
                -0.007610618602484465,
                -55.95535659790039
            ],
            [
                0.007610843051224947,
                -3.431923403240944e-07,
                0.9999710321426392,
                0.0024761580862104893
            ],
            [
                0.0,
                0.0,
                0.0,
                1.0
            ]
        ]
    },
    {
        "class": "Car",
        "extent": [
            1.1454535722732544,
            2.0333523750305176,
            0.8025798797607422
        ],
        "position": [
            43.64440941854426,
            -14.685853946636566,
            -2.499124213684733
        ],
        "yaw": 0.9456396340811344,
        "num_points": 0,
        "distance": 46.11674751617769,
        "speed": 4.645728675528385,
        "brake": 0.0,
        "id": 2651,
        "ego_matrix": [
            [
                -0.8153773546218872,
                -0.5788806080818176,
                0.007544266059994698,
                365.69384765625
            ],
            [
                0.5786678791046143,
                -0.8153312802314758,
                -0.019453173503279686,
                7.2212815284729
            ],
            [
                0.01741214096546173,
                -0.011496053077280521,
                0.9997822642326355,
                0.03200801834464073
            ],
            [
                0.0,
                0.0,
                0.0,
                1.0
            ]
        ]
    },
    {
        "class": "Car",
        "extent": [
            1.8548461198806763,
            4.6045098304748535,
            1.9315931797027588
        ],
        "position": [
            40.59425350135865,
            -16.508941697622287,
            -2.4962622580877287
        ],
        "yaw": 0.9246525931107648,
        "num_points": 0,
        "distance": 43.8938480720159,
        "speed": 4.60681736637428,
        "brake": 0.0,
        "id": 2659,
        "ego_matrix": [
            [
                -0.8031262755393982,
                -0.5957039594650269,
                0.011184237897396088,
                363.89508056640625
            ],
            [
                0.595704972743988,
                -0.8031952381134033,
                -0.00360189750790596,
                4.156720161437988
            ],
            [
                0.011128791607916355,
                0.0037697278894484043,
                0.9999309778213501,
                0.03502447158098221
            ],
            [
                0.0,
                0.0,
                0.0,
                1.0
            ]
        ]
    }
]