[
    {
        "class": "Car",
        "extent": [
            1.5107464790344238,
            4.901683330535889,
            2.128324270248413
        ],
        "position": [
            -1.3,
            0.0,
            -2.5
        ],
        "yaw": 0,
        "num_points": -1,
        "distance": -1,
        "speed": 3.809249536666177,
        "brake": 0.0,
        "id": 2402,
        "ego_matrix": [
            [
                -0.007926900871098042,
                -0.9999685883522034,
                -7.177107363531832e-06,
                380.7206115722656
            ],
            [
                0.9999685287475586,
                -0.007926903665065765,
                0.0002911805349867791,
                -35.600975036621094
            ],
            [
                -0.00029122826526872814,
                -4.868721589446068e-06,
                0.9999999403953552,
                0.03356216475367546
            ],
            [
                0.0,
                0.0,
                0.0,
                1.0
            ]
        ]
    },
    {
        "class": "Car",
        "extent": [
            1.50146484375,
            3.633375883102417,
            1.845113754272461
        ],
        "position": [
            45.24631575329141,
            -13.86419453593503,
            -2.483466724168723
        ],
        "yaw": 0.9697335187791902,
        "num_points": 1,
        "distance": 47.387894934749426,
        "speed": 4.554228665834473,
        "brake": 0.0,
        "id": 2411,
        "ego_matrix": [
            [
                -0.8291041254997253,
                -0.5588846206665039,
                0.015308716334402561,
                366.4878845214844
            ],
            [
                0.5589046478271484,
                -0.8292252421379089,
                -0.003336109686642885,
                10.83398151397705
            ],
            [
                0.014558873139321804,
                0.005790130700916052,
                0.9998772740364075,
                0.03647233545780182
            ],
            [
                0.0,
                0.0,
                0.0,
                1.0
            ]
        ]
    },
    {
        "class": "Car",
        "extent": [
            1.300939917564392,
            4.717525005340576,
            1.894826889038086
        ],
        "position": [
            -9.293326104542876,
            31.49860135644869,
            -2.541927710135278
        ],
        "yaw": -3.1418599018051827,
        "num_points": 0,
        "distance": 32.939174154514,
        "speed": 4.865436593202093,
        "brake": 0.0,
        "id": 2429,
        "ego_matrix": [
            [
                0.007659674156457186,
                0.9999706745147705,
                -9.307289872140245e-08,
                412.2815856933594
            ],
            [
                -0.9999706745147705,
                0.007659674156457186,
                1.788120425771922e-05,
                -43.34437561035156
            ],
            [
                1.7881391613627784e-05,
                -4.3894029744251384e-08,
                1.0,
                -0.0058843037113547325
            ],
            [
                0.0,
                0.0,
                0.0,
                1.0
            ]
        ]
    },
    {
        "class": "Car",
        "extent": [
            1.8779358863830566,
            3.866220712661743,
            1.9051965475082397
        ],
        "position": [
            -45.03723911329185,
            6.988967780503517,
            -2.5365121847370564
        ],
        "yaw": -0.0002938798262905884,
        "num_points": 0,
        "distance": 45.646823237198674,
        "speed": 4.774792144055967,
        "brake": 0.0,
        "id": 2432,
        "ego_matrix": [
            [
                -0.007633058819919825,
                -0.9999708533287048,
                8.954510121839121e-05,
                388.0560607910156
            ],
            [
                0.9999707341194153,
                -0.0076330965384840965,
                -0.0004265749885234982,
                -79.28144836425781
            ],
            [
                0.00042724606464616954,
                8.628641808172688e-05,
                0.9999998807907104,
                0.009821529500186443
            ],
            [
                0.0,
                0.0,
                0.0,
                1.0
            ]
        ]
    },
    {
        "class": "Car",
        "extent": [
            1.2511454820632935,
            2.2094459533691406,
            0.8670341968536377
        ],
        "position": [
            -29.944317940607284,
            31.492831004284792,
            -2.576811748855099
        ],
        "yaw": -3.1418678912884532,
        "num_points": 0,
        "distance": 43.53275250178484,
        "speed": 6.396729772203479,
        "brake": 0.0,
        "id": 2452,
        "ego_matrix": [
            [
                0.007651661988347769,
                0.9999707341194153,
                -1.588037412147969e-05,
                412.43951416015625
            ],
            [
                -0.9999673962593079,
                0.00765167735517025,
                0.0025903694331645966,
                -63.994773864746094
            ],
            [
                0.0025904150679707527,
                -3.94077505916357e-06,
                0.9999966621398926,
                -0.03475421667098999
            ],
            [
                0.0,
                0.0,
                0.0,
                1.0
            ]
        ]
    },
    {
        "class": "Car",
        "extent": [
            1.6672759056091309,
            4.611005783081055,
            2.241713285446167
        ],
        "position": [
            -17.66699849352072,
            6.997525240436138,
            -2.4642621969010783
        ],
        "yaw": -0.00027417243422389603,
        "num_points": 20,
        "distance": 19.161440014666955,
        "speed": 4.994427435874161,
        "brake": 0.0,
        "id": 2477,
        "ego_matrix": [
            [
                -0.0076527283526957035,
                -0.9999707341194153,
                6.053240895198542e-07,
                387.84765625
            ],
            [
                0.9999707341194153,
                -0.0076527283526957035,
                -0.0001023991426336579,
                -51.91197967529297
            ],
            [
                0.00010240077244816348,
                -1.7832643095516687e-07,
                1.0,
                0.0741005688905716
            ],
            [
                0.0,
                0.0,
                0.0,
                1.0
            ]
        ]
    },
    {
        "class": "Car",
        "extent": [
            1.4738311767578125,
            4.1928300857543945,
            1.8161858320236206
        ],
        "position": [
            -29.050889576918514,
            20.99528047253553,
            -2.5468683194506596
        ],
        "yaw": -3.141637661012216,
        "num_points": 0,
        "distance": 35.93386321518139,
        "speed": 7.417065908071735,
        "brake": 0.0,
        "id": 2485,
        "ego_matrix": [
            [
                0.007881986908614635,
                0.999968945980072,
                -1.0559777365415357e-05,
                401.9352111816406
            ],
            [
                -0.9999682903289795,
                0.007881994359195232,
                0.001136970124207437,
                -63.18457794189453
            ],
            [
                0.001137017970904708,
                1.597858386048756e-06,
                0.9999993443489075,
                -0.005122089292854071
            ],
            [
                0.0,
                0.0,
                0.0,
                1.0
            ]
        ]
    },
    {
        "class": "Car",
        "extent": [
            1.300939917564392,
            4.717525005340576,
            1.894826889038086
        ],
        "position": [
            -9.292406784169428,
            27.998590208270585,
            -2.541910440004446
        ],
        "yaw": -3.14185923601491,
        "num_points": 2,
        "distance": 29.609646843185196,
        "speed": 4.865436198145758,
        "brake": 0.0,
        "id": 2487,
        "ego_matrix": [
            [
                0.00766038941219449,
                0.9999706745147705,
                -1.3697842859983211e-07,
                408.78167724609375
            ],
            [
                -0.9999706745147705,
                0.00766038941219449,
                1.7880867744679563e-05,
                -43.37120056152344
            ],
            [
                1.7881391613627784e-05,
                -0.0,
                1.0,
                -0.005884341895580292
            ],
            [
                0.0,
                0.0,
                0.0,
                1.0
            ]
        ]
    },
    {
        "class": "Car",
        "extent": [
            1.0795789957046509,
            1.4872888326644897,
            0.8592574596405029
        ],
        "position": [
            -43.087574421091276,
            24.49035459509423,
            -2.5434987170009395
        ],
        "yaw": -3.1303342732395376,
        "num_points": 0,
        "distance": 49.62646394223467,
        "speed": 2.4609923929817317,
        "brake": 0.0,
        "id": 2494,
        "ego_matrix": [
            [
                0.019184201955795288,
                0.9998157620429993,
                0.0006289933808147907,
                405.54144287109375
            ],
            [
                -0.9998158812522888,
                0.019184401258826256,
                -0.00030973603134043515,
                -77.193115234375
            ],
            [
                -0.00032174584339372814,
                -0.0006229355349205434,
                0.9999997615814209,
                0.0023524092976003885
            ],
            [
                0.0,
                0.0,
                0.0,
                1.0
            ]
        ]
    },
    {
        "class": "Car",
        "extent": [
            1.488319993019104,
            4.791779518127441,
            2.163450002670288
        ],
        "position": [
            -9.369099178311163,
            20.99916617764444,
            -2.5346839599053217
        ],
        "yaw": -3.141861100227673,
        "num_points": 0,
        "distance": 23.133733428609364,
        "speed": 4.815292817119586,
        "brake": 0.0,
        "id": 2517,
        "ego_matrix": [
            [
                0.007658482063561678,
                0.9999706745147705,
                -2.2194406312792125e-07,
                401.7830810546875
            ],
            [
                -0.9999706745147705,
                0.007658482063561678,
                3.075519998674281e-05,
                -43.50337219238281
            ],
            [
                3.075599670410156e-05,
                -1.3600582882133949e-08,
                1.0,
                0.0013303947634994984
            ],
            [
                0.0,
                0.0,
                0.0,
                1.0
            ]
        ]
    },
    {
        "class": "Car",
        "extent": [
            1.8548461198806763,
            4.6045098304748535,
            1.9315931797027588
        ],
        "position": [
            -18.284406119088903,
            10.497287753771149,
            -2.5278931097633466
        ],
        "yaw": -0.000290284558818632,
        "num_points": 17,
        "distance": 21.234471994557303,
        "speed": 4.825750926349786,
        "brake": 0.0,
        "id": 2544,
        "ego_matrix": [
            [
                -0.007636633235961199,
                -0.9999708533287048,
                5.154793598194374e-06,
                391.3522033691406
            ],
            [
                0.999970555305481,
                -0.007636635098606348,
                -0.0007352648535743356,
                -52.501644134521484
            ],
            [
                0.0007352827815338969,
                -4.603061256602814e-07,
                0.9999997019767761,
                0.010666503570973873
            ],
            [
                0.0,
                0.0,
                0.0,
                1.0
            ]
        ]
    },
    {
        "class": "Car",
        "extent": [
            1.1256572008132935,
            1.8354405164718628,
            0.3289288878440857
        ],
        "position": [
            10.43178172236148,
            20.97189027722616,
            -2.54379136583411
        ],
        "yaw": -3.068455592153492,
        "num_points": 0,
        "distance": 23.56083882666108,
        "speed": 3.037408898575795,
        "brake": 0.0,
        "id": 2559,
        "ego_matrix": [
            [
                0.08097498118877411,
                0.9967114925384521,
                -0.0030248938128352165,
                401.5988464355469
            ],
            [
                -0.9967120289802551,
                0.08098293840885162,
                0.0026080606039613485,
                -23.703332901000977
            ],
            [
                0.0028444488998502493,
                0.0028037603478878736,
                0.9999920129776001,
                -0.013543720357120037
            ],
            [
                0.0,
                0.0,
                0.0,
                1.0
            ]
        ]
    },
    {
        "class": "Car",
        "extent": [
            1.1454535722732544,
            2.0333523750305176,
            0.8025798797607422
        ],
        "position": [
            -3.1132202785679572,
            25.02629947260371,
            -2.533167130896487
        ],
        "yaw": -3.159347149629024,
        "num_points": 2,
        "distance": 25.34609913790258,
        "speed": 5.631226959337574,
        "brake": 0.0,
        "id": 2561,
        "ego_matrix": [
            [
                -0.009827133268117905,
                0.9997796416282654,
                -0.01855015754699707,
                405.760498046875
            ],
            [
                -0.9999387264251709,
                -0.009730818681418896,
                0.005275222938507795,
                -37.21576690673828
            ],
            [
                0.005093552637845278,
                0.018600860610604286,
                0.999813973903656,
                0.001044941833242774
            ],
            [
                0.0,
                0.0,
                0.0,
                1.0
            ]
        ]
    },
    {
        "class": "Car",
        "extent": [
            1.488319993019104,
            4.791779518127441,
            2.163450002670288
        ],
        "position": [
            -29.698886799229538,
            27.99326299209946,
            -2.5402662690383786
        ],
        "yaw": -3.1418668260240166,
        "num_points": 4,
        "distance": 40.89131451513768,
        "speed": 7.761100856099986,
        "brake": 0.0,
        "id": 2577,
        "ego_matrix": [
            [
                0.00765276001766324,
                0.9999707341194153,
                -3.1842296266404446e-06,
                408.9381103515625
            ],
            [
                -0.9999706745147705,
                0.007652760483324528,
                0.0004216312081553042,
                -63.77708053588867
            ],
            [
                0.0004216432280372828,
                -4.2506144382059574e-08,
                0.9999999403953552,
                0.0017027473077178001
            ],
            [
                0.0,
                0.0,
                0.0,
                1.0
            ]
        ]
    },
    {
        "class": "Car",
        "extent": [
            1.6171096563339233,
            3.987684965133667,
            1.8508483171463013
        ],
        "position": [
            8.054771158305995,
            28.143520264475477,
            -2.492896945061206
        ],
        "yaw": -3.0877789563908893,
        "num_points": 8,
        "distance": 29.379441901920387,
        "speed": 4.979068201225877,
        "brake": 0.0,
        "id": 2582,
        "ego_matrix": [
            [
                0.061701495200395584,
                0.9980945587158203,
                0.00035435243626125157,
                408.7890930175781
            ],
            [
                -0.9980946183204651,
                0.06170148402452469,
                4.1732324461918324e-05,
                -26.023405075073242
            ],
            [
                1.9788740246440284e-05,
                -0.0003562522178981453,
                0.9999999403953552,
                0.03807786852121353
            ],
            [
                0.0,
                0.0,
                0.0,
                1.0
            ]
        ]
    },
    {
        "class": "Car",
        "extent": [
            1.3787471055984497,
            2.2072951793670654,
            1.4809197187423706
        ],
        "position": [
            -46.364352539863056,
            20.99020984257518,
            -2.5438469578115845
        ],
        "yaw": -3.141760965370686,
        "num_points": 0,
        "distance": 50.95795573824378,
        "speed": 5.287680701581767,
        "brake": 0.0,
        "id": 2587,
        "ego_matrix": [
            [
                0.007758434861898422,
                0.9999698996543884,
                -5.2928087825421244e-05,
                402.0673828125
            ],
            [
                -0.999946653842926,
                0.00775861507281661,
                0.006821611896157265,
                -80.4975357055664
            ],
            [
                0.006821817252784967,
                2.3283061589829401e-10,
                0.9999767541885376,
                0.0029414177406579256
            ],
            [
                0.0,
                0.0,
                0.0,
                1.0
            ]
        ]
    },
    {
        "class": "Car",
        "extent": [
            1.6493593454360962,
            4.855708599090576,
            2.0327565670013428
        ],
        "position": [
            8.998623382034234,
            31.623187512348704,
            -2.540444642861806
        ],
        "yaw": -3.0781767959225537,
        "num_points": 4,
        "distance": 32.976583664720415,
        "speed": 4.57199198903074,
        "brake": 0.0,
        "id": 2590,
        "ego_matrix": [
            [
                0.07128239423036575,
                0.9974557161331177,
                0.000984563142992556,
                412.26116943359375
            ],
            [
                -0.9974561929702759,
                0.0712822675704956,
                0.00015832274220883846,
                -25.052013397216797
            ],
            [
                8.773802983341739e-05,
                -0.00099334423430264,
                0.9999995231628418,
                -0.009727763012051582
            ],
            [
                0.0,
                0.0,
                0.0,
                1.0
            ]
        ]
    },
    {
        "class": "Car",
        "extent": [
            1.4106584787368774,
            5.357479572296143,
            2.033203125
        ],
        "position": [
            -34.11350776135231,
            -16.533670136995756,
            -2.5465348416186324
        ],
        "yaw": 1.550265085845094,
        "num_points": 0,
        "distance": 37.99445353841015,
        "speed": 4.700952247706571,
        "brake": 0.0,
        "id": 2593,
        "ego_matrix": [
            [
                -0.9999205470085144,
                -0.012603815644979477,
                7.773841934977099e-05,
                364.44757080078125
            ],
            [
                0.012603815644979477,
                -0.9999205470085144,
                6.181446678965585e-07,
                -68.54452514648438
            ],
            [
                7.772445678710938e-05,
                1.597896357452555e-06,
                1.0,
                -0.003496951889246702
            ],
            [
                0.0,
                0.0,
                0.0,
                1.0
            ]
        ]
    },
    {
        "class": "Car",
        "extent": [
            1.8779358863830566,
            3.866220712661743,
            1.9051965475082397
        ],
        "position": [
            -17.832765509274502,
            -0.002330744655184149,
            -2.528555224054877
        ],
        "yaw": -0.00034434672894745333,
        "num_points": 27,
        "distance": 18.011138849674,
        "speed": 4.773888166892439,
        "brake": 0.0,
        "id": 2600,
        "ego_matrix": [
            [
                -0.007582634687423706,
                -0.9999712705612183,
                9.220837819157168e-05,
                380.8493347167969
            ],
            [
                0.9999711513519287,
                -0.00758267380297184,
                -0.0004294202371966094,
                -52.13324737548828
            ],
            [
                0.0004301070875953883,
                8.894957863958552e-05,
                0.9999998807907104,
                0.009821739047765732
            ],
            [
                0.0,
                0.0,
                0.0,
                1.0
            ]
        ]
    },
    {
        "class": "Car",
        "extent": [
            1.1256572008132935,
            1.8354405164718628,
            0.3289288878440857
        ],
        "position": [
            -23.300162199000955,
            24.497824088513372,
            -2.5536324954738485
        ],
        "yaw": -3.141601575179445,
        "num_points": 0,
        "distance": 33.90519108475042,
        "speed": 3.03799707736658,
        "brake": 0.0,
        "id": 2601,
        "ego_matrix": [
            [
                0.007917961105704308,
                0.9999686479568481,
                -2.4089877115329728e-05,
                405.3920593261719
            ],
            [
                -0.9999645948410034,
                0.007917997427284718,
                0.0028405324555933475,
                -57.40626907348633
            ],
            [
                0.0028406342025846243,
                1.5978002920746803e-06,
                0.9999959468841553,
                -0.013543986715376377
            ],
            [
                0.0,
                0.0,
                0.0,
                1.0
            ]
        ]
    },
    {
        "class": "Car",
        "extent": [
            1.3787471055984497,
            2.2072951793670654,
            1.4809197187423706
        ],
        "position": [
            -19.144545373278568,
            3.495742596660826,
            -2.5358344324998776
        ],
        "yaw": -0.0002009355042464911,
        "num_points": 4,
        "distance": 19.625602923749444,
        "speed": 5.287038015216175,
        "brake": 0.0,
        "id": 2646,
        "ego_matrix": [
            [
                -0.007725860457867384,
                -0.9999701380729675,
                5.2572144340956584e-05,
                384.3576965332031
            ],
            [
                0.9999468922615051,
                -0.00772603927180171,
                -0.006819826550781727,
                -53.417259216308594
            ],
            [
                0.006820029113441706,
                -1.19674950838089e-07,
                0.9999767541885376,
                0.0029415893368422985
            ],
            [
                0.0,
                0.0,
                0.0,
                1.0
            ]
        ]
    },
    {
        "class": "Car",
        "extent": [
            1.1454535722732544,
            2.0333523750305176,
            0.8025798797607422
        ],
        "position": [
            42.91339737013831,
            -16.63368967002895,
            -2.4499814920181118
        ],
        "yaw": 1.0063546469288698,
        "num_points": 0,
        "distance": 46.08949679913476,
        "speed": 4.651739291438975,
        "brake": 0.0,
        "id": 2651,
        "ego_matrix": [
            [
                -0.8490018248558044,
                -0.5283573865890503,
                0.005862122401595116,
                363.7369689941406
            ],
            [
                0.5281680822372437,
                -0.8489146828651428,
                -0.019552115350961685,
                8.479192733764648
            ],
            [
                0.015306946821510792,
                -0.013503596186637878,
                0.9997916221618652,
                0.0706234946846962
            ],
            [
                0.0,
                0.0,
                0.0,
                1.0
            ]
        ]
    },
    {
        "class": "Car",
        "extent": [
            1.8548461198806763,
            4.6045098304748535,
            1.9315931797027588
        ],
        "position": [
            39.891491461646645,
            -18.50621366250695,
            -2.4575221772883413
        ],
        "yaw": 0.9923858343791865,
        "num_points": 0,
        "distance": 44.04373338409052,
        "speed": 4.772936049595331,
        "brake": 0.0,
        "id": 2659,
        "ego_matrix": [
            [
                -0.8415258526802063,
                -0.5400785803794861,
                0.012221240438520908,
                361.8884582519531
            ],
            [
                0.5399659276008606,
                -0.8416091203689575,
                -0.011441247537732124,
                5.442536354064941
            ],
            [
                0.016464680433273315,
                -0.0030290530994534492,
                0.9998598694801331,
                0.06395375728607178
            ],
            [
                0.0,
                0.0,
                0.0,
                1.0
            ]
        ]
    }
]