[
    {
        "class": "Car",
        "extent": [
            1.5107464790344238,
            4.901683330535889,
            2.128324270248413
        ],
        "position": [
            -1.3,
            0.0,
            -2.5
        ],
        "yaw": 0,
        "num_points": -1,
        "distance": -1,
        "speed": 4.139626599456536,
        "brake": 0.0,
        "id": 2402,
        "ego_matrix": [
            [
                -0.007506819441914558,
                -0.9999718070030212,
                2.91575906885555e-06,
                380.7060852050781
            ],
            [
                0.9999716877937317,
                -0.007506819907575846,
                -0.000541680317837745,
                -33.685089111328125
            ],
            [
                0.0005416869535110891,
                -1.1506198234201293e-06,
                0.9999998807907104,
                0.033147696405649185
            ],
            [
                0.0,
                0.0,
                0.0,
                1.0
            ]
        ]
    },
    {
        "class": "Car",
        "extent": [
            1.50146484375,
            3.633375883102417,
            1.845113754272461
        ],
        "position": [
            44.505256462512406,
            -15.825295050835404,
            -2.490602136698524
        ],
        "yaw": 1.0233010067353168,
        "num_points": 1,
        "distance": 47.300749626653115,
        "speed": 4.554146895512585,
        "brake": 0.0,
        "id": 2411,
        "ego_matrix": [
            [
                -0.85765141248703,
                -0.5140262842178345,
                0.014528855681419373,
                364.5373840332031
            ],
            [
                0.5140881538391113,
                -0.857737123966217,
                0.0006233407184481621,
                12.000066757202148
            ],
            [
                0.012141524814069271,
                0.0080037210136652,
                0.9998942613601685,
                0.0673394575715065
            ],
            [
                0.0,
                0.0,
                0.0,
                1.0
            ]
        ]
    },
    {
        "class": "Car",
        "extent": [
            1.300939917564392,
            4.717525005340576,
            1.894826889038086
        ],
        "position": [
            -13.6330806951861,
            31.502573799978762,
            -2.5323848382492797
        ],
        "yaw": -3.1414397881432228,
        "num_points": 0,
        "distance": 34.41926812460659,
        "speed": 4.879462342414502,
        "brake": 0.0,
        "id": 2429,
        "ego_matrix": [
            [
                0.007659674156457186,
                0.9999706745147705,
                -9.307289872140245e-08,
                412.30035400390625
            ],
            [
                -0.9999706745147705,
                0.007659674156457186,
                1.788120425771922e-05,
                -45.78131866455078
            ],
            [
                1.7881391613627784e-05,
                -4.3894029744251384e-08,
                1.0,
                -0.0058815572410821915
            ],
            [
                0.0,
                0.0,
                0.0,
                1.0
            ]
        ]
    },
    {
        "class": "Car",
        "extent": [
            1.8779358863830566,
            3.866220712661743,
            1.9051965475082397
        ],
        "position": [
            -44.5570019586084,
            7.006682080023241,
            -2.499986210020291
        ],
        "yaw": 0.00012676646788767343,
        "num_points": 1,
        "distance": 45.17377500674748,
        "speed": 4.875703486794386,
        "brake": 0.0,
        "id": 2432,
        "ego_matrix": [
            [
                -0.007633653935045004,
                -0.9999708533287048,
                9.16957069421187e-05,
                388.03729248046875
            ],
            [
                0.9999706149101257,
                -0.0076337167993187904,
                -0.0007082581869326532,
                -76.88826751708984
            ],
            [
                0.0007089375285431743,
                8.628641808172688e-05,
                0.9999997615814209,
                0.009737796150147915
            ],
            [
                0.0,
                0.0,
                0.0,
                1.0
            ]
        ]
    },
    {
        "class": "Car",
        "extent": [
            1.2511454820632935,
            2.2094459533691406,
            0.8670341968536377
        ],
        "position": [
            -34.999843815417265,
            31.505416022376327,
            -2.5496579081920423
        ],
        "yaw": -3.1414467123620566,
        "num_points": 0,
        "distance": 47.16016392354266,
        "speed": 5.974994302659376,
        "brake": 0.0,
        "id": 2452,
        "ego_matrix": [
            [
                0.007652754429727793,
                0.9999707341194153,
                -5.7006632232514676e-06,
                412.4635925292969
            ],
            [
                -0.9999699592590332,
                0.007652755361050367,
                0.0012608696706593037,
                -67.14744567871094
            ],
            [
                0.0012608763063326478,
                -3.9486330933868885e-06,
                0.9999992251396179,
                -0.03472871705889702
            ],
            [
                0.0,
                0.0,
                0.0,
                1.0
            ]
        ]
    },
    {
        "class": "Car",
        "extent": [
            1.6672759056091309,
            4.611005783081055,
            2.241713285446167
        ],
        "position": [
            -17.09511679709994,
            7.004428745787755,
            -2.4506098336129067
        ],
        "yaw": 0.00014567491162753576,
        "num_points": 35,
        "distance": 18.63626917915457,
        "speed": 4.95544349213234,
        "brake": 0.0,
        "id": 2477,
        "ego_matrix": [
            [
                -0.007652489934116602,
                -0.9999707341194153,
                -1.9990790178781026e-07,
                387.8288879394531
            ],
            [
                0.9999707341194153,
                -0.007652489934116602,
                2.1442999695864273e-06,
                -49.42720413208008
            ],
            [
                -2.145766984540387e-06,
                -1.83492815608588e-07,
                1.0,
                0.07398990541696548
            ],
            [
                0.0,
                0.0,
                0.0,
                1.0
            ]
        ]
    },
    {
        "class": "Car",
        "extent": [
            1.4738311767578125,
            4.1928300857543945,
            1.8161858320236206
        ],
        "position": [
            -34.43460767107657,
            21.008325865022474,
            -2.520223803782508
        ],
        "yaw": -3.1412511031799903,
        "num_points": 0,
        "distance": 40.41588164488175,
        "speed": 6.602052908272829,
        "brake": 0.0,
        "id": 2485,
        "ego_matrix": [
            [
                0.007848376408219337,
                0.9999691843986511,
                6.8523850131896324e-06,
                401.9625549316406
            ],
            [
                -0.9999690651893616,
                0.007848379202187061,
                -0.0005449878517538309,
                -66.66104125976562
            ],
            [
                -0.0005450248718261719,
                -2.5749029646249255e-06,
                0.9999998807907104,
                -0.005000514909625053
            ],
            [
                0.0,
                0.0,
                0.0,
                1.0
            ]
        ]
    },
    {
        "class": "Car",
        "extent": [
            1.300939917564392,
            4.717525005340576,
            1.894826889038086
        ],
        "position": [
            -13.633631477038305,
            28.00253213882615,
            -2.532380550864201
        ],
        "yaw": -3.14143912235295,
        "num_points": 4,
        "distance": 31.24789056387769,
        "speed": 4.879462280705976,
        "brake": 0.0,
        "id": 2487,
        "ego_matrix": [
            [
                0.00766038941219449,
                0.9999706745147705,
                -1.3697842859983211e-07,
                408.8004150390625
            ],
            [
                -0.9999706745147705,
                0.00766038941219449,
                1.7880867744679563e-05,
                -45.808143615722656
            ],
            [
                1.7881391613627784e-05,
                -0.0,
                1.0,
                -0.005881595425307751
            ],
            [
                0.0,
                0.0,
                0.0,
                1.0
            ]
        ]
    },
    {
        "class": "Car",
        "extent": [
            1.488319993019104,
            4.791779518127441,
            2.163450002670288
        ],
        "position": [
            -13.685968688856859,
            21.00334594219077,
            -2.525130706139773
        ],
        "yaw": -3.141440986565713,
        "num_points": 0,
        "distance": 25.19568544022571,
        "speed": 4.822518544993237,
        "brake": 0.0,
        "id": 2517,
        "ego_matrix": [
            [
                0.007658482063561678,
                0.9999706745147705,
                -2.2194406312792125e-07,
                401.80181884765625
            ],
            [
                -0.9999706745147705,
                0.007658482063561678,
                3.075519998674281e-05,
                -45.91302490234375
            ],
            [
                3.075599670410156e-05,
                -1.3600582882133949e-08,
                1.0,
                0.0013318442506715655
            ],
            [
                0.0,
                0.0,
                0.0,
                1.0
            ]
        ]
    },
    {
        "class": "Car",
        "extent": [
            1.8548461198806763,
            4.6045098304748535,
            1.9315931797027588
        ],
        "position": [
            -17.783885608854895,
            10.503934649344691,
            -2.5135008134271444
        ],
        "yaw": 0.00012916331286882965,
        "num_points": 13,
        "distance": 20.806655589153177,
        "speed": 4.824378844086138,
        "brake": 0.0,
        "id": 2544,
        "ego_matrix": [
            [
                -0.007636039052158594,
                -0.9999708533287048,
                3.3047822398657445e-06,
                391.3334655761719
            ],
            [
                0.9999707341194153,
                -0.007636039983481169,
                -0.00046836165711283684,
                -50.08964920043945
            ],
            [
                0.0004683732404373586,
                -2.717424649745226e-07,
                0.9999998807907104,
                0.010729866102337837
            ],
            [
                0.0,
                0.0,
                0.0,
                1.0
            ]
        ]
    },
    {
        "class": "Car",
        "extent": [
            1.1256572008132935,
            1.8354405164718628,
            0.3289288878440857
        ],
        "position": [
            6.957680891032861,
            21.044637353074084,
            -2.551208210389375
        ],
        "yaw": -3.096271111316879,
        "num_points": 0,
        "distance": 22.311314350270873,
        "speed": 3.273316136279002,
        "brake": 0.0,
        "id": 2559,
        "ego_matrix": [
            [
                0.05280375853180885,
                0.9986009001731873,
                -0.00282960943877697,
                401.6881408691406
            ],
            [
                -0.998601496219635,
                0.05281076580286026,
                0.00246218778192997,
                -25.269636154174805
            ],
            [
                0.002608176786452532,
                0.002695639617741108,
                0.9999929666519165,
                -0.013563212938606739
            ],
            [
                0.0,
                0.0,
                0.0,
                1.0
            ]
        ]
    },
    {
        "class": "Car",
        "extent": [
            1.1454535722732544,
            2.0333523750305176,
            0.8025798797607422
        ],
        "position": [
            -8.591329602248443,
            24.946486677698253,
            -2.526489244668591
        ],
        "yaw": -3.166421304432602,
        "num_points": 0,
        "distance": 26.50511818118291,
        "speed": 8.352451748837009,
        "brake": 0.0,
        "id": 2561,
        "ego_matrix": [
            [
                -0.017320262268185616,
                0.9998491406440735,
                -0.0013123498065397143,
                405.70660400390625
            ],
            [
                -0.9998141527175903,
                -0.01733073778450489,
                -0.008441930636763573,
                -40.7889289855957
            ],
            [
                -0.008463400416076183,
                0.0011658895527943969,
                0.9999635219573975,
                0.0027375423815101385
            ],
            [
                0.0,
                0.0,
                0.0,
                1.0
            ]
        ]
    },
    {
        "class": "Car",
        "extent": [
            1.488319993019104,
            4.791779518127441,
            2.163450002670288
        ],
        "position": [
            -35.69549017940895,
            28.005985171432755,
            -2.512831626551352
        ],
        "yaw": -3.14144711183622,
        "num_points": 3,
        "distance": 45.44026350445372,
        "speed": 8.56596487773347,
        "brake": 0.0,
        "id": 2577,
        "ego_matrix": [
            [
                0.007652402389794588,
                0.9999707341194153,
                -2.8178853881399846e-06,
                408.969482421875
            ],
            [
                -0.9999706745147705,
                0.007652402855455875,
                0.0003794326912611723,
                -67.8693618774414
            ],
            [
                0.00037944313953630626,
                -8.576898835599422e-08,
                0.9999999403953552,
                0.0017167091136798263
            ],
            [
                0.0,
                0.0,
                0.0,
                1.0
            ]
        ]
    },
    {
        "class": "Car",
        "extent": [
            1.6171096563339233,
            3.987684965133667,
            1.8508483171463013
        ],
        "position": [
            3.6720038546764586,
            28.206819408323284,
            -2.497605618332114
        ],
        "yaw": -3.113460085098632,
        "num_points": 11,
        "distance": 28.554269510306966,
        "speed": 4.946419081233122,
        "brake": 0.0,
        "id": 2582,
        "ego_matrix": [
            [
                0.0356319360435009,
                0.999364972114563,
                0.00022502873616758734,
                408.8747863769531
            ],
            [
                -0.999364972114563,
                0.0356319360435009,
                7.426879164995626e-06,
                -28.501483917236328
            ],
            [
                -5.960463909104874e-07,
                -0.00022515047749038786,
                1.0,
                0.03826780244708061
            ],
            [
                0.0,
                0.0,
                0.0,
                1.0
            ]
        ]
    },
    {
        "class": "Car",
        "extent": [
            1.6493593454360962,
            4.855708599090576,
            2.0327565670013428
        ],
        "position": [
            4.809774321124691,
            31.697575586974516,
            -2.5462197313801376
        ],
        "yaw": -3.1052962979350482,
        "num_points": 0,
        "distance": 32.161365985178286,
        "speed": 4.57675686173531,
        "brake": 0.0,
        "id": 2590,
        "ego_matrix": [
            [
                0.04378928244113922,
                0.9990404844284058,
                0.0007652780623175204,
                412.3569030761719
            ],
            [
                -0.9990407824516296,
                0.043789204210042953,
                0.00011384800745872781,
                -27.337514877319336
            ],
            [
                8.022785186767578e-05,
                -0.0007695293170399964,
                0.9999997019767761,
                -0.009725970216095448
            ],
            [
                0.0,
                0.0,
                0.0,
                1.0
            ]
        ]
    },
    {
        "class": "Car",
        "extent": [
            1.4106584787368774,
            5.357479572296143,
            2.033203125
        ],
        "position": [
            -35.98918186852727,
            -18.87083057798451,
            -2.5178283712524276
        ],
        "yaw": 1.550685199507054,
        "num_points": 0,
        "distance": 40.71448044585625,
        "speed": 4.704685142965273,
        "brake": 0.0,
        "id": 2593,
        "ego_matrix": [
            [
                -0.9999205470085144,
                -0.012603815644979477,
                7.773841934977099e-05,
                362.09619140625
            ],
            [
                0.012603815644979477,
                -0.9999205470085144,
                6.181446678965585e-07,
                -68.51493835449219
            ],
            [
                7.772445678710938e-05,
                1.597896357452555e-06,
                1.0,
                -0.0034930610563606024
            ],
            [
                0.0,
                0.0,
                0.0,
                1.0
            ]
        ]
    },
    {
        "class": "Car",
        "extent": [
            1.8779358863830566,
            3.866220712661743,
            1.9051965475082397
        ],
        "position": [
            -17.361700493107175,
            0.005099287009853405,
            -2.5146349366737333
        ],
        "yaw": 7.510114274023039e-05,
        "num_points": 20,
        "distance": 17.542863474354068,
        "speed": 4.774629971271137,
        "brake": 0.0,
        "id": 2600,
        "ego_matrix": [
            [
                -0.007581919431686401,
                -0.9999712705612183,
                9.191405843012035e-05,
                380.8317565917969
            ],
            [
                0.9999711513519287,
                -0.007581961341202259,
                -0.0004608946619555354,
                -49.74628829956055
            ],
            [
                0.0004615783109329641,
                8.841694216243923e-05,
                0.9999998807907104,
                0.009812355041503906
            ],
            [
                0.0,
                0.0,
                0.0,
                1.0
            ]
        ]
    },
    {
        "class": "Car",
        "extent": [
            1.1256572008132935,
            1.8354405164718628,
            0.3289288878440857
        ],
        "position": [
            -26.77490419489836,
            24.507941064516384,
            -2.532940016055586
        ],
        "yaw": -3.141188385736319,
        "num_points": 0,
        "distance": 36.386129980979426,
        "speed": 3.27379666807601,
        "brake": 0.0,
        "id": 2601,
        "ego_matrix": [
            [
                0.007911051623523235,
                0.9999687075614929,
                -2.1139670934644528e-05,
                405.4045715332031
            ],
            [
                -0.9999653100967407,
                0.007911079563200474,
                0.0026047532446682453,
                -58.975276947021484
            ],
            [
                0.00260483892634511,
                5.326000973582268e-07,
                0.9999966025352478,
                -0.013563537038862705
            ],
            [
                0.0,
                0.0,
                0.0,
                1.0
            ]
        ]
    },
    {
        "class": "Car",
        "extent": [
            1.3787471055984497,
            2.2072951793670654,
            1.4809197187423706
        ],
        "position": [
            -18.567766884473734,
            3.502918983512008,
            -2.520712679941147
        ],
        "yaw": 0.000219577631876966,
        "num_points": 7,
        "distance": 19.062696579865722,
        "speed": 5.092142735289833,
        "brake": 0.0,
        "id": 2646,
        "ego_matrix": [
            [
                -0.007726243231445551,
                -0.9999701380729675,
                4.8837053327588364e-05,
                384.3385314941406
            ],
            [
                0.999950110912323,
                -0.00772639736533165,
                -0.006330259144306183,
                -50.92605972290039
            ],
            [
                0.0063304477371275425,
                -7.450579886381092e-08,
                0.9999799728393555,
                0.0030853271018713713
            ],
            [
                0.0,
                0.0,
                0.0,
                1.0
            ]
        ]
    },
    {
        "class": "Car",
        "extent": [
            1.1454535722732544,
            2.0333523750305176,
            0.8025798797607422
        ],
        "position": [
            42.140708138354164,
            -18.673020668701216,
            -2.4327870153657662
        ],
        "yaw": 1.0655299531923763,
        "num_points": 0,
        "distance": 46.156683545915904,
        "speed": 4.668285157374734,
        "brake": 0.0,
        "id": 2651,
        "ego_matrix": [
            [
                -0.8785675764083862,
                -0.47758620977401733,
                0.0055208969861269,
                361.7074890136719
            ],
            [
                0.4774108827114105,
                -0.8784682154655457,
                -0.019302159547805786,
                9.614176750183105
            ],
            [
                0.014068377204239368,
                -0.014322515577077866,
                0.9997984766960144,
                0.12387044727802277
            ],
            [
                0.0,
                0.0,
                0.0,
                1.0
            ]
        ]
    },
    {
        "class": "Car",
        "extent": [
            1.8548461198806763,
            4.6045098304748535,
            1.9315931797027588
        ],
        "position": [
            39.13655804555708,
            -20.604714762827705,
            -2.4498765490887426
        ],
        "yaw": 1.0581535296050748,
        "num_points": 0,
        "distance": 44.29702406727255,
        "speed": 4.7552110941252295,
        "brake": 0.0,
        "id": 2659,
        "ego_matrix": [
            [
                -0.8749078512191772,
                -0.48396992683410645,
                0.01758936233818531,
                359.79840087890625
            ],
            [
                0.4838153123855591,
                -0.8750813603401184,
                -0.012463502585887909,
                6.595620155334473
            ],
            [
                0.021424083039164543,
                -0.0023944128770381212,
                0.9997676014900208,
                0.10515138506889343
            ],
            [
                0.0,
                0.0,
                0.0,
                1.0
            ]
        ]
    }
]