[
    {
        "class": "Car",
        "extent": [
            1.5107464790344238,
            4.901683330535889,
            2.128324270248413
        ],
        "position": [
            -1.3,
            0.0,
            -2.5
        ],
        "yaw": 0,
        "num_points": -1,
        "distance": -1,
        "speed": 3.700044880829977,
        "brake": 0.0,
        "id": 2402,
        "ego_matrix": [
            [
                -0.007399057969450951,
                -0.9999726414680481,
                -1.7916625438374467e-05,
                380.6919860839844
            ],
            [
                0.9999725818634033,
                -0.007399063557386398,
                0.0003449877549428493,
                -31.738351821899414
            ],
            [
                -0.00034511086414568126,
                -1.5363548300229013e-05,
                0.9999999403953552,
                0.03358909487724304
            ],
            [
                0.0,
                0.0,
                0.0,
                1.0
            ]
        ]
    },
    {
        "class": "Car",
        "extent": [
            1.50146484375,
            3.633375883102417,
            1.845113754272461
        ],
        "position": [
            43.635531541182175,
            -17.833350692338094,
            -2.422394597757903
        ],
        "yaw": 1.0756695395686893,
        "num_points": 4,
        "distance": 47.201228854603634,
        "speed": 4.55712321537752,
        "brake": 0.0,
        "id": 2411,
        "ego_matrix": [
            [
                -0.8833297491073608,
                -0.46852755546569824,
                0.014506292529404163,
                362.5266418457031
            ],
            [
                0.4685823321342468,
                -0.8834196925163269,
                0.00043229246512055397,
                13.0640230178833
            ],
            [
                0.012612603604793549,
                0.007179249078035355,
                0.9998946785926819,
                0.09541276842355728
            ],
            [
                0.0,
                0.0,
                0.0,
                1.0
            ]
        ]
    },
    {
        "class": "Car",
        "extent": [
            1.300939917564392,
            4.717525005340576,
            1.894826889038086
        ],
        "position": [
            -18.017784778163094,
            31.504271898974487,
            -2.545723513376015
        ],
        "yaw": -3.1413320632771287,
        "num_points": 0,
        "distance": 36.38186944624032,
        "speed": 4.885074830856939,
        "brake": 0.0,
        "id": 2429,
        "ego_matrix": [
            [
                0.007659674156457186,
                0.9999706745147705,
                -9.307289872140245e-08,
                412.319091796875
            ],
            [
                -0.9999706745147705,
                0.007659674156457186,
                1.788120425771922e-05,
                -48.222591400146484
            ],
            [
                1.7881391613627784e-05,
                -4.3894029744251384e-08,
                1.0,
                -0.005880909040570259
            ],
            [
                0.0,
                0.0,
                0.0,
                1.0
            ]
        ]
    },
    {
        "class": "Car",
        "extent": [
            1.8779358863830566,
            3.866220712661743,
            1.9051965475082397
        ],
        "position": [
            -43.84065614030011,
            7.0104732766690185,
            -2.538514364727754
        ],
        "yaw": 0.0002383529175620236,
        "num_points": 6,
        "distance": 44.47014640806632,
        "speed": 5.614736728615071,
        "brake": 0.0,
        "id": 2432,
        "ego_matrix": [
            [
                -0.007637448608875275,
                -0.9999708533287048,
                0.00011075506336055696,
                388.01702880859375
            ],
            [
                0.9999680519104004,
                -0.007637689355760813,
                -0.002366479020565748,
                -74.22598266601562
            ],
            [
                0.0023672557435929775,
                9.267765562981367e-05,
                0.9999971985816956,
                0.00986368115991354
            ],
            [
                0.0,
                0.0,
                0.0,
                1.0
            ]
        ]
    },
    {
        "class": "Car",
        "extent": [
            1.2511454820632935,
            2.2094459533691406,
            0.8670341968536377
        ],
        "position": [
            -39.99085983097035,
            31.5094159489922,
            -2.5821363553856553
        ],
        "yaw": -3.1413377890734724,
        "num_points": 0,
        "distance": 50.978226642604255,
        "speed": 5.815935534938368,
        "brake": 0.0,
        "id": 2452,
        "ego_matrix": [
            [
                0.007653952110558748,
                0.9999707341194153,
                1.5175337466644123e-06,
                412.48681640625
            ],
            [
                -0.9999706745147705,
                0.007653951179236174,
                0.0003035273402929306,
                -70.19503784179688
            ],
            [
                0.0003035068220924586,
                -3.840672434307635e-06,
                0.9999999403953552,
                -0.03471052274107933
            ],
            [
                0.0,
                0.0,
                0.0,
                1.0
            ]
        ]
    },
    {
        "class": "Car",
        "extent": [
            1.6672759056091309,
            4.611005783081055,
            2.241713285446167
        ],
        "position": [
            -16.56651888531045,
            7.005398705606011,
            -2.4649718358271504
        ],
        "yaw": 0.00025313346161204286,
        "num_points": 26,
        "distance": 18.15492344112955,
        "speed": 4.945722899941503,
        "brake": 0.0,
        "id": 2477,
        "ego_matrix": [
            [
                -0.0076522515155375,
                -0.9999707341194153,
                2.6388403284727247e-07,
                387.8101501464844
            ],
            [
                0.9999707341194153,
                -0.0076522515155375,
                -5.2093961130594835e-05,
                -46.952606201171875
            ],
            [
                5.20944558957126e-05,
                -1.3475981575084006e-07,
                1.0,
                0.07399352639913559
            ],
            [
                0.0,
                0.0,
                0.0,
                1.0
            ]
        ]
    },
    {
        "class": "Car",
        "extent": [
            1.4738311767578125,
            4.1928300857543945,
            1.8161858320236206
        ],
        "position": [
            -39.62685939724921,
            21.013226078802557,
            -2.5521680767553647
        ],
        "yaw": -3.1411513677971667,
        "num_points": 0,
        "distance": 44.92613067937451,
        "speed": 6.419121987027049,
        "brake": 0.0,
        "id": 2485,
        "ego_matrix": [
            [
                0.00784039031714201,
                0.9999692440032959,
                2.84015959550743e-06,
                401.98822021484375
            ],
            [
                -0.9999692440032959,
                0.00784039031714201,
                -0.00014756334712728858,
                -69.90869903564453
            ],
            [
                -0.00014758108591195196,
                -1.6831180573717575e-06,
                1.0,
                -0.005029125139117241
            ],
            [
                0.0,
                0.0,
                0.0,
                1.0
            ]
        ]
    },
    {
        "class": "Car",
        "extent": [
            1.300939917564392,
            4.717525005340576,
            1.894826889038086
        ],
        "position": [
            -18.01872059754105,
            28.004260668096926,
            -2.5456700637390255
        ],
        "yaw": -3.141331397486856,
        "num_points": 7,
        "distance": 33.39750505071281,
        "speed": 4.88507529543847,
        "brake": 0.0,
        "id": 2487,
        "ego_matrix": [
            [
                0.00766038941219449,
                0.9999706745147705,
                -1.3697842859983211e-07,
                408.8191833496094
            ],
            [
                -0.9999706745147705,
                0.00766038941219449,
                1.7880867744679563e-05,
                -48.24942398071289
            ],
            [
                1.7881391613627784e-05,
                -0.0,
                1.0,
                -0.005880909040570259
            ],
            [
                0.0,
                0.0,
                0.0,
                1.0
            ]
        ]
    },
    {
        "class": "Car",
        "extent": [
            1.488319993019104,
            4.791779518127441,
            2.163450002670288
        ],
        "position": [
            -18.04280468706882,
            21.005294716299307,
            -2.5383576348719465
        ],
        "yaw": -3.1413332616996192,
        "num_points": 0,
        "distance": 27.80662630699411,
        "speed": 4.826380069490787,
        "brake": 0.0,
        "id": 2517,
        "ego_matrix": [
            [
                0.007658482063561678,
                0.9999706745147705,
                -2.2194406312792125e-07,
                401.8205871582031
            ],
            [
                -0.9999706745147705,
                0.007658482063561678,
                3.075519998674281e-05,
                -48.32529067993164
            ],
            [
                3.075599670410156e-05,
                -1.3600582882133949e-08,
                1.0,
                0.0013323021121323109
            ],
            [
                0.0,
                0.0,
                0.0,
                1.0
            ]
        ]
    },
    {
        "class": "Car",
        "extent": [
            1.8548461198806763,
            4.6045098304748535,
            1.9315931797027588
        ],
        "position": [
            -17.316818769692375,
            10.504519526961783,
            -2.5285611660149527
        ],
        "yaw": 0.00023688817896250214,
        "num_points": 14,
        "distance": 20.41104515611512,
        "speed": 4.826249432502935,
        "brake": 0.0,
        "id": 2544,
        "ego_matrix": [
            [
                -0.007636039052158594,
                -0.9999708533287048,
                3.992518486484187e-06,
                391.3147277832031
            ],
            [
                0.9999707341194153,
                -0.007636039983481169,
                -0.0005228366935625672,
                -47.67701721191406
            ],
            [
                0.0005228519439697266,
                -0.0,
                0.9999998807907104,
                0.010716895572841167
            ],
            [
                0.0,
                0.0,
                0.0,
                1.0
            ]
        ]
    },
    {
        "class": "Car",
        "extent": [
            1.1256572008132935,
            1.8354405164718628,
            0.3289288878440857
        ],
        "position": [
            3.309319744629807,
            21.08881957717798,
            -2.5458683221844614
        ],
        "yaw": -3.118410102616762,
        "num_points": 0,
        "distance": 21.498170941846755,
        "speed": 3.514961081873678,
        "brake": 0.0,
        "id": 2559,
        "ego_matrix": [
            [
                0.03057689778506756,
                0.999530017375946,
                -0.002180025912821293,
                401.7461242675781
            ],
            [
                -0.9995284080505371,
                0.0305828545242548,
                0.002752606524154544,
                -26.97313690185547
            ],
            [
                0.002817984437569976,
                0.00209483178332448,
                0.9999938011169434,
                -0.013545951806008816
            ],
            [
                0.0,
                0.0,
                0.0,
                1.0
            ]
        ]
    },
    {
        "class": "Car",
        "extent": [
            1.1454535722732544,
            2.0333523750305176,
            0.8025798797607422
        ],
        "position": [
            -13.821810534655217,
            24.853922803776147,
            -2.5361051771562053
        ],
        "yaw": -3.172477066435333,
        "num_points": 0,
        "distance": 28.55156308613538,
        "speed": 6.581611249086051,
        "brake": 0.0,
        "id": 2561,
        "ego_matrix": [
            [
                -0.023482898250222206,
                0.9997242093086243,
                -0.00012006440374534577,
                405.63787841796875
            ],
            [
                -0.9997169971466064,
                -0.023483185097575188,
                -0.0037958682514727116,
                -44.07593536376953
            ],
            [
                -0.003797641023993492,
                3.089243546128273e-05,
                0.9999927878379822,
                0.0021871773060411215
            ],
            [
                0.0,
                0.0,
                0.0,
                1.0
            ]
        ]
    },
    {
        "class": "Car",
        "extent": [
            1.488319993019104,
            4.791779518127441,
            2.163450002670288
        ],
        "position": [
            -42.11060273708128,
            28.010482362126567,
            -2.5463745520978764
        ],
        "yaw": -3.1413412511828893,
        "num_points": 0,
        "distance": 50.63964858091782,
        "speed": 9.281778481623666,
        "brake": 0.0,
        "id": 2577,
        "ego_matrix": [
            [
                0.007650495041161776,
                0.9999707341194153,
                -2.5775493668334093e-06,
                409.003662109375
            ],
            [
                -0.9999706745147705,
                0.007650495506823063,
                0.0003422401496209204,
                -72.3405990600586
            ],
            [
                0.0003422498411964625,
                -4.0832674130797386e-08,
                0.9999999403953552,
                0.0017290686955675483
            ],
            [
                0.0,
                0.0,
                0.0,
                1.0
            ]
        ]
    },
    {
        "class": "Car",
        "extent": [
            1.6171096563339233,
            3.987684965133667,
            1.8508483171463013
        ],
        "position": [
            -0.7421541753406594,
            28.229845857097825,
            -2.49555977584932
        ],
        "yaw": -3.130991541396569,
        "num_points": 12,
        "distance": 28.349652705638494,
        "speed": 4.937755916516406,
        "brake": 0.0,
        "id": 2582,
        "ego_matrix": [
            [
                0.017999349161982536,
                0.9998379945755005,
                0.00013830862008035183,
                408.91693115234375
            ],
            [
                -0.9998379945755005,
                0.017999347299337387,
                1.524732851976296e-05,
                -30.97164535522461
            ],
            [
                1.2755393072438892e-05,
                -0.00013856065925210714,
                1.0,
                0.038270510733127594
            ],
            [
                0.0,
                0.0,
                0.0,
                1.0
            ]
        ]
    },
    {
        "class": "Car",
        "extent": [
            1.6493593454360962,
            4.855708599090576,
            2.0327565670013428
        ],
        "position": [
            0.5772070676903027,
            31.72932690348899,
            -2.543154621813054
        ],
        "yaw": -3.1255826612226185,
        "num_points": 2,
        "distance": 31.836315571653557,
        "speed": 4.580364317850819,
        "brake": 0.0,
        "id": 2590,
        "ego_matrix": [
            [
                0.023407066240906715,
                0.999725878238678,
                0.00047852107672952116,
                412.40655517578125
            ],
            [
                -0.9997259974479675,
                0.023407025262713432,
                9.145367948804051e-05,
                -29.62644386291504
            ],
            [
                8.022785186767578e-05,
                -0.0004805306380148977,
                0.9999998807907104,
                -0.009725893847644329
            ],
            [
                0.0,
                0.0,
                0.0,
                1.0
            ]
        ]
    },
    {
        "class": "Car",
        "extent": [
            1.4106584787368774,
            5.357479572296143,
            2.033203125
        ],
        "position": [
            -37.89094869872806,
            -21.21995952253097,
            -2.549383201680994
        ],
        "yaw": 1.5507929243731478,
        "num_points": 0,
        "distance": 43.502988749469935,
        "speed": 4.707491124303648,
        "brake": 0.0,
        "id": 2593,
        "ego_matrix": [
            [
                -0.9999205470085144,
                -0.012603815644979477,
                7.773841934977099e-05,
                359.74334716796875
            ],
            [
                0.012603815644979477,
                -0.9999205470085144,
                6.181446678965585e-07,
                -68.48532104492188
            ],
            [
                7.772445678710938e-05,
                1.597896357452555e-06,
                1.0,
                -0.003492183517664671
            ],
            [
                0.0,
                0.0,
                0.0,
                1.0
            ]
        ]
    },
    {
        "class": "Car",
        "extent": [
            1.8779358863830566,
            3.866220712661743,
            1.9051965475082397
        ],
        "position": [
            -16.920651571488236,
            0.006613940737653889,
            -2.5291670898683165
        ],
        "yaw": 0.00018349179910637226,
        "num_points": 17,
        "distance": 17.108628802928433,
        "speed": 4.776627093543486,
        "brake": 0.0,
        "id": 2600,
        "ego_matrix": [
            [
                -0.007582634687423706,
                -0.9999712705612183,
                9.191983554046601e-05,
                380.8141784667969
            ],
            [
                0.9999711513519287,
                -0.007582676596939564,
                -0.0004616098594851792,
                -47.35853576660156
            ],
            [
                0.0004622935666702688,
                8.841696399031207e-05,
                0.9999998807907104,
                0.00981296505779028
            ],
            [
                0.0,
                0.0,
                0.0,
                1.0
            ]
        ]
    },
    {
        "class": "Car",
        "extent": [
            1.1256572008132935,
            1.8354405164718628,
            0.3289288878440857
        ],
        "position": [
            -30.423654610285656,
            24.5112264000493,
            -2.5575626907744504
        ],
        "yaw": -3.141090115092095,
        "num_points": 0,
        "distance": 39.15277903799002,
        "speed": 3.515211771869125,
        "brake": 0.0,
        "id": 2601,
        "ego_matrix": [
            [
                0.007901630364358425,
                0.9999687671661377,
                -2.3322396373259835e-05,
                405.41802978515625
            ],
            [
                -0.9999647736549377,
                0.007901664823293686,
                0.0028166959527879953,
                -60.679866790771484
            ],
            [
                0.002816792344674468,
                1.065083665707789e-06,
                0.9999960064888,
                -0.013546123169362545
            ],
            [
                0.0,
                0.0,
                0.0,
                1.0
            ]
        ]
    },
    {
        "class": "Car",
        "extent": [
            1.3787471055984497,
            2.2072951793670654,
            1.4809197187423706
        ],
        "position": [
            -17.984195891960223,
            3.503631599507791,
            -2.5377463886160587
        ],
        "yaw": 0.0003269030238073345,
        "num_points": 1,
        "distance": 18.497213114369483,
        "speed": 4.889506121737294,
        "brake": 0.0,
        "id": 2646,
        "ego_matrix": [
            [
                -0.007725960575044155,
                -0.9999701380729675,
                3.478412327240221e-05,
                384.3189697265625
            ],
            [
                0.9999598264694214,
                -0.007726038806140423,
                -0.004539698362350464,
                -48.39617919921875
            ],
            [
                0.004539831541478634,
                -2.9080544550197374e-07,
                0.9999896883964539,
                0.0016544341342523694
            ],
            [
                0.0,
                0.0,
                0.0,
                1.0
            ]
        ]
    },
    {
        "class": "Car",
        "extent": [
            1.1454535722732544,
            2.0333523750305176,
            0.8025798797607422
        ],
        "position": [
            41.22950520833073,
            -20.7649590766449,
            -2.3642152081634538
        ],
        "yaw": 1.1240016522958833,
        "num_points": 0,
        "distance": 46.22385897703717,
        "speed": 4.663086940573233,
        "brake": 0.0,
        "id": 2651,
        "ego_matrix": [
            [
                -0.9049415588378906,
                -0.42544683814048767,
                0.008707957342267036,
                359.6129150390625
            ],
            [
                0.42536085844039917,
                -0.9049667716026306,
                -0.010165514424443245,
                10.636391639709473
            ],
            [
                0.012205297127366066,
                -0.005495172459632158,
                0.9999104142189026,
                0.15437746047973633
            ],
            [
                0.0,
                0.0,
                0.0,
                1.0
            ]
        ]
    },
    {
        "class": "Car",
        "extent": [
            1.8548461198806763,
            4.6045098304748535,
            1.9315931797027588
        ],
        "position": [
            38.215293837500624,
            -22.75374651360912,
            -2.3630583807482606
        ],
        "yaw": 1.1217941580683166,
        "num_points": 0,
        "distance": 44.53903578214191,
        "speed": 4.735896783479476,
        "brake": 0.0,
        "id": 2659,
        "ego_matrix": [
            [
                -0.903779923915863,
                -0.42759600281715393,
                0.018533434718847275,
                357.646484375
            ],
            [
                0.42725327610969543,
                -0.9039146304130554,
                -0.01982114650309086,
                7.607548236846924
            ],
            [
                0.025228086858987808,
                -0.009995483793318272,
                0.9996317028999329,
                0.15654397010803223
            ],
            [
                0.0,
                0.0,
                0.0,
                1.0
            ]
        ]
    }
]