[
    {
        "class": "Car",
        "extent": [
            1.5107464790344238,
            4.901683330535889,
            2.128324270248413
        ],
        "position": [
            -1.3,
            0.0,
            -2.5
        ],
        "yaw": 0,
        "num_points": -1,
        "distance": -1,
        "speed": 3.9814484852230394,
        "brake": 0.0,
        "id": 2402,
        "ego_matrix": [
            [
                -0.007994490675628185,
                -0.9999680519104004,
                7.537319470429793e-05,
                380.6766052246094
            ],
            [
                0.9999680519104004,
                -0.007994493469595909,
                -3.373078288859688e-05,
                -29.74122428894043
            ],
            [
                3.433227175264619e-05,
                7.510112482123077e-05,
                1.0,
                0.033400267362594604
            ],
            [
                0.0,
                0.0,
                0.0,
                1.0
            ]
        ]
    },
    {
        "class": "Car",
        "extent": [
            1.50146484375,
            3.633375883102417,
            1.845113754272461
        ],
        "position": [
            42.62531235085665,
            -19.86331784169806,
            -2.4119730670701482
        ],
        "yaw": 1.1264689378877875,
        "num_points": 1,
        "distance": 47.088069218908146,
        "speed": 4.559633748360884,
        "brake": 0.0,
        "id": 2411,
        "ego_matrix": [
            [
                -0.9062322378158569,
                -0.42253389954566956,
                0.014433322474360466,
                360.4627685546875
            ],
            [
                0.42258360981941223,
                -0.9063238501548767,
                0.00043944548815488815,
                14.023883819580078
            ],
            [
                0.012895584106445312,
                0.006497525610029697,
                0.9998957514762878,
                0.12442701309919357
            ],
            [
                0.0,
                0.0,
                0.0,
                1.0
            ]
        ]
    },
    {
        "class": "Car",
        "extent": [
            1.300939917564392,
            4.717525005340576,
            1.894826889038086
        ],
        "position": [
            -22.477155619864767,
            31.492933362883523,
            -2.536188771090634
        ],
        "yaw": -3.1419274129388164,
        "num_points": 0,
        "distance": 38.774471370235936,
        "speed": 4.888252530830434,
        "brake": 0.0,
        "id": 2429,
        "ego_matrix": [
            [
                0.007659674156457186,
                0.9999706745147705,
                -9.307289872140245e-08,
                412.33782958984375
            ],
            [
                -0.9999706745147705,
                0.007659674156457186,
                1.788120425771922e-05,
                -50.665931701660156
            ],
            [
                1.7881391613627784e-05,
                -4.3894029744251384e-08,
                1.0,
                -0.005880718119442463
            ],
            [
                0.0,
                0.0,
                0.0,
                1.0
            ]
        ]
    },
    {
        "class": "Car",
        "extent": [
            1.8779358863830566,
            3.866220712661743,
            1.9051965475082397
        ],
        "position": [
            -43.010013003349975,
            6.985439169498214,
            -2.521278458555355
        ],
        "yaw": -0.0003561977957979856,
        "num_points": 6,
        "distance": 43.64647092268365,
        "speed": 5.8239173432782385,
        "brake": 0.0,
        "id": 2432,
        "ego_matrix": [
            [
                -0.007638303097337484,
                -0.9999708533287048,
                9.01402672752738e-05,
                387.9952697753906
            ],
            [
                0.9999706745147705,
                -0.007638359442353249,
                -0.0006436563562601805,
                -71.39405822753906
            ],
            [
                0.0006443260936066508,
                8.522117423126474e-05,
                0.9999998211860657,
                0.010165194980800152
            ],
            [
                0.0,
                0.0,
                0.0,
                1.0
            ]
        ]
    },
    {
        "class": "Car",
        "extent": [
            1.6672759056091309,
            4.611005783081055,
            2.241713285446167
        ],
        "position": [
            -16.09560947590773,
            6.9967443183128255,
            -2.4583816997347427
        ],
        "yaw": -0.00034221620007524045,
        "num_points": 28,
        "distance": 17.721927548615138,
        "speed": 4.944025737863347,
        "brake": 0.0,
        "id": 2477,
        "ego_matrix": [
            [
                -0.0076522515155375,
                -0.9999707341194153,
                2.9011471269768663e-07,
                387.7914123535156
            ],
            [
                0.9999707341194153,
                -0.0076522515155375,
                -6.0677080909954384e-05,
                -44.48042678833008
            ],
            [
                6.067752474336885e-05,
                -1.742100579349426e-07,
                1.0,
                0.07398513704538345
            ],
            [
                0.0,
                0.0,
                0.0,
                1.0
            ]
        ]
    },
    {
        "class": "Car",
        "extent": [
            1.4738311767578125,
            4.1928300857543945,
            1.8161858320236206
        ],
        "position": [
            -44.834287478301675,
            20.98891242732747,
            -2.535377582360864
        ],
        "yaw": -3.141744586929982,
        "num_points": 0,
        "distance": 49.56890071460288,
        "speed": 6.445386000829902,
        "brake": 0.0,
        "id": 2485,
        "ego_matrix": [
            [
                0.007842536084353924,
                0.9999692440032959,
                4.2764804675243795e-07,
                402.01287841796875
            ],
            [
                -0.9999692440032959,
                0.007842536084353924,
                0.00011587833432713524,
                -73.1063232421875
            ],
            [
                0.00011587142216740176,
                -1.3364150390771101e-06,
                1.0,
                -0.005048236809670925
            ],
            [
                0.0,
                0.0,
                0.0,
                1.0
            ]
        ]
    },
    {
        "class": "Car",
        "extent": [
            1.300939917564392,
            4.717525005340576,
            1.894826889038086
        ],
        "position": [
            -22.47599972858348,
            27.992922279109596,
            -2.536451665544873
        ],
        "yaw": -3.1419267471485437,
        "num_points": 4,
        "distance": 35.98899621516556,
        "speed": 4.888253522823536,
        "brake": 0.0,
        "id": 2487,
        "ego_matrix": [
            [
                0.00766038941219449,
                0.9999706745147705,
                -1.3697842859983211e-07,
                408.8379211425781
            ],
            [
                -0.9999706745147705,
                0.00766038941219449,
                1.7880867744679563e-05,
                -50.69275665283203
            ],
            [
                1.7881391613627784e-05,
                -0.0,
                1.0,
                -0.005880718119442463
            ],
            [
                0.0,
                0.0,
                0.0,
                1.0
            ]
        ]
    },
    {
        "class": "Car",
        "extent": [
            1.488319993019104,
            4.791779518127441,
            2.163450002670288
        ],
        "position": [
            -22.466445949452012,
            20.994178207951446,
            -2.5297643961320353
        ],
        "yaw": -3.1419286113613065,
        "num_points": 0,
        "distance": 30.852818673936575,
        "speed": 4.829142477767237,
        "brake": 0.0,
        "id": 2517,
        "ego_matrix": [
            [
                0.007658482063561678,
                0.9999706745147705,
                -2.2194406312792125e-07,
                401.8393249511719
            ],
            [
                -0.9999706745147705,
                0.007658482063561678,
                3.075519998674281e-05,
                -50.73915481567383
            ],
            [
                3.075599670410156e-05,
                -1.3600582882133949e-08,
                1.0,
                0.0013324928004294634
            ],
            [
                0.0,
                0.0,
                0.0,
                1.0
            ]
        ]
    },
    {
        "class": "Car",
        "extent": [
            1.8548461198806763,
            4.6045098304748535,
            1.9315931797027588
        ],
        "position": [
            -16.906638979101825,
            10.494924254847682,
            -2.521357815280031
        ],
        "yaw": -0.0003584614827247812,
        "num_points": 22,
        "distance": 20.058293095808253,
        "speed": 4.828235515342788,
        "brake": 0.0,
        "id": 2544,
        "ego_matrix": [
            [
                -0.007636039052158594,
                -0.9999708533287048,
                3.917874437320279e-06,
                391.29595947265625
            ],
            [
                0.9999707341194153,
                -0.007636039983481169,
                -0.0005130617646500468,
                -45.26346206665039
            ],
            [
                0.0005130767240189016,
                -0.0,
                0.9999998807907104,
                0.010718460194766521
            ],
            [
                0.0,
                0.0,
                0.0,
                1.0
            ]
        ]
    },
    {
        "class": "Car",
        "extent": [
            1.1256572008132935,
            1.8354405164718628,
            0.3289288878440857
        ],
        "position": [
            -0.5106988720896615,
            21.1094053513447,
            -2.545380348507963
        ],
        "yaw": -3.1339089012126964,
        "num_points": 0,
        "distance": 21.268445376752492,
        "speed": 3.7168279125352583,
        "brake": 0.0,
        "id": 2559,
        "ego_matrix": [
            [
                0.01567765325307846,
                0.9998759627342224,
                -0.0015236025210469961,
                401.7790222167969
            ],
            [
                -0.9998728632926941,
                0.01568201370537281,
                0.002893393626436591,
                -28.783187866210938
            ],
            [
                0.002916927682235837,
                0.0014780471101403236,
                0.999994695186615,
                -0.013538322411477566
            ],
            [
                0.0,
                0.0,
                0.0,
                1.0
            ]
        ]
    },
    {
        "class": "Car",
        "extent": [
            1.1454535722732544,
            2.0333523750305176,
            0.8025798797607422
        ],
        "position": [
            -19.007136460514264,
            24.74363316012938,
            -2.5294333057080856
        ],
        "yaw": -3.1742424759219467,
        "num_points": 0,
        "distance": 31.303620417448368,
        "speed": 5.736719212582702,
        "brake": 0.0,
        "id": 2561,
        "ego_matrix": [
            [
                -0.024652697145938873,
                0.9996960759162903,
                -0.00011490268661873415,
                405.5610046386719
            ],
            [
                -0.9996932148933411,
                -0.024652354419231415,
                0.0023839257191866636,
                -47.24998092651367
            ],
            [
                0.00238036853261292,
                0.00017363764345645905,
                0.9999971389770508,
                0.0015007609035819769
            ],
            [
                0.0,
                0.0,
                0.0,
                1.0
            ]
        ]
    },
    {
        "class": "Car",
        "extent": [
            1.4106584787368774,
            5.357479572296143,
            2.033203125
        ],
        "position": [
            45.4694201101022,
            -17.53575635188929,
            -2.429859967020888
        ],
        "yaw": 1.1083666330101916,
        "num_points": 3,
        "distance": 48.79421211005587,
        "speed": 4.6824946830448155,
        "brake": 0.0,
        "id": 2576,
        "ego_matrix": [
            [
                -0.8984350562095642,
                -0.43884432315826416,
                0.015168181620538235,
                362.76751708984375
            ],
            [
                0.438918799161911,
                -0.8985248804092407,
                0.0018100184388458729,
                16.88650894165039
            ],
            [
                0.012834672816097736,
                0.008283783681690693,
                0.9998832941055298,
                0.10646295547485352
            ],
            [
                0.0,
                0.0,
                0.0,
                1.0
            ]
        ]
    },
    {
        "class": "Car",
        "extent": [
            1.6171096563339233,
            3.987684965133667,
            1.8508483171463013
        ],
        "position": [
            -5.224556121196577,
            28.22459290774444,
            -2.492877837272059
        ],
        "yaw": -3.142957923122622,
        "num_points": 9,
        "distance": 28.812116745962847,
        "speed": 4.936472260660221,
        "brake": 0.0,
        "id": 2582,
        "ego_matrix": [
            [
                0.006629255600273609,
                0.9999780058860779,
                8.546069875592366e-05,
                408.9316711425781
            ],
            [
                -0.9999780058860779,
                0.006629254203289747,
                1.749464172462467e-05,
                -33.44001388549805
            ],
            [
                1.6927717297221534e-05,
                -8.557480032322928e-05,
                1.0,
                0.038267992436885834
            ],
            [
                0.0,
                0.0,
                0.0,
                1.0
            ]
        ]
    },
    {
        "class": "Car",
        "extent": [
            1.6493593454360962,
            4.855708599090576,
            2.0327565670013428
        ],
        "position": [
            -3.729868701746738,
            31.731408865177627,
            -2.540659864069943
        ],
        "yaw": -3.139719785553195,
        "num_points": 9,
        "distance": 32.05072825453798,
        "speed": 4.583277483426031,
        "brake": 0.0,
        "id": 2590,
        "ego_matrix": [
            [
                0.009867225773632526,
                0.9999512434005737,
                0.0002892936463467777,
                412.4264221191406
            ],
            [
                -0.9999513030052185,
                0.009867201559245586,
                8.35632745292969e-05,
                -31.91733741760254
            ],
            [
                8.07046890258789e-05,
                -0.00029010410071350634,
                0.9999999403953552,
                -0.00972608383744955
            ],
            [
                0.0,
                0.0,
                0.0,
                1.0
            ]
        ]
    },
    {
        "class": "Car",
        "extent": [
            1.4106584787368774,
            5.357479572296143,
            2.033203125
        ],
        "position": [
            -39.82692001386891,
            -23.596199741589245,
            -2.537341492265251
        ],
        "yaw": 1.5501565620306734,
        "num_points": 0,
        "distance": 46.36164688494639,
        "speed": 4.710055645425602,
        "brake": 0.0,
        "id": 2593,
        "ego_matrix": [
            [
                -0.9999200701713562,
                -0.012644819915294647,
                7.765871123410761e-05,
                357.38916015625
            ],
            [
                0.012644819915294647,
                -0.9999200701713562,
                -5.690395028068451e-06,
                -68.45555114746094
            ],
            [
                7.772445678710938e-05,
                -4.707959760708036e-06,
                1.0,
                -0.003491840325295925
            ],
            [
                0.0,
                0.0,
                0.0,
                1.0
            ]
        ]
    },
    {
        "class": "Car",
        "extent": [
            1.8779358863830566,
            3.866220712661743,
            1.9051965475082397
        ],
        "position": [
            -16.528979676238876,
            -0.001751137451385581,
            -2.5230648175622457
        ],
        "yaw": -0.00041185786258091106,
        "num_points": 28,
        "distance": 16.720437442771065,
        "speed": 4.7788421263437755,
        "brake": 0.0,
        "id": 2600,
        "ego_matrix": [
            [
                -0.007582634687423706,
                -0.9999712705612183,
                9.191983554046601e-05,
                380.7966003417969
            ],
            [
                0.9999711513519287,
                -0.007582676596939564,
                -0.0004616098594851792,
                -44.969730377197266
            ],
            [
                0.0004622935666702688,
                8.841696399031207e-05,
                0.9999998807907104,
                0.009812735952436924
            ],
            [
                0.0,
                0.0,
                0.0,
                1.0
            ]
        ]
    },
    {
        "class": "Car",
        "extent": [
            1.1256572008132935,
            1.8354405164718628,
            0.3289288878440857
        ],
        "position": [
            -34.245880861655365,
            24.492924506835237,
            -2.543968093671911
        ],
        "yaw": -3.1416962505561976,
        "num_points": 0,
        "distance": 42.180036516696426,
        "speed": 3.716981907281806,
        "brake": 0.0,
        "id": 2601,
        "ego_matrix": [
            [
                0.007890899665653706,
                0.9999688863754272,
                -2.4608569219708443e-05,
                405.43212890625
            ],
            [
                -0.9999646544456482,
                0.007890937849879265,
                0.002915989840403199,
                -62.49024200439453
            ],
            [
                0.0029160932172089815,
                1.5979165937096695e-06,
                0.999995768070221,
                -0.013538379222154617
            ],
            [
                0.0,
                0.0,
                0.0,
                1.0
            ]
        ]
    },
    {
        "class": "Car",
        "extent": [
            1.3787471055984497,
            2.2072951793670654,
            1.4809197187423706
        ],
        "position": [
            -17.4642383549999,
            3.4937528359747825,
            -2.529498744982167
        ],
        "yaw": -0.0002679140056618401,
        "num_points": 8,
        "distance": 17.989004811272853,
        "speed": 5.236445672144781,
        "brake": 0.0,
        "id": 2646,
        "ego_matrix": [
            [
                -0.0077263182029128075,
                -0.9999701380729675,
                5.5241001973627135e-05,
                384.2994689941406
            ],
            [
                0.9999443888664246,
                -0.007726515643298626,
                -0.007177317049354315,
                -45.87701416015625
            ],
            [
                0.007177529390901327,
                -2.1629965374359017e-07,
                0.999974250793457,
                0.0030841827392578125
            ],
            [
                0.0,
                0.0,
                0.0,
                1.0
            ]
        ]
    },
    {
        "class": "Car",
        "extent": [
            1.1454535722732544,
            2.0333523750305176,
            0.8025798797607422
        ],
        "position": [
            40.16177150727061,
            -22.88421231698478,
            -2.352157341910153
        ],
        "yaw": 1.1806421618338518,
        "num_points": 0,
        "distance": 46.28377370236953,
        "speed": 4.664859832268325,
        "brake": 0.0,
        "id": 2651,
        "ego_matrix": [
            [
                -0.9277881383895874,
                -0.372988760471344,
                0.00941781047731638,
                357.461669921875
            ],
            [
                0.3728956878185272,
                -0.9278162717819214,
                -0.010285729542374611,
                11.536269187927246
            ],
            [
                0.012574459426105022,
                -0.006031116936355829,
                0.9999027848243713,
                0.1843850314617157
            ],
            [
                0.0,
                0.0,
                0.0,
                1.0
            ]
        ]
    },
    {
        "class": "Car",
        "extent": [
            1.8548461198806763,
            4.6045098304748535,
            1.9315931797027588
        ],
        "position": [
            37.11202564392624,
            -24.888304323046356,
            -2.325705365302752
        ],
        "yaw": 1.1817574936983775,
        "num_points": 0,
        "distance": 44.74526840815914,
        "speed": 4.687034583627741,
        "brake": 0.0,
        "id": 2659,
        "ego_matrix": [
            [
                -0.9280543327331543,
                -0.3719504773616791,
                0.0191822312772274,
                355.4820251464844
            ],
            [
                0.37180095911026,
                -0.9282475113868713,
                -0.010981200262904167,
                8.470598220825195
            ],
            [
                0.021890321746468544,
                -0.003059179289266467,
                0.9997556805610657,
                0.21088281273841858
            ],
            [
                0.0,
                0.0,
                0.0,
                1.0
            ]
        ]
    }
]