[
    {
        "class": "Car",
        "extent": [
            1.5107464790344238,
            4.901683330535889,
            2.128324270248413
        ],
        "position": [
            -1.3,
            0.0,
            -2.5
        ],
        "yaw": 0,
        "num_points": -1,
        "distance": -1,
        "speed": 4.018613049124831,
        "brake": 0.0,
        "id": 2402,
        "ego_matrix": [
            [
                -0.015435721725225449,
                -0.9998807907104492,
                0.0002685797808226198,
                380.64642333984375
            ],
            [
                0.9998807907104492,
                -0.01543581485748291,
                -0.00035161664709448814,
                -27.840009689331055
            ],
            [
                0.0003557204909157008,
                0.0002631202805787325,
                0.9999998807907104,
                0.03324028104543686
            ],
            [
                0.0,
                0.0,
                0.0,
                1.0
            ]
        ]
    },
    {
        "class": "Car",
        "extent": [
            1.50146484375,
            3.633375883102417,
            1.845113754272461
        ],
        "position": [
            41.75712925942618,
            -21.632847082906114,
            -2.4002422121094065
        ],
        "yaw": 1.169902831580053,
        "num_points": 1,
        "distance": 47.08926713782683,
        "speed": 4.56221720502054,
        "brake": 0.0,
        "id": 2411,
        "ego_matrix": [
            [
                -0.926546573638916,
                -0.3759056329727173,
                0.01436346210539341,
                358.3515625
            ],
            [
                0.37595033645629883,
                -0.9266396760940552,
                0.0004482520744204521,
                14.878031730651855
            ],
            [
                0.013141253031790257,
                0.0058152745477855206,
                0.9998967051506042,
                0.15400640666484833
            ],
            [
                0.0,
                0.0,
                0.0,
                1.0
            ]
        ]
    },
    {
        "class": "Car",
        "extent": [
            1.300939917564392,
            4.717525005340576,
            1.894826889038086
        ],
        "position": [
            -27.057095014089096,
            31.31633203078549,
            -2.5217185960779176
        ],
        "yaw": -3.149369217130879,
        "num_points": 1,
        "distance": 41.46273154462513,
        "speed": 4.890683044494708,
        "brake": 0.0,
        "id": 2429,
        "ego_matrix": [
            [
                0.007659674156457186,
                0.9999706745147705,
                -9.307289872140245e-08,
                412.3565979003906
            ],
            [
                -0.9999706745147705,
                0.007659674156457186,
                1.788120425771922e-05,
                -53.110633850097656
            ],
            [
                1.7881391613627784e-05,
                -4.3894029744251384e-08,
                1.0,
                -0.005880603566765785
            ],
            [
                0.0,
                0.0,
                0.0,
                1.0
            ]
        ]
    },
    {
        "class": "Car",
        "extent": [
            1.8779358863830566,
            3.866220712661743,
            1.9051965475082397
        ],
        "position": [
            -41.7689827161012,
            6.700595252016878,
            -2.507479463939677
        ],
        "yaw": -0.007791743559299569,
        "num_points": 3,
        "distance": 42.37727394643727,
        "speed": 6.849995802787652,
        "brake": 0.0,
        "id": 2432,
        "ego_matrix": [
            [
                -0.00764447683468461,
                -0.9999707937240601,
                0.00011338848707964644,
                387.97088623046875
            ],
            [
                0.9999673366546631,
                -0.007644749246537685,
                -0.002639097161591053,
                -68.20073699951172
            ],
            [
                0.0026398866903036833,
                9.321026300312951e-05,
                0.999996542930603,
                0.009602108038961887
            ],
            [
                0.0,
                0.0,
                0.0,
                1.0
            ]
        ]
    },
    {
        "class": "Car",
        "extent": [
            1.6672759056091309,
            4.611005783081055,
            2.241713285446167
        ],
        "position": [
            -15.576620294945844,
            6.906660823133266,
            -2.4523616583100516
        ],
        "yaw": -0.007784020392138213,
        "num_points": 37,
        "distance": 17.21473616532858,
        "speed": 4.9448497409466485,
        "brake": 0.0,
        "id": 2477,
        "ego_matrix": [
            [
                -0.0076522515155375,
                -0.9999707341194153,
                2.9011471269768663e-07,
                387.77264404296875
            ],
            [
                0.9999707341194153,
                -0.0076522515155375,
                -6.0677080909954384e-05,
                -42.00833511352539
            ],
            [
                6.067752474336885e-05,
                -1.742100579349426e-07,
                1.0,
                0.0739828497171402
            ],
            [
                0.0,
                0.0,
                0.0,
                1.0
            ]
        ]
    },
    {
        "class": "Car",
        "extent": [
            1.300939917564392,
            4.717525005340576,
            1.894826889038086
        ],
        "position": [
            -27.02989268357458,
            27.816396226209406,
            -2.522649215002819
        ],
        "yaw": -3.1493685513406064,
        "num_points": 2,
        "distance": 38.868120054370905,
        "speed": 4.890683050442246,
        "brake": 0.0,
        "id": 2487,
        "ego_matrix": [
            [
                0.00766038941219449,
                0.9999706745147705,
                -1.3697842859983211e-07,
                408.8566589355469
            ],
            [
                -0.9999706745147705,
                0.00766038941219449,
                1.7880867744679563e-05,
                -53.13745880126953
            ],
            [
                1.7881391613627784e-05,
                -0.0,
                1.0,
                -0.0058806417509913445
            ],
            [
                0.0,
                0.0,
                0.0,
                1.0
            ]
        ]
    },
    {
        "class": "Car",
        "extent": [
            1.488319993019104,
            4.791779518127441,
            2.163450002670288
        ],
        "position": [
            -26.938686358185155,
            20.81837270182122,
            -2.5173098462193293
        ],
        "yaw": -3.1493704155533697,
        "num_points": 0,
        "distance": 34.138457983899606,
        "speed": 4.831542466023411,
        "brake": 0.0,
        "id": 2517,
        "ego_matrix": [
            [
                0.007658482063561678,
                0.9999706745147705,
                -2.2194406312792125e-07,
                401.8580627441406
            ],
            [
                -0.9999706745147705,
                0.007658482063561678,
                3.075519998674281e-05,
                -53.1542854309082
            ],
            [
                3.075599670410156e-05,
                -1.3600582882133949e-08,
                1.0,
                0.0013324928004294634
            ],
            [
                0.0,
                0.0,
                0.0,
                1.0
            ]
        ]
    },
    {
        "class": "Car",
        "extent": [
            1.8548461198806763,
            4.6045098304748535,
            1.9315931797027588
        ],
        "position": [
            -16.47116105267769,
            10.397863174084936,
            -2.514389621642559
        ],
        "yaw": -0.007800265674787754,
        "num_points": 15,
        "distance": 19.640184830588073,
        "speed": 4.830384668821407,
        "brake": 0.0,
        "id": 2544,
        "ego_matrix": [
            [
                -0.007636039052158594,
                -0.9999708533287048,
                3.917874437320279e-06,
                391.2772216796875
            ],
            [
                0.9999707341194153,
                -0.007636039983481169,
                -0.0005130617646500468,
                -42.84885787963867
            ],
            [
                0.0005130767240189016,
                -0.0,
                0.9999998807907104,
                0.010718078352510929
            ],
            [
                0.0,
                0.0,
                0.0,
                1.0
            ]
        ]
    },
    {
        "class": "Car",
        "extent": [
            1.1256572008132935,
            1.8354405164718628,
            0.3289288878440857
        ],
        "position": [
            -4.472591898522268,
            21.102204742089743,
            -2.5401294455775423
        ],
        "yaw": -3.1501398027922933,
        "num_points": 1,
        "distance": 21.720022579824633,
        "speed": 3.9268105753643656,
        "brake": 0.0,
        "id": 2559,
        "ego_matrix": [
            [
                0.0068891034461557865,
                0.9999759197235107,
                -0.0008972912910394371,
                401.7950744628906
            ],
            [
                -0.9999730587005615,
                0.006891346536576748,
                0.0025201579555869102,
                -30.686479568481445
            ],
            [
                0.0025262804701924324,
                0.0008799054776318371,
                0.9999964237213135,
                -0.01357013639062643
            ],
            [
                0.0,
                0.0,
                0.0,
                1.0
            ]
        ]
    },
    {
        "class": "Car",
        "extent": [
            1.1454535722732544,
            2.0333523750305176,
            0.8025798797607422
        ],
        "position": [
            -23.92632436514974,
            24.498030339288803,
            -2.5185025738138056
        ],
        "yaw": -3.181843670305251,
        "num_points": 0,
        "distance": 34.33606476207458,
        "speed": 4.60882605361271,
        "brake": 0.0,
        "id": 2561,
        "ego_matrix": [
            [
                -0.02481113374233246,
                0.9996921420097351,
                0.00017992632638197392,
                405.49078369140625
            ],
            [
                -0.9996531009674072,
                -0.024811754003167152,
                0.008837866596877575,
                -50.08548355102539
            ],
            [
                0.008839610032737255,
                3.941357499570586e-05,
                0.9999609589576721,
                0.00024313150788657367
            ],
            [
                0.0,
                0.0,
                0.0,
                1.0
            ]
        ]
    },
    {
        "class": "Car",
        "extent": [
            1.4106584787368774,
            5.357479572296143,
            2.033203125
        ],
        "position": [
            44.654146565955934,
            -19.323903139037252,
            -2.4180175842501637
        ],
        "yaw": 1.1496777209975553,
        "num_points": 2,
        "distance": 48.716043015607404,
        "speed": 4.684675834999997,
        "brake": 0.0,
        "id": 2576,
        "ego_matrix": [
            [
                -0.9187547564506531,
                -0.3945431709289551,
                0.01501514669507742,
                360.6155090332031
            ],
            [
                0.3946119546890259,
                -0.918846070766449,
                0.0018060696311295033,
                17.81035041809082
            ],
            [
                0.013084037229418755,
                0.007584491278976202,
                0.999885618686676,
                0.13665403425693512
            ],
            [
                0.0,
                0.0,
                0.0,
                1.0
            ]
        ]
    },
    {
        "class": "Car",
        "extent": [
            1.6171096563339233,
            3.987684965133667,
            1.8508483171463013
        ],
        "position": [
            -9.804090299742473,
            28.15595804979672,
            -2.484539261561714
        ],
        "yaw": -3.157164822273759,
        "num_points": 10,
        "distance": 29.91740456071781,
        "speed": 4.9374875724642395,
        "brake": 0.0,
        "id": 2582,
        "ego_matrix": [
            [
                -0.00013582309475168586,
                1.0,
                4.5464559661922976e-05,
                408.9302978515625
            ],
            [
                -1.0,
                -0.0001358239387627691,
                1.8471264411346056e-05,
                -35.90848159790039
            ],
            [
                1.8477439880371094e-05,
                -4.546204945654608e-05,
                1.0,
                0.03826753422617912
            ],
            [
                0.0,
                0.0,
                0.0,
                1.0
            ]
        ]
    },
    {
        "class": "Car",
        "extent": [
            1.6493593454360962,
            4.855708599090576,
            2.0327565670013428
        ],
        "position": [
            -8.159509110013282,
            31.679059818094466,
            -2.53219097120971
        ],
        "yaw": -3.155686235236547,
        "num_points": 9,
        "distance": 32.81085812638056,
        "speed": 4.58597911908454,
        "brake": 0.0,
        "id": 2590,
        "ego_matrix": [
            [
                0.0013427293160930276,
                0.9999991059303284,
                0.00019206054275855422,
                412.4275817871094
            ],
            [
                -0.9999991059303284,
                0.0013427138328552246,
                8.096265082713217e-05,
                -34.20969772338867
            ],
            [
                8.07046890258789e-05,
                -0.0001921690854942426,
                1.0,
                -0.009726160205900669
            ],
            [
                0.0,
                0.0,
                0.0,
                1.0
            ]
        ]
    },
    {
        "class": "Car",
        "extent": [
            1.4106584787368774,
            5.357479572296143,
            2.033203125
        ],
        "position": [
            -41.485008029918845,
            -26.236134380753132,
            -2.5293406761984722
        ],
        "yaw": 1.5424521701551284,
        "num_points": 0,
        "distance": 49.150159742808974,
        "speed": 4.712554830771537,
        "brake": 0.0,
        "id": 2593,
        "ego_matrix": [
            [
                -0.999916672706604,
                -0.012907537631690502,
                7.733943493803963e-05,
                355.03369140625
            ],
            [
                0.012907535769045353,
                -0.999916672706604,
                -3.0328421416925266e-05,
                -68.4251937866211
            ],
            [
                7.772445678710938e-05,
                -2.9327633455977775e-05,
                1.0,
                -0.0034917639568448067
            ],
            [
                0.0,
                0.0,
                0.0,
                1.0
            ]
        ]
    },
    {
        "class": "Car",
        "extent": [
            1.8779358863830566,
            3.866220712661743,
            1.9051965475082397
        ],
        "position": [
            -16.040072678946043,
            -0.09493119916414404,
            -2.518209216946789
        ],
        "yaw": -0.007853662054643884,
        "num_points": 17,
        "distance": 16.23681992074685,
        "speed": 4.781142139241119,
        "brake": 0.0,
        "id": 2600,
        "ego_matrix": [
            [
                -0.007582634687423706,
                -0.9999712705612183,
                9.191983554046601e-05,
                380.7790222167969
            ],
            [
                0.9999711513519287,
                -0.007582676596939564,
                -0.0004616098594851792,
                -42.57978439331055
            ],
            [
                0.0004622935666702688,
                8.841696399031207e-05,
                0.9999998807907104,
                0.009812697768211365
            ],
            [
                0.0,
                0.0,
                0.0,
                1.0
            ]
        ]
    },
    {
        "class": "Car",
        "extent": [
            1.1256572008132935,
            1.8354405164718628,
            0.3289288878440857
        ],
        "position": [
            -38.23230716759121,
            24.233782057967698,
            -2.5273017048622397
        ],
        "yaw": -3.1491508379214928,
        "num_points": 0,
        "distance": 45.336219053837326,
        "speed": 3.9367502191501047,
        "brake": 0.0,
        "id": 2601,
        "ego_matrix": [
            [
                0.007878035306930542,
                0.999968945980072,
                -2.1515179469133727e-05,
                405.4473876953125
            ],
            [
                -0.9999659061431885,
                0.00787806510925293,
                0.0024605030193924904,
                -64.39383697509766
            ],
            [
                0.002460596151649952,
                2.1305165773810586e-06,
                0.9999969601631165,
                -0.013575401157140732
            ],
            [
                0.0,
                0.0,
                0.0,
                1.0
            ]
        ]
    },
    {
        "class": "Car",
        "extent": [
            1.3787471055984497,
            2.2072951793670654,
            1.4809197187423706
        ],
        "position": [
            -16.888507197994823,
            3.393580074283467,
            -2.524429622459484
        ],
        "yaw": -0.007710916620215613,
        "num_points": 6,
        "distance": 17.41007771424492,
        "speed": 5.021390422949222,
        "brake": 0.0,
        "id": 2646,
        "ego_matrix": [
            [
                -0.0077252136543393135,
                -0.9999701380729675,
                4.140207602176815e-05,
                384.28021240234375
            ],
            [
                0.9999557137489319,
                -0.007725324481725693,
                -0.005375079810619354,
                -43.374267578125
            ],
            [
                0.005375239532440901,
                -1.234002411365509e-07,
                0.9999855756759644,
                0.002372588962316513
            ],
            [
                0.0,
                0.0,
                0.0,
                1.0
            ]
        ]
    },
    {
        "class": "Car",
        "extent": [
            1.1454535722732544,
            2.0333523750305176,
            0.8025798797607422
        ],
        "position": [
            39.24051261819953,
            -24.761620643775455,
            -2.339048075072241
        ],
        "yaw": 1.2295744179126957,
        "num_points": 0,
        "distance": 46.45887249323667,
        "speed": 4.6673087825825865,
        "brake": 0.0,
        "id": 2651,
        "ego_matrix": [
            [
                -0.9473220109939575,
                -0.3201255202293396,
                0.010032172314822674,
                355.26202392578125
            ],
            [
                0.32002687454223633,
                -0.9473526477813721,
                -0.010287711396813393,
                12.313398361206055
            ],
            [
                0.012797363102436066,
                -0.006535210646688938,
                0.999896764755249,
                0.2151285707950592
            ],
            [
                0.0,
                0.0,
                0.0,
                1.0
            ]
        ]
    },
    {
        "class": "Car",
        "extent": [
            1.8548461198806763,
            4.6045098304748535,
            1.9315931797027588
        ],
        "position": [
            36.17638677687672,
            -26.864262258387978,
            -2.3022348283157132
        ],
        "yaw": 1.2374696252803445,
        "num_points": 0,
        "distance": 45.11895202819253,
        "speed": 4.845052676246775,
        "brake": 0.0,
        "id": 2659,
        "ego_matrix": [
            [
                -0.9498099684715271,
                -0.3124261796474457,
                0.015840161591768265,
                353.2069396972656
            ],
            [
                0.3125346601009369,
                -0.9498939514160156,
                0.00484483502805233,
                9.217168807983398
            ],
            [
                0.013532820157706738,
                0.009552272036671638,
                0.999862790107727,
                0.25140509009361267
            ],
            [
                0.0,
                0.0,
                0.0,
                1.0
            ]
        ]
    }
]