[
    {
        "class": "Car",
        "extent": [
            1.5107464790344238,
            4.901683330535889,
            2.128324270248413
        ],
        "position": [
            -1.3,
            0.0,
            -2.5
        ],
        "yaw": 0,
        "num_points": -1,
        "distance": -1,
        "speed": 3.6790131592610575,
        "brake": 0.0,
        "id": 2402,
        "ego_matrix": [
            [
                -0.03662867471575737,
                -0.9993289113044739,
                0.00029449467547237873,
                380.56982421875
            ],
            [
                0.9993288516998291,
                -0.03662852197885513,
                0.0005011925823055208,
                -25.854291915893555
            ],
            [
                -0.0004900693893432617,
                0.00031265505822375417,
                0.9999998211860657,
                0.033661115914583206
            ],
            [
                0.0,
                0.0,
                0.0,
                1.0
            ]
        ]
    },
    {
        "class": "Car",
        "extent": [
            1.50146484375,
            3.633375883102417,
            1.845113754272461
        ],
        "position": [
            41.044087456148716,
            -22.835367846997713,
            -2.335975532376813
        ],
        "yaw": 1.1991703061697514,
        "num_points": 2,
        "distance": 47.026885092503676,
        "speed": 4.564718551814835,
        "brake": 0.0,
        "id": 2411,
        "ego_matrix": [
            [
                -0.9443296790122986,
                -0.32868993282318115,
                0.01429676078259945,
                356.1988220214844
            ],
            [
                0.32872968912124634,
                -0.9444239139556885,
                0.00045880069956183434,
                15.625030517578125
            ],
            [
                0.013351400382816792,
                0.005133029073476791,
                0.9998977184295654,
                0.18407361209392548
            ],
            [
                0.0,
                0.0,
                0.0,
                1.0
            ]
        ]
    },
    {
        "class": "Car",
        "extent": [
            1.300939917564392,
            4.717525005340576,
            1.894826889038086
        ],
        "position": [
            -32.16456206227964,
            30.695596916360817,
            -2.5450685757855807
        ],
        "yaw": -3.1705701099367816,
        "num_points": 4,
        "distance": 44.53376355940951,
        "speed": 4.920934881368102,
        "brake": 0.0,
        "id": 2429,
        "ego_matrix": [
            [
                0.007659316528588533,
                0.9999706745147705,
                -4.245903539867868e-08,
                412.3753356933594
            ],
            [
                -0.9999706745147705,
                0.007659316528588533,
                1.5735760825918987e-05,
                -55.57382583618164
            ],
            [
                1.573562440171372e-05,
                -7.806738722138107e-08,
                1.0,
                -0.00587881077080965
            ],
            [
                0.0,
                0.0,
                0.0,
                1.0
            ]
        ]
    },
    {
        "class": "Car",
        "extent": [
            1.8779358863830566,
            3.866220712661743,
            1.9051965475082397
        ],
        "position": [
            -40.23655568907742,
            5.950919453106997,
            -2.5411785322728195
        ],
        "yaw": -0.028986377936640162,
        "num_points": 2,
        "distance": 40.753545175732626,
        "speed": 7.729988015368435,
        "brake": 0.0,
        "id": 2432,
        "ego_matrix": [
            [
                -0.007650324609130621,
                -0.9999707341194153,
                0.00010909276898019016,
                387.94293212890625
            ],
            [
                0.9999681115150452,
                -0.007650554180145264,
                -0.002284472109749913,
                -64.54676055908203
            ],
            [
                0.00228523975238204,
                9.161233174381778e-05,
                0.9999973773956299,
                0.009703616611659527
            ],
            [
                0.0,
                0.0,
                0.0,
                1.0
            ]
        ]
    },
    {
        "class": "Car",
        "extent": [
            1.6672759056091309,
            4.611005783081055,
            2.241713285446167
        ],
        "position": [
            -15.23526875644048,
            6.67812291881361,
            -2.4644202448989208
        ],
        "yaw": -0.028984513723877336,
        "num_points": 39,
        "distance": 16.81618586193738,
        "speed": 4.946462024565541,
        "brake": 0.0,
        "id": 2477,
        "ego_matrix": [
            [
                -0.0076522515155375,
                -0.9999707341194153,
                2.9011471269768663e-07,
                387.75390625
            ],
            [
                0.9999707341194153,
                -0.0076522515155375,
                -6.0677080909954384e-05,
                -39.535579681396484
            ],
            [
                6.067752474336885e-05,
                -1.742100579349426e-07,
                1.0,
                0.07398216426372528
            ],
            [
                0.0,
                0.0,
                0.0,
                1.0
            ]
        ]
    },
    {
        "class": "Car",
        "extent": [
            1.300939917564392,
            4.717525005340576,
            1.894826889038086
        ],
        "position": [
            -32.06440713478643,
            27.197009387995763,
            -2.5461123140668493
        ],
        "yaw": -3.1705690446723453,
        "num_points": 1,
        "distance": 42.12227691461984,
        "speed": 4.916252263798768,
        "brake": 0.0,
        "id": 2487,
        "ego_matrix": [
            [
                0.00766038941219449,
                0.9999706745147705,
                -9.809293999296642e-08,
                408.87542724609375
            ],
            [
                -0.9999706745147705,
                0.00766038941219449,
                1.3589507034339476e-05,
                -55.60188674926758
            ],
            [
                1.3589859008789062e-05,
                -6.010850039928073e-09,
                1.0,
                -0.005877780728042126
            ],
            [
                0.0,
                0.0,
                0.0,
                1.0
            ]
        ]
    },
    {
        "class": "Car",
        "extent": [
            1.488319993019104,
            4.791779518127441,
            2.163450002670288
        ],
        "position": [
            -31.92852934947048,
            20.19963859381931,
            -2.5404134339452487
        ],
        "yaw": -3.1705701099367816,
        "num_points": 0,
        "distance": 37.86700524409452,
        "speed": 5.573775923124055,
        "brake": 0.0,
        "id": 2517,
        "ego_matrix": [
            [
                0.007659316062927246,
                0.9999706745147705,
                -3.0147202778607607e-06,
                401.8777770996094
            ],
            [
                -0.9999706149101257,
                0.007659316528588533,
                0.00039898211252875626,
                -55.7224006652832
            ],
            [
                0.00039899349212646484,
                -4.1298331865391447e-08,
                0.9999999403953552,
                0.001942272181622684
            ],
            [
                0.0,
                0.0,
                0.0,
                1.0
            ]
        ]
    },
    {
        "class": "Car",
        "extent": [
            1.8548461198806763,
            4.6045098304748535,
            1.9315931797027588
        ],
        "position": [
            -16.2606043262706,
            10.147460118284924,
            -2.5271021587203335
        ],
        "yaw": -0.029000759006526877,
        "num_points": 17,
        "distance": 19.332988522944976,
        "speed": 4.832579165280659,
        "brake": 0.0,
        "id": 2544,
        "ego_matrix": [
            [
                -0.007636039052158594,
                -0.9999708533287048,
                3.917874437320279e-06,
                391.2584533691406
            ],
            [
                0.9999707341194153,
                -0.007636039983481169,
                -0.0005130617646500468,
                -40.43318176269531
            ],
            [
                0.0005130767240189016,
                -0.0,
                0.9999998807907104,
                0.01071804016828537
            ],
            [
                0.0,
                0.0,
                0.0,
                1.0
            ]
        ]
    },
    {
        "class": "Car",
        "extent": [
            1.1256572008132935,
            1.8354405164718628,
            0.3289288878440857
        ],
        "position": [
            -8.892361384655501,
            20.967248442689673,
            -2.5443271573259088
        ],
        "yaw": -3.176089244979862,
        "num_points": 0,
        "distance": 22.916657673759737,
        "speed": 4.016896744025273,
        "brake": 0.0,
        "id": 2559,
        "ego_matrix": [
            [
                0.0021402258425951004,
                0.999997615814209,
                -0.0004679821140598506,
                401.80108642578125
            ],
            [
                -0.9999920129776001,
                0.002141800010576844,
                0.0033895496744662523,
                -32.673580169677734
            ],
            [
                0.0033905438613146544,
                0.0004607239388860762,
                0.999994158744812,
                -0.013500766828656197
            ],
            [
                0.0,
                0.0,
                0.0,
                1.0
            ]
        ]
    },
    {
        "class": "Car",
        "extent": [
            1.1454535722732544,
            2.0333523750305176,
            0.8025798797607422
        ],
        "position": [
            -28.99565588728155,
            23.859050894427963,
            -2.5375358135964277
        ],
        "yaw": -3.2025638625343937,
        "num_points": 0,
        "distance": 37.63564079329371,
        "speed": 5.405908106915844,
        "brake": 1.0,
        "id": 2561,
        "ego_matrix": [
            [
                -0.024331899359822273,
                0.9997038841247559,
                0.00025373249081894755,
                405.42730712890625
            ],
            [
                -0.999701738357544,
                -0.024331312626600266,
                -0.0021016590762883425,
                -52.65745544433594
            ],
            [
                -0.0020948632154613733,
                -0.00030479414272122085,
                0.9999977350234985,
                0.002238447079434991
            ],
            [
                0.0,
                0.0,
                0.0,
                1.0
            ]
        ]
    },
    {
        "class": "Car",
        "extent": [
            1.4106584787368774,
            5.357479572296143,
            2.033203125
        ],
        "position": [
            43.965298516123546,
            -20.505272636070828,
            -2.350530308600458
        ],
        "yaw": 1.176735038198597,
        "num_points": 7,
        "distance": 48.56890643429291,
        "speed": 4.686843146249446,
        "brake": 0.0,
        "id": 2576,
        "ego_matrix": [
            [
                -0.9367181658744812,
                -0.34976810216903687,
                0.014876245521008968,
                358.42034912109375
            ],
            [
                0.34983164072036743,
                -0.9368107318878174,
                0.0018213107250630856,
                18.629621505737305
            ],
            [
                0.013299192301928997,
                0.006910236086696386,
                0.9998876452445984,
                0.16735872626304626
            ],
            [
                0.0,
                0.0,
                0.0,
                1.0
            ]
        ]
    },
    {
        "class": "Car",
        "extent": [
            1.6171096563339233,
            3.987684965133667,
            1.8508483171463013
        ],
        "position": [
            -14.85336620493423,
            27.87242033754335,
            -2.4933214069450194
        ],
        "yaw": -3.1820953390282627,
        "num_points": 8,
        "distance": 31.681397613251104,
        "speed": 4.939175799429187,
        "brake": 0.0,
        "id": 2582,
        "ego_matrix": [
            [
                -0.0038658720441162586,
                0.9999925494194031,
                2.1049474526080303e-05,
                408.91998291015625
            ],
            [
                -0.9999925494194031,
                -0.003865872509777546,
                1.8992252080352046e-05,
                -38.37763214111328
            ],
            [
                1.9073484509135596e-05,
                -2.097589458571747e-05,
                1.0,
                0.0382673442363739
            ],
            [
                0.0,
                0.0,
                0.0,
                1.0
            ]
        ]
    },
    {
        "class": "Car",
        "extent": [
            1.6493593454360962,
            4.855708599090576,
            2.0327565670013428
        ],
        "position": [
            -13.108478406051262,
            31.437030066788008,
            -2.5393454240970725
        ],
        "yaw": -3.1817693681108374,
        "num_points": 5,
        "distance": 34.15504853934376,
        "speed": 4.588649398914471,
        "brake": 0.0,
        "id": 2590,
        "ego_matrix": [
            [
                -0.0035398369655013084,
                0.9999937415122986,
                0.00010266243043588474,
                412.41827392578125
            ],
            [
                -0.9999937415122986,
                -0.0035398451145738363,
                8.034178608795628e-05,
                -36.50337219238281
            ],
            [
                8.07046890258789e-05,
                -0.0001023773875203915,
                1.0,
                -0.009726274758577347
            ],
            [
                0.0,
                0.0,
                0.0,
                1.0
            ]
        ]
    },
    {
        "class": "Car",
        "extent": [
            1.8779358863830566,
            3.866220712661743,
            1.9051965475082397
        ],
        "position": [
            -15.631767631281516,
            -0.3339149120796175,
            -2.530976382869452
        ],
        "yaw": -0.029054155386383007,
        "num_points": 31,
        "distance": 15.838860435572144,
        "speed": 4.783459360535198,
        "brake": 0.0,
        "id": 2600,
        "ego_matrix": [
            [
                -0.007582634687423706,
                -0.9999712705612183,
                9.191983554046601e-05,
                380.7610778808594
            ],
            [
                0.9999711513519287,
                -0.007582676596939564,
                -0.0004616098594851792,
                -40.18868637084961
            ],
            [
                0.0004622935666702688,
                8.841696399031207e-05,
                0.9999998807907104,
                0.009812697768211365
            ],
            [
                0.0,
                0.0,
                0.0,
                1.0
            ]
        ]
    },
    {
        "class": "Car",
        "extent": [
            1.1256572008132935,
            1.8354405164718628,
            0.3289288878440857
        ],
        "position": [
            -42.746797646522396,
            23.391098732799627,
            -2.5602001570583592
        ],
        "yaw": -3.1703654460070094,
        "num_points": 0,
        "distance": 48.7953566828291,
        "speed": 4.138891461388499,
        "brake": 0.0,
        "id": 2601,
        "ego_matrix": [
            [
                0.007863960228860378,
                0.9999690651893616,
                -2.5414256015210412e-05,
                405.4633483886719
            ],
            [
                -0.9999648928642273,
                0.007864000275731087,
                0.002892975928261876,
                -66.41651916503906
            ],
            [
                0.002893086289986968,
                2.6631166747392854e-06,
                0.9999958276748657,
                -0.013540572486817837
            ],
            [
                0.0,
                0.0,
                0.0,
                1.0
            ]
        ]
    },
    {
        "class": "Car",
        "extent": [
            1.3787471055984497,
            2.2072951793670654,
            1.4809197187423706
        ],
        "position": [
            -16.387500504365292,
            3.1400349221541606,
            -2.537202621195185
        ],
        "yaw": -0.02890967889724605,
        "num_points": 6,
        "distance": 16.877422470090632,
        "speed": 5.059610903652709,
        "brake": 0.0,
        "id": 2646,
        "ego_matrix": [
            [
                -0.007726936601102352,
                -0.9999701380729675,
                5.198787766858004e-05,
                384.2603759765625
            ],
            [
                0.9999473094940186,
                -0.0077271112240850925,
                -0.006759510841220617,
                -40.81666946411133
            ],
            [
                0.006759710609912872,
                -2.451706677675247e-07,
                0.999977171421051,
                0.0028706740122288465
            ],
            [
                0.0,
                0.0,
                0.0,
                1.0
            ]
        ]
    },
    {
        "class": "Car",
        "extent": [
            1.1454535722732544,
            2.0333523750305176,
            0.8025798797607422
        ],
        "position": [
            38.5036963963876,
            -26.10848972819354,
            -2.2759791975344106
        ],
        "yaw": 1.2642592947918332,
        "num_points": 0,
        "distance": 46.576474248057764,
        "speed": 4.669820238754424,
        "brake": 0.0,
        "id": 2651,
        "ego_matrix": [
            [
                -0.9637163281440735,
                -0.2667173445224762,
                0.010615051724016666,
                353.0209655761719
            ],
            [
                0.26661282777786255,
                -0.9637486934661865,
                -0.010299266315996647,
                12.966485023498535
            ],
            [
                0.012977235019207,
                -0.007095462176948786,
                0.9998906254768372,
                0.24633826315402985
            ],
            [
                0.0,
                0.0,
                0.0,
                1.0
            ]
        ]
    },
    {
        "class": "Car",
        "extent": [
            1.8548461198806763,
            4.6045098304748535,
            1.9315931797027588
        ],
        "position": [
            35.44912908577255,
            -28.395992014559923,
            -2.241622267109325
        ],
        "yaw": 1.2809346779573643,
        "num_points": 0,
        "distance": 45.4752458577094,
        "speed": 4.89854187885594,
        "brake": 0.0,
        "id": 2659,
        "ego_matrix": [
            [
                -0.9680063128471375,
                -0.25041520595550537,
                0.016000155359506607,
                350.8468933105469
            ],
            [
                0.25050047039985657,
                -0.9681100249290466,
                0.0035332893021404743,
                9.83019733428955
            ],
            [
                0.01460512075573206,
                0.007428292650729418,
                0.9998657703399658,
                0.2829073369503021
            ],
            [
                0.0,
                0.0,
                0.0,
                1.0
            ]
        ]
    }
]