[
    {
        "class": "Car",
        "extent": [
            1.5107464790344238,
            4.901683330535889,
            2.128324270248413
        ],
        "position": [
            -1.3,
            0.0,
            -2.5
        ],
        "yaw": 0,
        "num_points": -1,
        "distance": -1,
        "speed": 4.10669240204711,
        "brake": 0.0,
        "id": 2402,
        "ego_matrix": [
            [
                -0.07307974249124527,
                -0.9973258972167969,
                0.0005890933098271489,
                380.41619873046875
            ],
            [
                0.9973260164260864,
                -0.07307992875576019,
                -0.000299164472380653,
                -23.889678955078125
            ],
            [
                0.0003414154052734375,
                0.0005656552384607494,
                0.9999997615814209,
                0.0332474522292614
            ],
            [
                0.0,
                0.0,
                0.0,
                1.0
            ]
        ]
    },
    {
        "class": "Car",
        "extent": [
            1.50146484375,
            3.633375883102417,
            1.845113754272461
        ],
        "position": [
            40.6752628122448,
            -23.401344663688647,
            -2.346260104122357
        ],
        "yaw": 1.2129541621817292,
        "num_points": 1,
        "distance": 46.98515588342909,
        "speed": 4.567236237272454,
        "brake": 0.0,
        "id": 2411,
        "ego_matrix": [
            [
                -0.9596589207649231,
                -0.28080639243125916,
                0.014230513945221901,
                354.0099792480469
            ],
            [
                0.2808411717414856,
                -0.9597541093826294,
                0.0004667062312364578,
                16.26313018798828
            ],
            [
                0.013526741415262222,
                0.004444393329322338,
                0.9998986124992371,
                0.21455541253089905
            ],
            [
                0.0,
                0.0,
                0.0,
                1.0
            ]
        ]
    },
    {
        "class": "Car",
        "extent": [
            1.300939917564392,
            4.717525005340576,
            1.894826889038086
        ],
        "position": [
            -37.81953757640021,
            29.38866590492126,
            -2.5094267410122715
        ],
        "yaw": -3.2070789858465143,
        "num_points": 2,
        "distance": 47.96152967465004,
        "speed": 5.661050775686711,
        "brake": 0.0,
        "id": 2429,
        "ego_matrix": [
            [
                0.007658482063561678,
                0.9999706745147705,
                -1.6545992593819392e-06,
                412.3951110839844
            ],
            [
                -0.9999706745147705,
                0.007658482063561678,
                0.0002258955646539107,
                -58.163841247558594
            ],
            [
                0.00022590160369873047,
                -7.54662323743105e-08,
                1.0,
                -0.005271472968161106
            ],
            [
                0.0,
                0.0,
                0.0,
                1.0
            ]
        ]
    },
    {
        "class": "Car",
        "extent": [
            1.8779358863830566,
            3.866220712661743,
            1.9051965475082397
        ],
        "position": [
            -38.32297782561679,
            4.802639773903686,
            -2.5081748908097343
        ],
        "yaw": -0.06548926173392045,
        "num_points": 3,
        "distance": 38.70409435064314,
        "speed": 8.572353001592955,
        "brake": 0.0,
        "id": 2432,
        "ego_matrix": [
            [
                -0.007655570283532143,
                -0.9999706745147705,
                0.00010879810724873096,
                387.91162109375
            ],
            [
                0.9999681711196899,
                -0.007655795197933912,
                -0.0022444184869527817,
                -60.46268081665039
            ],
            [
                0.002245185663923621,
                9.161233901977539e-05,
                0.9999974966049194,
                0.009715709835290909
            ],
            [
                0.0,
                0.0,
                0.0,
                1.0
            ]
        ]
    },
    {
        "class": "Car",
        "extent": [
            1.6672759056091309,
            4.611005783081055,
            2.241713285446167
        ],
        "position": [
            -14.971897771120634,
            6.336716170930375,
            -2.4510133531947473
        ],
        "yaw": -0.06549259068528301,
        "num_points": 34,
        "distance": 16.44138562157571,
        "speed": 4.948325990522755,
        "brake": 0.0,
        "id": 2477,
        "ego_matrix": [
            [
                -0.0076522515155375,
                -0.9999707341194153,
                2.9011471269768663e-07,
                387.7351379394531
            ],
            [
                0.9999707341194153,
                -0.0076522515155375,
                -6.0677080909954384e-05,
                -37.061946868896484
            ],
            [
                6.067752474336885e-05,
                -1.742100579349426e-07,
                1.0,
                0.07398189604282379
            ],
            [
                0.0,
                0.0,
                0.0,
                1.0
            ]
        ]
    },
    {
        "class": "Car",
        "extent": [
            1.300939917564392,
            4.717525005340576,
            1.894826889038086
        ],
        "position": [
            -37.63196630955271,
            25.893455712553287,
            -2.5115430909128813
        ],
        "yaw": -3.2070789858465143,
        "num_points": 1,
        "distance": 45.74870255820137,
        "speed": 5.756186428572656,
        "brake": 0.0,
        "id": 2487,
        "ego_matrix": [
            [
                0.007658482063561678,
                0.9999706745147705,
                -1.7360623587592272e-06,
                408.8955383300781
            ],
            [
                -0.9999706745147705,
                0.007658482063561678,
                0.00023173633962869644,
                -58.232200622558594
            ],
            [
                0.00023174284433480352,
                -3.873719833791256e-08,
                1.0,
                -0.005346698686480522
            ],
            [
                0.0,
                0.0,
                0.0,
                1.0
            ]
        ]
    },
    {
        "class": "Car",
        "extent": [
            1.488319993019104,
            4.791779518127441,
            2.163450002670288
        ],
        "position": [
            -37.6221046989866,
            18.8807323062919,
            -2.5084577679525504
        ],
        "yaw": -3.2070781868981872,
        "num_points": 0,
        "distance": 42.16867527889589,
        "speed": 6.471409000785865,
        "brake": 0.0,
        "id": 2517,
        "ego_matrix": [
            [
                0.007659315597265959,
                0.9999706745147705,
                -3.318361450510565e-06,
                401.9008483886719
            ],
            [
                -0.999970555305481,
                0.007659316528588533,
                0.0004405850195325911,
                -58.73485565185547
            ],
            [
                0.00044059750507585704,
                -5.631590838106604e-08,
                0.9999998807907104,
                0.001708774478174746
            ],
            [
                0.0,
                0.0,
                0.0,
                1.0
            ]
        ]
    },
    {
        "class": "Car",
        "extent": [
            1.8548461198806763,
            4.6045098304748535,
            1.9315931797027588
        ],
        "position": [
            -16.17994473940028,
            9.762205834263627,
            -2.5119271290398233
        ],
        "yaw": -0.06550883596793255,
        "num_points": 15,
        "distance": 19.063080874354593,
        "speed": 4.834783163249382,
        "brake": 0.0,
        "id": 2544,
        "ego_matrix": [
            [
                -0.007636039052158594,
                -0.9999708533287048,
                3.917874437320279e-06,
                391.2397155761719
            ],
            [
                0.9999707341194153,
                -0.007636039983481169,
                -0.0005130617646500468,
                -38.01641082763672
            ],
            [
                0.0005130767240189016,
                -0.0,
                0.9999998807907104,
                0.01071804016828537
            ],
            [
                0.0,
                0.0,
                0.0,
                1.0
            ]
        ]
    },
    {
        "class": "Car",
        "extent": [
            1.1256572008132935,
            1.8354405164718628,
            0.3289288878440857
        ],
        "position": [
            -13.638615950283688,
            20.538306398535063,
            -2.5308970301741156
        ],
        "yaw": -3.2150985628370696,
        "num_points": 0,
        "distance": 24.783851890631997,
        "speed": 4.057780167030853,
        "brake": 0.0,
        "id": 2559,
        "ego_matrix": [
            [
                -0.00036100702709518373,
                0.9999998807907104,
                -0.00024582166224718094,
                401.80126953125
            ],
            [
                -0.9999932646751404,
                -0.00036010597250424325,
                0.0036556331906467676,
                -34.69435501098633
            ],
            [
                0.0036555444821715355,
                0.0002471397165209055,
                0.9999932646751404,
                -0.013479766435921192
            ],
            [
                0.0,
                0.0,
                0.0,
                1.0
            ]
        ]
    },
    {
        "class": "Car",
        "extent": [
            1.1454535722732544,
            2.0333523750305176,
            0.8025798797607422
        ],
        "position": [
            -34.510607831736955,
            22.58356597978003,
            -2.5068842649357936
        ],
        "yaw": -3.235996654227031,
        "num_points": 0,
        "distance": 41.31929299972114,
        "speed": 5.942427586461861,
        "brake": 0.0,
        "id": 2561,
        "ego_matrix": [
            [
                -0.021257339045405388,
                0.9997737407684326,
                0.0007743012974970043,
                405.36639404296875
            ],
            [
                -0.9997658729553223,
                -0.021254025399684906,
                -0.0040626125410199165,
                -55.36107635498047
            ],
            [
                -0.004045236390084028,
                -0.000860480300616473,
                0.9999914765357971,
                0.002250062767416239
            ],
            [
                0.0,
                0.0,
                0.0,
                1.0
            ]
        ]
    },
    {
        "class": "Car",
        "extent": [
            1.4106584787368774,
            5.357479572296143,
            2.033203125
        ],
        "position": [
            43.58769975055811,
            -21.004504217548977,
            -2.3619548824373444
        ],
        "yaw": 1.188211797758239,
        "num_points": 6,
        "distance": 48.442291418103935,
        "speed": 4.689037394300837,
        "brake": 0.0,
        "id": 2576,
        "ego_matrix": [
            [
                -0.95241779088974,
                -0.3044387400150299,
                0.014742892235517502,
                356.18756103515625
            ],
            [
                0.3044971823692322,
                -0.9525114893913269,
                0.0018430300988256931,
                19.342945098876953
            ],
            [
                0.013481684029102325,
                0.006244503427296877,
                0.999889612197876,
                0.19849920272827148
            ],
            [
                0.0,
                0.0,
                0.0,
                1.0
            ]
        ]
    },
    {
        "class": "Car",
        "extent": [
            1.6171096563339233,
            3.987684965133667,
            1.8508483171463013
        ],
        "position": [
            -20.29461654119027,
            27.17366169543508,
            -2.4731242387926926
        ],
        "yaw": -3.220479213503466,
        "num_points": 3,
        "distance": 34.00581853142802,
        "speed": 4.941069743326576,
        "brake": 0.0,
        "id": 2582,
        "ego_matrix": [
            [
                -0.005741608329117298,
                0.9999834895133972,
                9.057765964826103e-06,
                408.90533447265625
            ],
            [
                -0.9999834895133972,
                -0.005741608329117298,
                1.902179246826563e-05,
                -40.84766387939453
            ],
            [
                1.9073484509135596e-05,
                -8.948401045927312e-06,
                1.0,
                0.03826722875237465
            ],
            [
                0.0,
                0.0,
                0.0,
                1.0
            ]
        ]
    },
    {
        "class": "Car",
        "extent": [
            1.6493593454360962,
            4.855708599090576,
            2.0327565670013428
        ],
        "position": [
            -18.506428657000495,
            30.81229877323884,
            -2.5196700140031596
        ],
        "yaw": -3.220846729733897,
        "num_points": 5,
        "distance": 36.031019889915015,
        "speed": 4.591289361174383,
        "brake": 0.0,
        "id": 2590,
        "ego_matrix": [
            [
                -0.006109124049544334,
                0.9999813437461853,
                4.3960702896583825e-05,
                412.4035339355469
            ],
            [
                -0.9999813437461853,
                -0.006109127774834633,
                8.04376250016503e-05,
                -38.79833221435547
            ],
            [
                8.07046890258789e-05,
                -4.346848072600551e-05,
                1.0,
                -0.009726236574351788
            ],
            [
                0.0,
                0.0,
                0.0,
                1.0
            ]
        ]
    },
    {
        "class": "Car",
        "extent": [
            1.8779358863830566,
            3.866220712661743,
            1.9051965475082397
        ],
        "position": [
            -15.19340563234685,
            -0.6910218013582632,
            -2.51908202481686
        ],
        "yaw": -0.06556223234778868,
        "num_points": 38,
        "distance": 15.416317980851876,
        "speed": 4.78577750334849,
        "brake": 0.0,
        "id": 2600,
        "ego_matrix": [
            [
                -0.007582634687423706,
                -0.9999712705612183,
                9.191983554046601e-05,
                380.7423400878906
            ],
            [
                0.9999711513519287,
                -0.007582676596939564,
                -0.0004616098594851792,
                -37.79642868041992
            ],
            [
                0.0004622935666702688,
                8.841696399031207e-05,
                0.9999998807907104,
                0.009812888689339161
            ],
            [
                0.0,
                0.0,
                0.0,
                1.0
            ]
        ]
    },
    {
        "class": "Car",
        "extent": [
            1.3787471055984497,
            2.2072951793670654,
            1.4809197187423706
        ],
        "position": [
            -15.939460972123904,
            2.7620758246049775,
            -2.5239341750147126
        ],
        "yaw": -0.06541842164892442,
        "num_points": 14,
        "distance": 16.372712745984874,
        "speed": 5.100561895780982,
        "brake": 0.0,
        "id": 2646,
        "ego_matrix": [
            [
                -0.007726266514509916,
                -0.9999701380729675,
                4.484525925363414e-05,
                384.24072265625
            ],
            [
                0.9999531507492065,
                -0.007726396434009075,
                -0.0058298432268202305,
                -38.28813552856445
            ],
            [
                0.005830015987157822,
                -1.9976869225502014e-07,
                0.999983012676239,
                0.002752761822193861
            ],
            [
                0.0,
                0.0,
                0.0,
                1.0
            ]
        ]
    },
    {
        "class": "Car",
        "extent": [
            1.1454535722732544,
            2.0333523750305176,
            0.8025798797607422
        ],
        "position": [
            38.152075012360065,
            -26.85902884200874,
            -2.283990613955135
        ],
        "yaw": 1.2834118172453017,
        "num_points": 0,
        "distance": 46.714075728941076,
        "speed": 4.672346464490508,
        "brake": 0.0,
        "id": 2651,
        "ego_matrix": [
            [
                -0.9770542979240417,
                -0.21269674599170685,
                0.01117869932204485,
                350.7459716796875
            ],
            [
                0.21258610486984253,
                -0.9770879149436951,
                -0.010310704819858074,
                13.493983268737793
            ],
            [
                0.013115625828504562,
                -0.007697682827711105,
                0.9998843669891357,
                0.27791929244995117
            ],
            [
                0.0,
                0.0,
                0.0,
                1.0
            ]
        ]
    },
    {
        "class": "Car",
        "extent": [
            1.8548461198806763,
            4.6045098304748535,
            1.9315931797027588
        ],
        "position": [
            35.1325531676784,
            -29.414859925899005,
            -2.2454921644107895
        ],
        "yaw": 1.3094295695148306,
        "num_points": 0,
        "distance": 45.87562001325365,
        "speed": 5.081981447882281,
        "brake": 0.0,
        "id": 2659,
        "ego_matrix": [
            [
                -0.9822157025337219,
                -0.18700459599494934,
                0.01678028330206871,
                348.41766357421875
            ],
            [
                0.18708905577659607,
                -0.9823363423347473,
                0.00359811307862401,
                10.295743942260742
            ],
            [
                0.015811020508408546,
                0.006673530675470829,
                0.99985271692276,
                0.3168325424194336
            ],
            [
                0.0,
                0.0,
                0.0,
                1.0
            ]
        ]
    }
]