[
    {
        "class": "Car",
        "extent": [
            1.5107464790344238,
            4.901683330535889,
            2.128324270248413
        ],
        "position": [
            -1.3,
            0.0,
            -2.5
        ],
        "yaw": 0,
        "num_points": -1,
        "distance": -1,
        "speed": 3.887264527771035,
        "brake": 0.0,
        "id": 2402,
        "ego_matrix": [
            [
                -0.11930002272129059,
                -0.9928581118583679,
                0.0004572416946757585,
                380.1717224121094
            ],
            [
                0.9928582310676575,
                -0.11930004507303238,
                -3.270741581218317e-05,
                -21.99213409423828
            ],
            [
                8.702278137207031e-05,
                0.00045007417793385684,
                0.9999998807907104,
                0.03337417542934418
            ],
            [
                0.0,
                0.0,
                0.0,
                1.0
            ]
        ]
    },
    {
        "class": "Car",
        "extent": [
            1.50146484375,
            3.633375883102417,
            1.845113754272461
        ],
        "position": [
            40.59163754860232,
            -23.55172281501436,
            -2.302246428593377
        ],
        "yaw": 1.216825333142268,
        "num_points": 2,
        "distance": 46.98579599251609,
        "speed": 4.569586279510862,
        "brake": 0.0,
        "id": 2411,
        "ego_matrix": [
            [
                -0.9725662469863892,
                -0.23219403624534607,
                0.014171610586345196,
                351.7906188964844
            ],
            [
                0.232224240899086,
                -0.972662091255188,
                0.000501974718645215,
                16.79059600830078
            ],
            [
                0.013667633756995201,
                0.003779195249080658,
                0.9998994469642639,
                0.24537327885627747
            ],
            [
                0.0,
                0.0,
                0.0,
                1.0
            ]
        ]
    },
    {
        "class": "Car",
        "extent": [
            1.8779358863830566,
            3.866220712661743,
            1.9051965475082397
        ],
        "position": [
            -35.963086143598034,
            3.5960111440777114,
            -2.5188588751909187
        ],
        "yaw": -0.11192453797470558,
        "num_points": 8,
        "distance": 36.230091238545235,
        "speed": 9.155899883706288,
        "brake": 0.41282278299331665,
        "id": 2432,
        "ego_matrix": [
            [
                -0.007660227362066507,
                -0.9999706745147705,
                0.00010403087071608752,
                387.8773498535156
            ],
            [
                0.9999692440032959,
                -0.007660392671823502,
                -0.0016902355710044503,
                -55.978660583496094
            ],
            [
                0.0016909828409552574,
                9.108008089242503e-05,
                0.9999985694885254,
                0.009880351833999157
            ],
            [
                0.0,
                0.0,
                0.0,
                1.0
            ]
        ]
    },
    {
        "class": "Car",
        "extent": [
            1.6672759056091309,
            4.611005783081055,
            2.241713285446167
        ],
        "position": [
            -14.705346995928846,
            5.988165604693946,
            -2.455530585815614
        ],
        "yaw": -0.1119325274579761,
        "num_points": 43,
        "distance": 16.066579848797602,
        "speed": 4.950262527699133,
        "brake": 0.0,
        "id": 2477,
        "ego_matrix": [
            [
                -0.0076522515155375,
                -0.9999707341194153,
                2.9011471269768663e-07,
                387.7164001464844
            ],
            [
                0.9999707341194153,
                -0.0076522515155375,
                -6.0677080909954384e-05,
                -34.58735656738281
            ],
            [
                6.067752474336885e-05,
                -1.742100579349426e-07,
                1.0,
                0.07398189604282379
            ],
            [
                0.0,
                0.0,
                0.0,
                1.0
            ]
        ]
    },
    {
        "class": "Car",
        "extent": [
            1.300939917564392,
            4.717525005340576,
            1.894826889038086
        ],
        "position": [
            -43.826447289805024,
            23.844702386693235,
            -2.5244577076157495
        ],
        "yaw": -3.2535181236708803,
        "num_points": 0,
        "distance": 49.9569835025452,
        "speed": 6.813059533593798,
        "brake": 0.0,
        "id": 2487,
        "ego_matrix": [
            [
                0.007659316062927246,
                0.9999706745147705,
                -1.9506883290887345e-06,
                408.9195251464844
            ],
            [
                -0.9999706149101257,
                0.007659316528588533,
                0.0002556964464019984,
                -61.37019348144531
            ],
            [
                0.0002557038969825953,
                -7.828929504682947e-09,
                0.9999999403953552,
                -0.00551618542522192
            ],
            [
                0.0,
                0.0,
                0.0,
                1.0
            ]
        ]
    },
    {
        "class": "Car",
        "extent": [
            1.488319993019104,
            4.791779518127441,
            2.163450002670288
        ],
        "position": [
            -43.86054322596598,
            16.79842732314024,
            -2.5204177971322426
        ],
        "yaw": -3.2535181236708803,
        "num_points": 0,
        "distance": 47.03495422002403,
        "speed": 7.489633305666718,
        "brake": 0.0,
        "id": 2517,
        "ego_matrix": [
            [
                0.007659315597265959,
                0.9999706745147705,
                -3.5664183997141663e-06,
                401.9276428222656
            ],
            [
                -0.999970555305481,
                0.007659316528588533,
                0.00046561777708120644,
                -62.244667053222656
            ],
            [
                0.00046563142677769065,
                -0.0,
                0.9999998807907104,
                0.0016921042697504163
            ],
            [
                0.0,
                0.0,
                0.0,
                1.0
            ]
        ]
    },
    {
        "class": "Car",
        "extent": [
            1.8548461198806763,
            4.6045098304748535,
            1.9315931797027588
        ],
        "position": [
            -16.127381438347875,
            9.347111674745527,
            -2.517158922890731
        ],
        "yaw": -0.11194877274062565,
        "num_points": 12,
        "distance": 18.809492756616805,
        "speed": 4.836993846346984,
        "brake": 0.0,
        "id": 2544,
        "ego_matrix": [
            [
                -0.007636039052158594,
                -0.9999708533287048,
                3.917874437320279e-06,
                391.2209777832031
            ],
            [
                0.9999707341194153,
                -0.007636039983481169,
                -0.0005130617646500468,
                -35.5985107421875
            ],
            [
                0.0005130767240189016,
                -0.0,
                0.9999998807907104,
                0.01071804016828537
            ],
            [
                0.0,
                0.0,
                0.0,
                1.0
            ]
        ]
    },
    {
        "class": "Car",
        "extent": [
            1.1256572008132935,
            1.8354405164718628,
            0.3289288878440857
        ],
        "position": [
            -18.510712492457095,
            19.714283168606322,
            -2.5364755484694905
        ],
        "yaw": -3.2627184131307225,
        "num_points": 0,
        "distance": 27.161243455305677,
        "speed": 4.073628052664267,
        "brake": 0.0,
        "id": 2559,
        "ego_matrix": [
            [
                -0.0015409315237775445,
                0.9999988079071045,
                -0.00010606672003632411,
                401.7984313964844
            ],
            [
                -0.999991774559021,
                -0.0015405223239213228,
                0.0037550129927694798,
                -36.7280158996582
            ],
            [
                0.0037548451218754053,
                0.00011185206676600501,
                0.9999929666519165,
                -0.013471984304487705
            ],
            [
                0.0,
                0.0,
                0.0,
                1.0
            ]
        ]
    },
    {
        "class": "Car",
        "extent": [
            1.1454535722732544,
            2.0333523750305176,
            0.8025798797607422
        ],
        "position": [
            -40.0960818516033,
            20.666417680709607,
            -2.519667634375732
        ],
        "yaw": -3.2768661901056597,
        "num_points": 0,
        "distance": 45.179036339786386,
        "speed": 4.967341505260658,
        "brake": 0.0,
        "id": 2561,
        "ego_matrix": [
            [
                -0.01568799838423729,
                0.9998759031295776,
                0.0014228265499696136,
                405.31890869140625
            ],
            [
                -0.999873161315918,
                -0.01569182425737381,
                0.0027181515470147133,
                -58.04563903808594
            ],
            [
                0.002740141237154603,
                -0.0013800037559121847,
                0.9999952912330627,
                0.001028978149406612
            ],
            [
                0.0,
                0.0,
                0.0,
                1.0
            ]
        ]
    },
    {
        "class": "Car",
        "extent": [
            1.4106584787368774,
            5.357479572296143,
            2.033203125
        ],
        "position": [
            43.47291748239555,
            -21.058889429883013,
            -2.3167384381884606
        ],
        "yaw": 1.1896967763820672,
        "num_points": 7,
        "distance": 48.36050718760289,
        "speed": 4.691220278285666,
        "brake": 0.0,
        "id": 2576,
        "ego_matrix": [
            [
                -0.9659096598625183,
                -0.25846660137176514,
                0.01461324654519558,
                353.9219055175781
            ],
            [
                0.25852012634277344,
                -0.9660040736198425,
                0.0018683772068470716,
                19.948694229125977
            ],
            [
                0.013633542694151402,
                0.005582502111792564,
                0.9998915195465088,
                0.2300100475549698
            ],
            [
                0.0,
                0.0,
                0.0,
                1.0
            ]
        ]
    },
    {
        "class": "Car",
        "extent": [
            1.6171096563339233,
            3.987684965133667,
            1.8508483171463013
        ],
        "position": [
            -25.900211119934053,
            25.96823654271329,
            -2.4812785697671145
        ],
        "yaw": -3.2676770859223954,
        "num_points": 3,
        "distance": 36.76039973308575,
        "speed": 4.9430242468418415,
        "brake": 0.0,
        "id": 2582,
        "ego_matrix": [
            [
                -0.006499527022242546,
                0.9999788999557495,
                2.715999016800197e-06,
                408.8893127441406
            ],
            [
                -0.9999788999557495,
                -0.006499527022242546,
                1.905623503262177e-05,
                -43.31864547729492
            ],
            [
                1.9073484509135596e-05,
                -2.5920851385308197e-06,
                1.0,
                0.038267191499471664
            ],
            [
                0.0,
                0.0,
                0.0,
                1.0
            ]
        ]
    },
    {
        "class": "Car",
        "extent": [
            1.6493593454360962,
            4.855708599090576,
            2.0327565670013428
        ],
        "position": [
            -24.109250597567048,
            29.705743380143733,
            -2.5277455482512443
        ],
        "yaw": -3.268442611577739,
        "num_points": 10,
        "distance": 38.34157862816741,
        "speed": 4.593910432058346,
        "brake": 0.0,
        "id": 2590,
        "ego_matrix": [
            [
                -0.007265070918947458,
                0.9999735951423645,
                1.5280131265171804e-05,
                412.3864440917969
            ],
            [
                -0.9999735951423645,
                -0.00726507231593132,
                8.059580432018265e-05,
                -41.09458923339844
            ],
            [
                8.07046890258789e-05,
                -1.4694194760522805e-05,
                1.0,
                -0.00972608383744955
            ],
            [
                0.0,
                0.0,
                0.0,
                1.0
            ]
        ]
    },
    {
        "class": "Car",
        "extent": [
            1.8779358863830566,
            3.866220712661743,
            1.9051965475082397
        ],
        "position": [
            -14.680933746175324,
            -1.0519990794919114,
            -2.522870396747631
        ],
        "yaw": -0.11200216912048178,
        "num_points": 43,
        "distance": 14.933231156103718,
        "speed": 4.788098947179447,
        "brake": 0.0,
        "id": 2600,
        "ego_matrix": [
            [
                -0.007582634687423706,
                -0.9999712705612183,
                9.191983554046601e-05,
                380.72357177734375
            ],
            [
                0.9999711513519287,
                -0.007582676596939564,
                -0.0004616098594851792,
                -35.40300750732422
            ],
            [
                0.0004622935666702688,
                8.841696399031207e-05,
                0.9999998807907104,
                0.009812812320888042
            ],
            [
                0.0,
                0.0,
                0.0,
                1.0
            ]
        ]
    },
    {
        "class": "Car",
        "extent": [
            1.3787471055984497,
            2.2072951793670654,
            1.4809197187423706
        ],
        "position": [
            -15.418999315600429,
            2.3817905023703223,
            -2.5291093334905135
        ],
        "yaw": -0.11185929052799892,
        "num_points": 11,
        "distance": 15.805532572881459,
        "speed": 4.961808144757736,
        "brake": 0.0,
        "id": 2646,
        "ego_matrix": [
            [
                -0.0077253361232578754,
                -0.9999701380729675,
                4.0474053093930706e-05,
                384.22088623046875
            ],
            [
                0.9999561309814453,
                -0.007725442294031382,
                -0.005288539920002222,
                -35.72615051269531
            ],
            [
                0.0052886949852108955,
                -3.834720700979233e-07,
                0.9999859929084778,
                0.0019641874823719263
            ],
            [
                0.0,
                0.0,
                0.0,
                1.0
            ]
        ]
    },
    {
        "class": "Car",
        "extent": [
            1.1454535722732544,
            2.0333523750305176,
            0.8025798797607422
        ],
        "position": [
            38.11534571985909,
            -27.22014373099011,
            -2.239279738280672
        ],
        "yaw": 1.2925619061185953,
        "num_points": 0,
        "distance": 46.8906192945499,
        "speed": 4.674884852061383,
        "brake": 0.0,
        "id": 2651,
        "ego_matrix": [
            [
                -0.9873553514480591,
                -0.15808802843093872,
                0.011731225065886974,
                348.44384765625
            ],
            [
                0.15797112882137299,
                -0.9873899817466736,
                -0.010305151343345642,
                13.894344329833984
            ],
            [
                0.01321241445839405,
                -0.008321651257574558,
                0.9998781085014343,
                0.30977553129196167
            ],
            [
                0.0,
                0.0,
                0.0,
                1.0
            ]
        ]
    },
    {
        "class": "Car",
        "extent": [
            1.8548461198806763,
            4.6045098304748535,
            1.9315931797027588
        ],
        "position": [
            35.186124454608944,
            -30.285788436251835,
            -2.1969685128557863
        ],
        "yaw": 1.334596708132188,
        "num_points": 0,
        "distance": 46.477080437427595,
        "speed": 5.634099117776733,
        "brake": 0.0,
        "id": 2659,
        "ego_matrix": [
            [
                -0.9930544495582581,
                -0.11623292416334152,
                0.018244290724396706,
                345.74957275390625
            ],
            [
                0.11633259057998657,
                -0.9932001233100891,
                0.004496417474001646,
                10.620309829711914
            ],
            [
                0.01759760081768036,
                0.006587592419236898,
                0.9998234510421753,
                0.3532116115093231
            ],
            [
                0.0,
                0.0,
                0.0,
                1.0
            ]
        ]
    }
]