[
    {
        "class": "Car",
        "extent": [
            1.5107464790344238,
            4.901683330535889,
            2.128324270248413
        ],
        "position": [
            -1.3,
            0.0,
            -2.5
        ],
        "yaw": 0,
        "num_points": -1,
        "distance": -1,
        "speed": 3.729558176586844,
        "brake": 0.0,
        "id": 2402,
        "ego_matrix": [
            [
                -0.1707569658756256,
                -0.9853130578994751,
                0.0005543752340599895,
                379.8170471191406
            ],
            [
                0.9853130578994751,
                -0.17075668275356293,
                0.0005286000086925924,
                -20.02485466003418
            ],
            [
                -0.0004261731810402125,
                0.0006364953005686402,
                0.9999997019767761,
                0.03362938016653061
            ],
            [
                0.0,
                0.0,
                0.0,
                1.0
            ]
        ]
    },
    {
        "class": "Car",
        "extent": [
            1.50146484375,
            3.633375883102417,
            1.845113754272461
        ],
        "position": [
            40.553079509883645,
            -23.468932813953522,
            -2.254283574480427
        ],
        "yaw": 1.215015848339614,
        "num_points": 2,
        "distance": 46.908686398096684,
        "speed": 4.572186725431334,
        "brake": 0.0,
        "id": 2411,
        "ego_matrix": [
            [
                -0.9829930067062378,
                -0.18310050666332245,
                0.014104518108069897,
                349.5462341308594
            ],
            [
                0.1831256002187729,
                -0.9830893874168396,
                0.0004974878393113613,
                17.206186294555664
            ],
            [
                0.013774911873042583,
                0.0030719253700226545,
                0.9999004006385803,
                0.2764469385147095
            ],
            [
                0.0,
                0.0,
                0.0,
                1.0
            ]
        ]
    },
    {
        "class": "Car",
        "extent": [
            1.8779358863830566,
            3.866220712661743,
            1.9051965475082397
        ],
        "position": [
            -33.93981744384618,
            2.4911457103201693,
            -2.5348729376292694
        ],
        "yaw": -0.16395697987851054,
        "num_points": 3,
        "distance": 34.125395175463936,
        "speed": 7.8572622230162334,
        "brake": 0.0,
        "id": 2432,
        "ego_matrix": [
            [
                -0.007640787400305271,
                -0.9999707937240601,
                5.943585347267799e-05,
                387.8450622558594
            ],
            [
                0.9999681115150452,
                -0.007640628144145012,
                0.002329273382201791,
                -51.75993347167969
            ],
            [
                -0.002328751143068075,
                7.723144517512992e-05,
                0.9999973177909851,
                0.011081065982580185
            ],
            [
                0.0,
                0.0,
                0.0,
                1.0
            ]
        ]
    },
    {
        "class": "Car",
        "extent": [
            1.6672759056091309,
            4.611005783081055,
            2.241713285446167
        ],
        "position": [
            -14.55494044603628,
            5.700950492061942,
            -2.461675032161919
        ],
        "yaw": -0.1639455282858231,
        "num_points": 41,
        "distance": 15.824252647900106,
        "speed": 4.9590603943937595,
        "brake": 0.0,
        "id": 2477,
        "ego_matrix": [
            [
                -0.0076522515155375,
                -0.9999707341194153,
                4.269927273981011e-07,
                387.6976623535156
            ],
            [
                0.9999707341194153,
                -0.0076522515155375,
                -7.665054727112874e-05,
                -32.11162567138672
            ],
            [
                7.665156590519473e-05,
                -1.59569012225802e-07,
                1.0,
                0.073974609375
            ],
            [
                0.0,
                0.0,
                0.0,
                1.0
            ]
        ]
    },
    {
        "class": "Car",
        "extent": [
            1.8548461198806763,
            4.6045098304748535,
            1.9315931797027588
        ],
        "position": [
            -16.2055341707829,
            8.971719364736947,
            -2.523553229089596
        ],
        "yaw": -0.16396177356847264,
        "num_points": 8,
        "distance": 18.6943683236438,
        "speed": 4.839205013849538,
        "brake": 0.0,
        "id": 2544,
        "ego_matrix": [
            [
                -0.007636039052158594,
                -0.9999708533287048,
                3.917874437320279e-06,
                391.20220947265625
            ],
            [
                0.9999707341194153,
                -0.007636039983481169,
                -0.0005130617646500468,
                -33.17950439453125
            ],
            [
                0.0005130767240189016,
                -0.0,
                0.9999998807907104,
                0.01071804016828537
            ],
            [
                0.0,
                0.0,
                0.0,
                1.0
            ]
        ]
    },
    {
        "class": "Car",
        "extent": [
            1.1256572008132935,
            1.8354405164718628,
            0.3289288878440857
        ],
        "position": [
            -23.519183683914676,
            18.454432440190274,
            -2.544821197090765
        ],
        "yaw": -3.315204924000386,
        "num_points": 0,
        "distance": 30.003236371638778,
        "speed": 4.079115130652639,
        "brake": 0.0,
        "id": 2559,
        "ego_matrix": [
            [
                -0.00201442651450634,
                0.9999979734420776,
                -4.1887145926011726e-05,
                401.79449462890625
            ],
            [
                -0.9999907612800598,
                -0.0020142528228461742,
                0.0037963027134537697,
                -38.76651382446289
            ],
            [
                0.0037962105125188828,
                4.953413372277282e-05,
                0.9999927878379822,
                -0.013468742370605469
            ],
            [
                0.0,
                0.0,
                0.0,
                1.0
            ]
        ]
    },
    {
        "class": "Car",
        "extent": [
            1.1454535722732544,
            2.0333523750305176,
            0.8025798797607422
        ],
        "position": [
            -45.691141184678244,
            18.160773441432664,
            -2.538726151874635
        ],
        "yaw": -3.3219115625735323,
        "num_points": 0,
        "distance": 49.23351709174817,
        "speed": 5.767795918662301,
        "brake": 0.0,
        "id": 2561,
        "ego_matrix": [
            [
                -0.008720881305634975,
                0.9999613165855408,
                0.0011746903182938695,
                405.2911682128906
            ],
            [
                -0.9999567866325378,
                -0.008717037737369537,
                -0.0032386663369834423,
                -60.6629753112793
            ],
            [
                -0.0032283009495586157,
                -0.001202883548103273,
                0.9999940991401672,
                0.0022623080294579268
            ],
            [
                0.0,
                0.0,
                0.0,
                1.0
            ]
        ]
    },
    {
        "class": "Car",
        "extent": [
            1.4106584787368774,
            5.357479572296143,
            2.033203125
        ],
        "position": [
            43.38908135898368,
            -20.863879225002723,
            -2.26604901095314
        ],
        "yaw": 1.1855764667015507,
        "num_points": 7,
        "distance": 48.19801671865811,
        "speed": 4.693551812910757,
        "brake": 0.0,
        "id": 2576,
        "ego_matrix": [
            [
                -0.9771770238876343,
                -0.21193276345729828,
                0.014476826414465904,
                351.6287536621094
            ],
            [
                0.2119808942079544,
                -0.977272093296051,
                0.0018578795716166496,
                20.44536018371582
            ],
            [
                0.013754052110016346,
                0.004884287714958191,
                0.9998934864997864,
                0.26181477308273315
            ],
            [
                0.0,
                0.0,
                0.0,
                1.0
            ]
        ]
    },
    {
        "class": "Car",
        "extent": [
            1.6171096563339233,
            3.987684965133667,
            1.8508483171463013
        ],
        "position": [
            -31.648729153145045,
            24.22888694693393,
            -2.4928745041578875
        ],
        "yaw": -3.3199810370993337,
        "num_points": 4,
        "distance": 39.936142064424786,
        "speed": 4.94499915439995,
        "brake": 0.0,
        "id": 2582,
        "ego_matrix": [
            [
                -0.006790510378777981,
                0.9999769330024719,
                1.9428800897003384e-06,
                408.8723449707031
            ],
            [
                -0.9999769330024719,
                -0.006790510378777981,
                1.9060729755437933e-05,
                -45.79060745239258
            ],
            [
                1.9073484509135596e-05,
                -1.8134031734007294e-06,
                1.0,
                0.038267116993665695
            ],
            [
                0.0,
                0.0,
                0.0,
                1.0
            ]
        ]
    },
    {
        "class": "Car",
        "extent": [
            1.6493593454360962,
            4.855708599090576,
            2.0327565670013428
        ],
        "position": [
            -29.88255427977355,
            28.083758054838675,
            -2.537661566938814
        ],
        "yaw": -3.3208913055599227,
        "num_points": 3,
        "distance": 41.08654576615862,
        "speed": 4.596521790563718,
        "brake": 0.0,
        "id": 2590,
        "ego_matrix": [
            [
                -0.007700649090111256,
                0.9999703764915466,
                5.408661763794953e-06,
                412.3689880371094
            ],
            [
                -0.9999703764915466,
                -0.007700649555772543,
                8.066542795859277e-05,
                -43.39215087890625
            ],
            [
                8.07046890258789e-05,
                -4.787324996868847e-06,
                1.0,
                -0.009726236574351788
            ],
            [
                0.0,
                0.0,
                0.0,
                1.0
            ]
        ]
    },
    {
        "class": "Car",
        "extent": [
            1.8779358863830566,
            3.866220712661743,
            1.9051965475082397
        ],
        "position": [
            -14.244472436003539,
            -1.3422691873066608,
            -2.530187626540986
        ],
        "yaw": -0.16401516994832877,
        "num_points": 37,
        "distance": 14.529574356351894,
        "speed": 4.790407955447848,
        "brake": 0.0,
        "id": 2600,
        "ego_matrix": [
            [
                -0.007582634687423706,
                -0.9999712705612183,
                9.191983554046601e-05,
                380.704833984375
            ],
            [
                0.9999711513519287,
                -0.007582676596939564,
                -0.0004616098594851792,
                -33.00843048095703
            ],
            [
                0.0004622935666702688,
                8.841696399031207e-05,
                0.9999998807907104,
                0.009812697768211365
            ],
            [
                0.0,
                0.0,
                0.0,
                1.0
            ]
        ]
    },
    {
        "class": "Car",
        "extent": [
            1.3787471055984497,
            2.2072951793670654,
            1.4809197187423706
        ],
        "position": [
            -15.020618745652952,
            2.071803826591548,
            -2.535426352582558
        ],
        "yaw": -0.1638734897783365,
        "num_points": 13,
        "distance": 15.373345289412786,
        "speed": 5.154856670939951,
        "brake": 0.0,
        "id": 2646,
        "ego_matrix": [
            [
                -0.0077240848913788795,
                -0.9999701380729675,
                5.046652950113639e-05,
                384.2012939453125
            ],
            [
                0.9999485015869141,
                -0.0077242497354745865,
                -0.006578084547072649,
                -33.19020462036133
            ],
            [
                0.006578278262168169,
                -3.457535058259964e-07,
                0.9999783635139465,
                0.002731704618781805
            ],
            [
                0.0,
                0.0,
                0.0,
                1.0
            ]
        ]
    },
    {
        "class": "Car",
        "extent": [
            1.1454535722732544,
            2.0333523750305176,
            0.8025798797607422
        ],
        "position": [
            38.189303219109235,
            -27.53247068288504,
            -2.189075595824513
        ],
        "yaw": 1.3005235593554418,
        "num_points": 0,
        "distance": 47.13015886064066,
        "speed": 5.802308632775747,
        "brake": 0.0,
        "id": 2651,
        "ego_matrix": [
            [
                -0.9951090216636658,
                -0.09858696907758713,
                0.006221613846719265,
                345.946044921875
            ],
            [
                0.09851224720478058,
                -0.9950711727142334,
                -0.011350584216415882,
                14.183284759521484
            ],
            [
                0.007309967186301947,
                -0.010682163760066032,
                0.9999162554740906,
                0.3452486991882324
            ],
            [
                0.0,
                0.0,
                0.0,
                1.0
            ]
        ]
    },
    {
        "class": "Car",
        "extent": [
            1.8548461198806763,
            4.6045098304748535,
            1.9315931797027588
        ],
        "position": [
            35.364859746335064,
            -31.078899703513642,
            -2.1435495392096118
        ],
        "yaw": 1.3416672676682941,
        "num_points": 0,
        "distance": 47.129249052855236,
        "speed": 5.587065688498702,
        "brake": 0.0,
        "id": 2659,
        "ego_matrix": [
            [
                -0.9982323050498962,
                -0.05742986872792244,
                0.01529901847243309,
                342.93402099609375
            ],
            [
                0.05749301612377167,
                -0.9983389973640442,
                0.003719871863722801,
                10.794771194458008
            ],
            [
                0.015059974044561386,
                0.004592882934957743,
                0.9998760223388672,
                0.3942357301712036
            ],
            [
                0.0,
                0.0,
                0.0,
                1.0
            ]
        ]
    }
]