[
    {
        "class": "Car",
        "extent": [
            1.5107464790344238,
            4.901683330535889,
            2.128324270248413
        ],
        "position": [
            -1.3,
            0.0,
            -2.5
        ],
        "yaw": 0,
        "num_points": -1,
        "distance": -1,
        "speed": 4.125752772825873,
        "brake": 0.0,
        "id": 2402,
        "ego_matrix": [
            [
                -0.2225225418806076,
                -0.9749273061752319,
                0.0007228314061649144,
                379.3682861328125
            ],
            [
                0.9749274253845215,
                -0.2225228101015091,
                -0.00031372375087812543,
                -18.138736724853516
            ],
            [
                0.0004667043103836477,
                0.0006348975584842265,
                0.9999997019767761,
                0.03318488970398903
            ],
            [
                0.0,
                0.0,
                0.0,
                1.0
            ]
        ]
    },
    {
        "class": "Car",
        "extent": [
            1.50146484375,
            3.633375883102417,
            1.845113754272461
        ],
        "position": [
            40.60579605748487,
            -23.38599072135445,
            -2.260677862820962
        ],
        "yaw": 1.2135843992536963,
        "num_points": 4,
        "distance": 46.91317405463821,
        "speed": 4.6869922002850215,
        "brake": 0.0,
        "id": 2411,
        "ego_matrix": [
            [
                -0.9911116361618042,
                -0.13238240778446198,
                0.013136008754372597,
                347.24383544921875
            ],
            [
                0.1324097067117691,
                -0.9911943078041077,
                0.001226897118613124,
                17.51238250732422
            ],
            [
                0.012857917696237564,
                0.0029553272761404514,
                0.9999129772186279,
                0.30691227316856384
            ],
            [
                0.0,
                0.0,
                0.0,
                1.0
            ]
        ]
    },
    {
        "class": "Car",
        "extent": [
            1.8779358863830566,
            3.866220712661743,
            1.9051965475082397
        ],
        "position": [
            -32.316172519800936,
            1.5861583293781754,
            -2.507237508388775
        ],
        "yaw": -0.2167656000820184,
        "num_points": 5,
        "distance": 32.45207457927559,
        "speed": 7.263814481538911,
        "brake": 0.0,
        "id": 2432,
        "ego_matrix": [
            [
                -0.0076354434713721275,
                -0.9999708533287048,
                8.214823174057528e-05,
                387.81646728515625
            ],
            [
                0.9999707937240601,
                -0.007635422050952911,
                0.0002632529358379543,
                -48.024295806884766
            ],
            [
                -0.00026261803577654064,
                8.41558794490993e-05,
                0.9999999403953552,
                0.010464954189956188
            ],
            [
                0.0,
                0.0,
                0.0,
                1.0
            ]
        ]
    },
    {
        "class": "Car",
        "extent": [
            1.4738311767578125,
            4.1928300857543945,
            1.8161858320236206
        ],
        "position": [
            -50.37019005266723,
            -5.950359209736818,
            -2.5191856062078006
        ],
        "yaw": -0.21696054347381222,
        "num_points": 0,
        "distance": 50.782960890295094,
        "speed": 7.666484211624563,
        "brake": 0.0,
        "id": 2444,
        "ego_matrix": [
            [
                -0.0074405367486178875,
                -0.9999723434448242,
                1.031772990245372e-05,
                384.486328125
            ],
            [
                0.9999716281890869,
                -0.007440543733537197,
                -0.0011719019385054708,
                -67.30269622802734
            ],
            [
                0.001171946176327765,
                1.597858386048756e-06,
                0.9999992847442627,
                -0.005124111194163561
            ],
            [
                0.0,
                0.0,
                0.0,
                1.0
            ]
        ]
    },
    {
        "class": "Car",
        "extent": [
            1.6672759056091309,
            4.611005783081055,
            2.241713285446167
        ],
        "position": [
            -14.171250557634739,
            5.583867917611273,
            -2.4500413146605147
        ],
        "yaw": -0.21620726835948334,
        "num_points": 54,
        "distance": 15.427463360259027,
        "speed": 5.683994692976666,
        "brake": 0.0,
        "id": 2477,
        "ego_matrix": [
            [
                -0.008193783462047577,
                -0.9999664425849915,
                0.00010650497279129922,
                387.67633056640625
            ],
            [
                0.9999641180038452,
                -0.008193993009626865,
                -0.002142103621736169,
                -29.44474983215332
            ],
            [
                0.0021429043263196945,
                8.894921484170482e-05,
                0.9999976754188538,
                0.07359130680561066
            ],
            [
                0.0,
                0.0,
                0.0,
                1.0
            ]
        ]
    },
    {
        "class": "Car",
        "extent": [
            1.8548461198806763,
            4.6045098304748535,
            1.9315931797027588
        ],
        "position": [
            -16.23616204372142,
            8.709942258533873,
            -2.5099283955183544
        ],
        "yaw": -0.21676200481454688,
        "num_points": 7,
        "distance": 18.59504752904933,
        "speed": 4.822146449564314,
        "brake": 0.0,
        "id": 2544,
        "ego_matrix": [
            [
                -0.007639019284397364,
                -0.9999707937240601,
                4.255094609106891e-06,
                391.1834716796875
            ],
            [
                0.9999707341194153,
                -0.007639020215719938,
                -0.00034783032606355846,
                -30.76224708557129
            ],
            [
                0.00034785267780534923,
                1.5978874898792128e-06,
                0.9999999403953552,
                0.010755805298686028
            ],
            [
                0.0,
                0.0,
                0.0,
                1.0
            ]
        ]
    },
    {
        "class": "Car",
        "extent": [
            1.1256572008132935,
            1.8354405164718628,
            0.3289288878440857
        ],
        "position": [
            -28.38886729884208,
            16.8152153562636,
            -2.5233340650722536
        ],
        "yaw": -3.368302364024113,
        "num_points": 0,
        "distance": 33.09148634910107,
        "speed": 4.080959435527232,
        "brake": 0.0,
        "id": 2559,
        "ego_matrix": [
            [
                -0.00230851280502975,
                0.9999973177909851,
                -3.061794996028766e-05,
                401.7897644042969
            ],
            [
                -0.9999900460243225,
                -0.002308379393070936,
                0.0038107153959572315,
                -40.806640625
            ],
            [
                0.0038106346037238836,
                3.941473187296651e-05,
                0.9999927282333374,
                -0.013467597775161266
            ],
            [
                0.0,
                0.0,
                0.0,
                1.0
            ]
        ]
    },
    {
        "class": "Car",
        "extent": [
            1.4106584787368774,
            5.357479572296143,
            2.033203125
        ],
        "position": [
            43.383769218655466,
            -20.635627843575815,
            -2.274037483887623
        ],
        "yaw": 1.1807217903504457,
        "num_points": 6,
        "distance": 48.095236922113656,
        "speed": 4.7924537470152755,
        "brake": 0.0,
        "id": 2576,
        "ego_matrix": [
            [
                -0.986214816570282,
                -0.16485202312469482,
                0.014288836158812046,
                349.30706787109375
            ],
            [
                0.16490106284618378,
                -0.9863073229789734,
                0.002316053258255124,
                20.832727432250977
            ],
            [
                0.01371137984097004,
                0.004640370141714811,
                0.9998952150344849,
                0.2931029498577118
            ],
            [
                0.0,
                0.0,
                0.0,
                1.0
            ]
        ]
    },
    {
        "class": "Car",
        "extent": [
            1.6171096563339233,
            3.987684965133667,
            1.8508483171463013
        ],
        "position": [
            -37.23093918141894,
            22.043770032346224,
            -2.4641529898906356
        ],
        "yaw": -3.3729349327403058,
        "num_points": 0,
        "distance": 43.33754353360454,
        "speed": 4.946974398635064,
        "brake": 0.0,
        "id": 2582,
        "ego_matrix": [
            [
                -0.006941067986190319,
                0.9999759197235107,
                -4.002277478321048e-07,
                408.8548278808594
            ],
            [
                -0.9999759197235107,
                -0.006941067986190319,
                1.9076722310273908e-05,
                -48.26356506347656
            ],
            [
                1.9073484509135596e-05,
                5.326309633346682e-07,
                1.0,
                0.03826722875237465
            ],
            [
                0.0,
                0.0,
                0.0,
                1.0
            ]
        ]
    },
    {
        "class": "Car",
        "extent": [
            1.6493593454360962,
            4.855708599090576,
            2.0327565670013428
        ],
        "position": [
            -35.50076136228048,
            26.024213165796457,
            -2.5104266635223933
        ],
        "yaw": -3.3739193702372536,
        "num_points": 5,
        "distance": 44.0892954154784,
        "speed": 4.599127894227493,
        "brake": 0.0,
        "id": 2590,
        "ego_matrix": [
            [
                -0.007925471290946007,
                0.9999685883522034,
                6.414630206563743e-06,
                412.3504333496094
            ],
            [
                -0.9999685883522034,
                -0.007925472222268581,
                8.065638394327834e-05,
                -45.69101333618164
            ],
            [
                8.07046890258789e-05,
                -5.775189038104145e-06,
                1.0,
                -0.00972612202167511
            ],
            [
                0.0,
                0.0,
                0.0,
                1.0
            ]
        ]
    },
    {
        "class": "Car",
        "extent": [
            1.8779358863830566,
            3.866220712661743,
            1.9051965475082397
        ],
        "position": [
            -13.740757092170512,
            -1.4878293237294713,
            -2.5185736428148777
        ],
        "yaw": -0.2167851743160305,
        "num_points": 42,
        "distance": 14.04867448398123,
        "speed": 4.850372987890792,
        "brake": 0.0,
        "id": 2600,
        "ego_matrix": [
            [
                -0.007615892216563225,
                -0.9999709725379944,
                9.833746298681945e-05,
                380.68609619140625
            ],
            [
                0.9999707341194153,
                -0.007615956943482161,
                -0.0006728029111400247,
                -30.598642349243164
            ],
            [
                0.0006735323695465922,
                9.321059769717976e-05,
                0.9999997615814209,
                0.009749717079102993
            ],
            [
                0.0,
                0.0,
                0.0,
                1.0
            ]
        ]
    },
    {
        "class": "Car",
        "extent": [
            1.3787471055984497,
            2.2072951793670654,
            1.4809197187423706
        ],
        "position": [
            -14.547325255328998,
            1.9131755296114825,
            -2.5229460368323613
        ],
        "yaw": -0.21665667679343414,
        "num_points": 13,
        "distance": 14.88792025086799,
        "speed": 5.100963382197929,
        "brake": 0.0,
        "id": 2646,
        "ego_matrix": [
            [
                -0.007744227536022663,
                -0.999970018863678,
                5.401294765761122e-05,
                384.1813049316406
            ],
            [
                0.9999480247497559,
                -0.0077444156631827354,
                -0.006630390882492065,
                -30.628185272216797
            ],
            [
                0.006630610208958387,
                2.662884071469307e-06,
                0.9999780058860779,
                0.0028416060376912355
            ],
            [
                0.0,
                0.0,
                0.0,
                1.0
            ]
        ]
    },
    {
        "class": "Car",
        "extent": [
            1.1454535722732544,
            2.0333523750305176,
            0.8025798797607422
        ],
        "position": [
            38.55919264798631,
            -28.504087303708822,
            -2.1850290004321224
        ],
        "yaw": 1.3037507779644,
        "num_points": 0,
        "distance": 48.00071543648808,
        "speed": 7.318282662649674,
        "brake": 0.0,
        "id": 2651,
        "ego_matrix": [
            [
                -0.9990317225456238,
                -0.04274822771549225,
                0.010403298772871494,
                342.70953369140625
            ],
            [
                0.04262896627187729,
                -0.9990256428718567,
                -0.01142789889127016,
                14.378175735473633
            ],
            [
                0.010881684720516205,
                -0.010973352938890457,
                0.9998806118965149,
                0.3848554193973541
            ],
            [
                0.0,
                0.0,
                0.0,
                1.0
            ]
        ]
    },
    {
        "class": "Car",
        "extent": [
            1.8548461198806763,
            4.6045098304748535,
            1.9315931797027588
        ],
        "position": [
            35.71855270891806,
            -31.885853955285388,
            -2.1233090108864743
        ],
        "yaw": 1.327836939495295,
        "num_points": 0,
        "distance": 47.92735264161018,
        "speed": 5.9681330697858055,
        "brake": 0.0,
        "id": 2659,
        "ego_matrix": [
            [
                -0.999504804611206,
                -0.01847917027771473,
                0.025468138977885246,
                340.0447082519531
            ],
            [
                0.018551114946603775,
                -0.9998245239257812,
                0.0025915259029716253,
                10.856218338012695
            ],
            [
                0.025415781885385513,
                0.0030627050437033176,
                0.9996722340583801,
                0.44739672541618347
            ],
            [
                0.0,
                0.0,
                0.0,
                1.0
            ]
        ]
    }
]