[
    {
        "class": "Car",
        "extent": [
            1.5107464790344238,
            4.901683330535889,
            2.128324270248413
        ],
        "position": [
            -1.3,
            0.0,
            -2.5
        ],
        "yaw": 0,
        "num_points": -1,
        "distance": -1,
        "speed": 3.256190006660661,
        "brake": 0.0,
        "id": 2402,
        "ego_matrix": [
            [
                -0.27146562933921814,
                -0.9624481201171875,
                0.00014966449816711247,
                378.84417724609375
            ],
            [
                0.9624477624893188,
                -0.27146539092063904,
                0.0008899149252101779,
                -16.350231170654297
            ],
            [
                -0.0008158682030625641,
                0.0003856255498249084,
                0.9999995827674866,
                0.033823393285274506
            ],
            [
                0.0,
                0.0,
                0.0,
                1.0
            ]
        ]
    },
    {
        "class": "Car",
        "extent": [
            1.50146484375,
            3.633375883102417,
            1.845113754272461
        ],
        "position": [
            40.716097354681544,
            -23.50405722099045,
            -2.1726700785557416
        ],
        "yaw": 1.2161054806996197,
        "num_points": 4,
        "distance": 47.06338050877508,
        "speed": 5.56759962650269,
        "brake": 0.0,
        "id": 2411,
        "ego_matrix": [
            [
                -0.9967136979103088,
                -0.07965106517076492,
                0.014749282039701939,
                344.8168640136719
            ],
            [
                0.07968218624591827,
                -0.9968191385269165,
                0.001533667789772153,
                17.707822799682617
            ],
            [
                0.01458020880818367,
                0.002703882986679673,
                0.9998900890350342,
                0.33593735098838806
            ],
            [
                0.0,
                0.0,
                0.0,
                1.0
            ]
        ]
    },
    {
        "class": "Car",
        "extent": [
            1.8779358863830566,
            3.866220712661743,
            1.9051965475082397
        ],
        "position": [
            -30.746446687731023,
            0.9882117056882873,
            -2.5471281039901577
        ],
        "yaw": -0.267280839112805,
        "num_points": 7,
        "distance": 30.867594786035433,
        "speed": 7.123635729867163,
        "brake": 0.0,
        "id": 2432,
        "ego_matrix": [
            [
                -0.007634609472006559,
                -0.9999708533287048,
                8.749798143981025e-05,
                387.7889709472656
            ],
            [
                0.9999708533287048,
                -0.007634622976183891,
                -0.00015836177044548094,
                -44.42267608642578
            ],
            [
                0.00015902517770882696,
                8.628640352981165e-05,
                1.0,
                0.010338649153709412
            ],
            [
                0.0,
                0.0,
                0.0,
                1.0
            ]
        ]
    },
    {
        "class": "Car",
        "extent": [
            1.4738311767578125,
            4.1928300857543945,
            1.8161858320236206
        ],
        "position": [
            -47.94881431618572,
            -7.327207572009177,
            -2.57977981468395
        ],
        "yaw": -0.26739868399104116,
        "num_points": 0,
        "distance": 48.57398510544112,
        "speed": 8.293743160074627,
        "brake": 0.0,
        "id": 2444,
        "ego_matrix": [
            [
                -0.007516833022236824,
                -0.9999717473983765,
                3.780891120186425e-06,
                384.4556579589844
            ],
            [
                0.9999716281890869,
                -0.007516833953559399,
                -0.0004321174346841872,
                -63.23643493652344
            ],
            [
                0.0004321336455177516,
                5.326292011886835e-07,
                0.9999998807907104,
                -0.005071544554084539
            ],
            [
                0.0,
                0.0,
                0.0,
                1.0
            ]
        ]
    },
    {
        "class": "Car",
        "extent": [
            1.6672759056091309,
            4.611005783081055,
            2.241713285446167
        ],
        "position": [
            -13.536280540064666,
            5.677666307519152,
            -2.467081101473505
        ],
        "yaw": -0.2564331182026398,
        "num_points": 64,
        "distance": 14.884665757756178,
        "speed": 5.618850466078165,
        "brake": 0.0,
        "id": 2477,
        "ego_matrix": [
            [
                -0.018481438979506493,
                -0.9998290538787842,
                0.0006407194887287915,
                387.63037109375
            ],
            [
                0.9998292326927185,
                -0.018481364473700523,
                0.00012320390669628978,
                -26.585693359375
            ],
            [
                -0.00011134146916447207,
                0.0006428870256058872,
                0.9999998211860657,
                0.07453601807355881
            ],
            [
                0.0,
                0.0,
                0.0,
                1.0
            ]
        ]
    },
    {
        "class": "Car",
        "extent": [
            1.8548461198806763,
            4.6045098304748535,
            1.9315931797027588
        ],
        "position": [
            -16.14991472178357,
            8.610429951057844,
            -2.531996172303074
        ],
        "yaw": -0.26604926026669795,
        "num_points": 2,
        "distance": 18.476207784053337,
        "speed": 5.167396681786185,
        "brake": 0.0,
        "id": 2544,
        "ego_matrix": [
            [
                -0.00886617787182331,
                -0.9999606609344482,
                0.0004107243730686605,
                391.1625061035156
            ],
            [
                0.9999539852142334,
                -0.008867626078426838,
                -0.003670047502964735,
                -28.30509376525879
            ],
            [
                0.0036735450848937035,
                0.00037816615076735616,
                0.9999932050704956,
                0.01062240544706583
            ],
            [
                0.0,
                0.0,
                0.0,
                1.0
            ]
        ]
    },
    {
        "class": "Car",
        "extent": [
            1.1256572008132935,
            1.8354405164718628,
            0.3289288878440857
        ],
        "position": [
            -33.0296919301434,
            14.886388473661443,
            -2.5674372549824325
        ],
        "yaw": -3.418776457216058,
        "num_points": 0,
        "distance": 36.320198854731125,
        "speed": 4.081579707050015,
        "brake": 0.0,
        "id": 2559,
        "ego_matrix": [
            [
                -0.0022682202979922295,
                0.9999974370002747,
                4.0790131606627256e-05,
                401.7850646972656
            ],
            [
                -0.9999901652336121,
                -0.0022683595307171345,
                0.0038160355761647224,
                -42.84732437133789
            ],
            [
                0.0038161182310432196,
                -3.213412128388882e-05,
                0.9999927282333374,
                -0.013467159122228622
            ],
            [
                0.0,
                0.0,
                0.0,
                1.0
            ]
        ]
    },
    {
        "class": "Car",
        "extent": [
            1.1454535722732544,
            2.0333523750305176,
            0.8025798797607422
        ],
        "position": [
            -49.22564321282512,
            -0.4114700920545638,
            -2.571143045553595
        ],
        "yaw": -0.2674615345927671,
        "num_points": 0,
        "distance": 49.29446250760535,
        "speed": 9.161568495022523,
        "brake": 0.0,
        "id": 2575,
        "ego_matrix": [
            [
                -0.007454004604369402,
                -0.9999722242355347,
                -2.3310742108151317e-05,
                391.45831298828125
            ],
            [
                0.9999711513519287,
                -0.007454030681401491,
                0.001456603640690446,
                -62.58792495727539
            ],
            [
                -0.0014567369362339377,
                -1.2452538612706121e-05,
                0.999998927116394,
                0.0019400599412620068
            ],
            [
                0.0,
                0.0,
                0.0,
                1.0
            ]
        ]
    },
    {
        "class": "Car",
        "extent": [
            1.4106584787368774,
            5.357479572296143,
            2.033203125
        ],
        "position": [
            43.41080009266659,
            -20.52489056528511,
            -2.1825398385309245
        ],
        "yaw": 1.1785237503447485,
        "num_points": 5,
        "distance": 48.06799535604919,
        "speed": 4.745833316095641,
        "brake": 0.0,
        "id": 2576,
        "ego_matrix": [
            [
                -0.9930630922317505,
                -0.1170436441898346,
                0.01124884095042944,
                346.95263671875
            ],
            [
                0.11708083748817444,
                -0.9931187033653259,
                0.0027036829851567745,
                21.110065460205078
            ],
            [
                0.010854984633624554,
                0.004001951776444912,
                0.999933123588562,
                0.3227202296257019
            ],
            [
                0.0,
                0.0,
                0.0,
                1.0
            ]
        ]
    },
    {
        "class": "Car",
        "extent": [
            1.6171096563339233,
            3.987684965133667,
            1.8508483171463013
        ],
        "position": [
            -42.538339379884555,
            19.532878748679966,
            -2.521668921410293
        ],
        "yaw": -3.4230979687169296,
        "num_points": 0,
        "distance": 46.876459801888586,
        "speed": 4.948948015899108,
        "brake": 0.0,
        "id": 2582,
        "ego_matrix": [
            [
                -0.0065896469168365,
                0.9999783039093018,
                -1.1059348253183998e-05,
                408.8383483886719
            ],
            [
                -0.9999783039093018,
                -0.0065896469168365,
                1.9146778868162073e-05,
                -50.73749923706055
            ],
            [
                1.9073484509135596e-05,
                1.1185278708580881e-05,
                1.0,
                0.03826715424656868
            ],
            [
                0.0,
                0.0,
                0.0,
                1.0
            ]
        ]
    },
    {
        "class": "Car",
        "extent": [
            1.6493593454360962,
            4.855708599090576,
            2.0327565670013428
        ],
        "position": [
            -40.843568061933134,
            23.641063127573773,
            -2.566695475341287
        ],
        "yaw": -3.4243503202195393,
        "num_points": 0,
        "distance": 47.26187515847028,
        "speed": 4.601734248801167,
        "brake": 0.0,
        "id": 2590,
        "ego_matrix": [
            [
                -0.007842027582228184,
                0.9999692440032959,
                -1.9073893781751394e-05,
                412.3321838378906
            ],
            [
                -0.9999692440032959,
                -0.007842025719583035,
                8.085675654001534e-05,
                -47.991180419921875
            ],
            [
                8.07046890258789e-05,
                1.97073877643561e-05,
                1.0,
                -0.009726312942802906
            ],
            [
                0.0,
                0.0,
                0.0,
                1.0
            ]
        ]
    },
    {
        "class": "Car",
        "extent": [
            1.8779358863830566,
            3.866220712661743,
            1.9051965475082397
        ],
        "position": [
            -13.158178254168899,
            -1.455090069028308,
            -2.534128780003895
        ],
        "yaw": -0.2641456327195095,
        "num_points": 45,
        "distance": 13.478751824672495,
        "speed": 5.0408351638802,
        "brake": 0.0,
        "id": 2600,
        "ego_matrix": [
            [
                -0.010769671760499477,
                -0.9999419450759888,
                0.00028848330839537084,
                380.6628112792969
            ],
            [
                0.999941349029541,
                -0.010770000517368317,
                -0.0011665227357298136,
                -28.158145904541016
            ],
            [
                0.0011695621069520712,
                0.0002759033231996,
                0.9999992847442627,
                0.009930457919836044
            ],
            [
                0.0,
                0.0,
                0.0,
                1.0
            ]
        ]
    },
    {
        "class": "Car",
        "extent": [
            1.3787471055984497,
            2.2072951793670654,
            1.4809197187423706
        ],
        "position": [
            -13.721055816332408,
            2.0053622030958076,
            -2.5396793965421685
        ],
        "yaw": -0.2593829685840663,
        "num_points": 23,
        "distance": 14.097475721480617,
        "speed": 6.181949116813605,
        "brake": 0.0,
        "id": 2646,
        "ego_matrix": [
            [
                -0.015531057491898537,
                -0.9998788833618164,
                0.0010079704225063324,
                384.1461181640625
            ],
            [
                0.9998166561126709,
                -0.01554136723279953,
                -0.011186359450221062,
                -27.760498046875
            ],
            [
                0.011200670152902603,
                0.0008340495987795293,
                0.9999369382858276,
                0.003504638560116291
            ],
            [
                0.0,
                0.0,
                0.0,
                1.0
            ]
        ]
    },
    {
        "class": "Car",
        "extent": [
            1.8548461198806763,
            4.6045098304748535,
            1.9315931797027588
        ],
        "position": [
            36.24418940273585,
            -32.925037820131614,
            -2.0032822004157556
        ],
        "yaw": -4.981674913482216,
        "num_points": 0,
        "distance": 49.00727007794853,
        "speed": 6.3471518780853255,
        "brake": 0.0,
        "id": 2659,
        "ego_matrix": [
            [
                -0.9997050762176514,
                0.005671651102602482,
                0.023612752556800842,
                336.9636535644531
            ],
            [
                -0.0056280894204974174,
                -0.9999822974205017,
                0.0019108870765194297,
                10.846525192260742
            ],
            [
                0.02362317405641079,
                0.001777428900822997,
                0.9997193217277527,
                0.5126066207885742
            ],
            [
                0.0,
                0.0,
                0.0,
                1.0
            ]
        ]
    }
]