[
    {
        "class": "Car",
        "extent": [
            1.5107464790344238,
            4.901683330535889,
            2.128324270248413
        ],
        "position": [
            -1.3,
            0.0,
            -2.5
        ],
        "yaw": 0,
        "num_points": -1,
        "distance": -1,
        "speed": 2.896590952147991,
        "brake": 0.0,
        "id": 2402,
        "ego_matrix": [
            [
                -0.3077382445335388,
                -0.9514709711074829,
                0.0002358303900109604,
                378.3775329589844
            ],
            [
                0.9514710307121277,
                -0.30773818492889404,
                0.00017086914158426225,
                -14.982723236083984
            ],
            [
                -9.000301361083984e-05,
                0.00027696878532879055,
                0.9999999403953552,
                0.033462293446063995
            ],
            [
                0.0,
                0.0,
                0.0,
                1.0
            ]
        ]
    },
    {
        "class": "Car",
        "extent": [
            1.50146484375,
            3.633375883102417,
            1.845113754272461
        ],
        "position": [
            41.23846799056319,
            -24.90477448994123,
            -2.1519496752171845
        ],
        "yaw": 1.2267139165858414,
        "num_points": 2,
        "distance": 48.22333379193313,
        "speed": 7.1583974935339425,
        "brake": 0.0,
        "id": 2411,
        "ego_matrix": [
            [
                -0.9992457032203674,
                -0.031211741268634796,
                0.02310558781027794,
                341.5907287597656
            ],
            [
                0.03125391900539398,
                -0.9995104074478149,
                0.0014664363116025925,
                17.827306747436523
            ],
            [
                0.023048503324389458,
                0.0021874699741601944,
                0.9997319579124451,
                0.38458186388015747
            ],
            [
                0.0,
                0.0,
                0.0,
                1.0
            ]
        ]
    },
    {
        "class": "Car",
        "extent": [
            1.8779358863830566,
            3.866220712661743,
            1.9051965475082397
        ],
        "position": [
            -28.81653087187762,
            0.9633267754775586,
            -2.5255981822003863
        ],
        "yaw": -0.30518001826961383,
        "num_points": 9,
        "distance": 28.943031910015264,
        "speed": 7.22917121391744,
        "brake": 0.0,
        "id": 2432,
        "ego_matrix": [
            [
                -0.007634962908923626,
                -0.9999708533287048,
                9.64128557825461e-05,
                387.7619934082031
            ],
            [
                0.9999703168869019,
                -0.007635059766471386,
                -0.001046905294060707,
                -40.86745834350586
            ],
            [
                0.0010476108873263001,
                8.841690578265116e-05,
                0.999999463558197,
                0.010073871351778507
            ],
            [
                0.0,
                0.0,
                0.0,
                1.0
            ]
        ]
    },
    {
        "class": "Car",
        "extent": [
            1.4738311767578125,
            4.1928300857543945,
            1.8161858320236206
        ],
        "position": [
            -45.09832354144849,
            -7.811181687599734,
            -2.5446573938447052
        ],
        "yaw": -0.30523914044581346,
        "num_points": 1,
        "distance": 45.84046931323794,
        "speed": 8.653385022644422,
        "brake": 0.0,
        "id": 2444,
        "ego_matrix": [
            [
                -0.007575838826596737,
                -0.999971330165863,
                5.049992068961728e-06,
                384.423828125
            ],
            [
                0.9999710917472839,
                -0.007575840689241886,
                -0.0006857923581264913,
                -59.05936813354492
            ],
            [
                0.0006858109263703227,
                -1.45606449564184e-07,
                0.9999997615814209,
                -0.005089664366096258
            ],
            [
                0.0,
                0.0,
                0.0,
                1.0
            ]
        ]
    },
    {
        "class": "Car",
        "extent": [
            1.6672759056091309,
            4.611005783081055,
            2.241713285446167
        ],
        "position": [
            -12.128372666614787,
            6.045863027804519,
            -2.4593814758482293
        ],
        "yaw": -0.2506876144669028,
        "num_points": 78,
        "distance": 13.773105696792127,
        "speed": 6.814450678932363,
        "brake": 0.0,
        "id": 2477,
        "ego_matrix": [
            [
                -0.062087249010801315,
                -0.9980679750442505,
                0.0023289581295102835,
                387.4623107910156
            ],
            [
                0.9980677366256714,
                -0.0620926171541214,
                -0.002308643888682127,
                -23.42505645751953
            ],
            [
                0.0024487946648150682,
                0.0021811204496771097,
                0.9999946355819702,
                0.07338088750839233
            ],
            [
                0.0,
                0.0,
                0.0,
                1.0
            ]
        ]
    },
    {
        "class": "Car",
        "extent": [
            1.8548461198806763,
            4.6045098304748535,
            1.9315931797027588
        ],
        "position": [
            -15.28288922807523,
            8.853258981278366,
            -2.521821370514282
        ],
        "yaw": -0.28866216108256104,
        "num_points": 0,
        "distance": 17.8411457247562,
        "speed": 5.758224823434974,
        "brake": 0.0,
        "id": 2544,
        "ego_matrix": [
            [
                -0.02415042370557785,
                -0.9997044205665588,
                0.0028069617692381144,
                391.1042175292969
            ],
            [
                0.9997022747993469,
                -0.024159997701644897,
                -0.003428406547755003,
                -25.56255531311035
            ],
            [
                0.0034952089190483093,
                0.002723328536376357,
                0.9999902248382568,
                0.010447349399328232
            ],
            [
                0.0,
                0.0,
                0.0,
                1.0
            ]
        ]
    },
    {
        "class": "Car",
        "extent": [
            1.1256572008132935,
            1.8354405164718628,
            0.3289288878440857
        ],
        "position": [
            -36.95640315582993,
            13.064947325175925,
            -2.5465199974546184
        ],
        "yaw": -3.4559315491642986,
        "num_points": 0,
        "distance": 39.2804448412094,
        "speed": 4.081788161035216,
        "brake": 0.0,
        "id": 2559,
        "ego_matrix": [
            [
                -0.0015238843625411391,
                0.9999988675117493,
                0.00013925725943408906,
                401.7812805175781
            ],
            [
                -0.9999915957450867,
                -0.0015244048554450274,
                0.003817817894741893,
                -44.88818359375
            ],
            [
                0.003818025579676032,
                -0.00013343815226107836,
                0.9999927282333374,
                -0.013467101380228996
            ],
            [
                0.0,
                0.0,
                0.0,
                1.0
            ]
        ]
    },
    {
        "class": "Car",
        "extent": [
            1.1454535722732544,
            2.0333523750305176,
            0.8025798797607422
        ],
        "position": [
            -46.308020783808935,
            -0.8448354022212456,
            -2.535531301796037
        ],
        "yaw": -0.30530185788948483,
        "num_points": 0,
        "distance": 46.38507793194827,
        "speed": 9.43200372497548,
        "brake": 0.0,
        "id": 2575,
        "ego_matrix": [
            [
                -0.007513077929615974,
                -0.9999717473983765,
                -4.494361928664148e-05,
                391.42437744140625
            ],
            [
                0.9999637007713318,
                -0.0075131980702281,
                0.0040067462250590324,
                -58.06654739379883
            ],
            [
                -0.004006970673799515,
                -1.4838994502497371e-05,
                0.9999919533729553,
                0.002215843414887786
            ],
            [
                0.0,
                0.0,
                0.0,
                1.0
            ]
        ]
    },
    {
        "class": "Car",
        "extent": [
            1.4106584787368774,
            5.357479572296143,
            2.033203125
        ],
        "position": [
            43.72821183832785,
            -21.332434216224414,
            -2.182021152700443
        ],
        "yaw": 1.1933785965891015,
        "num_points": 5,
        "distance": 48.703084876402336,
        "speed": 5.994846970151331,
        "brake": 0.0,
        "id": 2576,
        "ego_matrix": [
            [
                -0.9977964758872986,
                -0.06449508666992188,
                0.015573257580399513,
                344.2235107421875
            ],
            [
                0.0645502358675003,
                -0.9979097247123718,
                0.0030644559301435947,
                21.29556655883789
            ],
            [
                0.01534306351095438,
                0.004062960855662823,
                0.9998739957809448,
                0.3532968759536743
            ],
            [
                0.0,
                0.0,
                0.0,
                1.0
            ]
        ]
    },
    {
        "class": "Car",
        "extent": [
            1.6171096563339233,
            3.987684965133667,
            1.8508483171463013
        ],
        "position": [
            -47.04422668028763,
            17.204825768477324,
            -2.494547020767702
        ],
        "yaw": -3.4598522549211133,
        "num_points": 0,
        "distance": 50.15364451870641,
        "speed": 4.950917627352582,
        "brake": 0.0,
        "id": 2582,
        "ego_matrix": [
            [
                -0.005444543436169624,
                0.9999851584434509,
                -2.1201125491643324e-05,
                408.8246765136719
            ],
            [
                -0.9999851584434509,
                -0.005444542970508337,
                1.9189197701052763e-05,
                -53.21244812011719
            ],
            [
                1.9073484509135596e-05,
                2.1305288100847974e-05,
                1.0,
                0.038267191499471664
            ],
            [
                0.0,
                0.0,
                0.0,
                1.0
            ]
        ]
    },
    {
        "class": "Car",
        "extent": [
            1.6493593454360962,
            4.855708599090576,
            2.0327565670013428
        ],
        "position": [
            -45.34047927074886,
            21.42506818287899,
            -2.541218155835581
        ],
        "yaw": -3.4614649321192106,
        "num_points": 3,
        "distance": 50.21205429832332,
        "speed": 4.604337129881721,
        "brake": 0.0,
        "id": 2590,
        "ego_matrix": [
            [
                -0.007057175040245056,
                0.9999750852584839,
                -5.056187364971265e-05,
                412.3157958984375
            ],
            [
                -0.9999750852584839,
                -0.00705717084929347,
                8.106353197945282e-05,
                -50.292659759521484
            ],
            [
                8.07046890258789e-05,
                5.1132694352418184e-05,
                1.0,
                -0.009726160205900669
            ],
            [
                0.0,
                0.0,
                0.0,
                1.0
            ]
        ]
    },
    {
        "class": "Car",
        "extent": [
            1.8779358863830566,
            3.866220712661743,
            1.9051965475082397
        ],
        "position": [
            -12.557407086231219,
            -1.287105854313008,
            -2.5238970767542446
        ],
        "yaw": -0.28977083504436063,
        "num_points": 60,
        "distance": 12.873040459176126,
        "speed": 3.3242901087054375,
        "brake": 0.3309648334980011,
        "id": 2600,
        "ego_matrix": [
            [
                -0.02304193563759327,
                -0.9997345209121704,
                0.00012607550888787955,
                380.6172180175781
            ],
            [
                0.9997267723083496,
                -0.023041261360049248,
                0.003937965724617243,
                -26.089916229248047
            ],
            [
                -0.003934015054255724,
                0.00021677941549569368,
                0.9999922513961792,
                0.010934906080365181
            ],
            [
                0.0,
                0.0,
                0.0,
                1.0
            ]
        ]
    },
    {
        "class": "Car",
        "extent": [
            1.3787471055984497,
            2.2072951793670654,
            1.4809197187423706
        ],
        "position": [
            -11.934875799011097,
            2.4302063751042207,
            -2.530258329138793
        ],
        "yaw": -0.2366158707410877,
        "num_points": 26,
        "distance": 12.43983000589615,
        "speed": 7.305048386486602,
        "brake": 0.0,
        "id": 2646,
        "ego_matrix": [
            [
                -0.07612068951129913,
                -0.997079074382782,
                0.006246063392609358,
                383.9625549316406
            ],
            [
                0.9970368146896362,
                -0.0761842131614685,
                -0.010654738172888756,
                -24.3536376953125
            ],
            [
                0.011099467054009438,
                0.0054165092296898365,
                0.9999237060546875,
                0.0034880447201430798
            ],
            [
                0.0,
                0.0,
                0.0,
                1.0
            ]
        ]
    }
]