[
    {
        "class": "Car",
        "extent": [
            1.5107464790344238,
            4.901683330535889,
            2.128324270248413
        ],
        "position": [
            -1.3,
            0.0,
            -2.5
        ],
        "yaw": 0,
        "num_points": -1,
        "distance": -1,
        "speed": 2.793487407897734,
        "brake": 0.0,
        "id": 2402,
        "ego_matrix": [
            [
                -0.3440430462360382,
                -0.9389538764953613,
                8.784477540757507e-05,
                377.8361511230469
            ],
            [
                0.9389538168907166,
                -0.34404298663139343,
                0.0004213186912238598,
                -13.570902824401855
            ],
            [
                -0.0003653764433693141,
                0.00022743396402802318,
                0.9999999403953552,
                0.033599164336919785
            ],
            [
                0.0,
                0.0,
                0.0,
                1.0
            ]
        ]
    },
    {
        "class": "Car",
        "extent": [
            1.8779358863830566,
            3.866220712661743,
            1.9051965475082397
        ],
        "position": [
            -26.8321003631549,
            1.185509945306689,
            -2.5327185855974084
        ],
        "yaw": -0.3435834669788289,
        "num_points": 10,
        "distance": 26.97742958776223,
        "speed": 7.687887922475566,
        "brake": 0.0,
        "id": 2432,
        "ego_matrix": [
            [
                -0.007635911926627159,
                -0.9999708533287048,
                0.00010142438259208575,
                387.7334289550781
            ],
            [
                0.9999697208404541,
                -0.00763605535030365,
                -0.001493795309215784,
                -37.136512756347656
            ],
            [
                0.0014945261646062136,
                9.001482249004766e-05,
                0.9999988675117493,
                0.009939785115420818
            ],
            [
                0.0,
                0.0,
                0.0,
                1.0
            ]
        ]
    },
    {
        "class": "Car",
        "extent": [
            1.4738311767578125,
            4.1928300857543945,
            1.8161858320236206
        ],
        "position": [
            -41.99507874542338,
            -7.9320994125109365,
            -2.555376878509824
        ],
        "yaw": -0.3435626943223262,
        "num_points": 1,
        "distance": 42.81395556259068,
        "speed": 9.498017647995697,
        "brake": 0.0,
        "id": 2444,
        "ego_matrix": [
            [
                -0.007656658999621868,
                -0.9999706745147705,
                7.3526448431948666e-06,
                384.3891296386719
            ],
            [
                0.9999702572822571,
                -0.007656662724912167,
                -0.0008907014271244407,
                -54.51070785522461
            ],
            [
                0.0008907316369004548,
                5.326291443452646e-07,
                0.9999995827674866,
                -0.005104656331241131
            ],
            [
                0.0,
                0.0,
                0.0,
                1.0
            ]
        ]
    },
    {
        "class": "Car",
        "extent": [
            1.6672759056091309,
            4.611005783081055,
            2.241713285446167
        ],
        "position": [
            -10.297566761017892,
            6.465880932887387,
            -2.461922259200314
        ],
        "yaw": -0.2080137869497456,
        "num_points": 96,
        "distance": 12.405988821784549,
        "speed": 7.751025769962298,
        "brake": 0.0,
        "id": 2477,
        "ego_matrix": [
            [
                -0.14271625876426697,
                -0.9897570610046387,
                0.0036124151665717363,
                387.00286865234375
            ],
            [
                0.9897611737251282,
                -0.14272306859493256,
                -0.0017010197043418884,
                -19.794645309448242
            ],
            [
                0.0021991711109876633,
                0.00333266519010067,
                0.9999920129776001,
                0.0734938383102417
            ],
            [
                0.0,
                0.0,
                0.0,
                1.0
            ]
        ]
    },
    {
        "class": "Car",
        "extent": [
            1.8548461198806763,
            4.6045098304748535,
            1.9315931797027588
        ],
        "position": [
            -14.195667451211156,
            9.202605154939112,
            -2.5259698860080513
        ],
        "yaw": -0.2803243363417405,
        "num_points": 0,
        "distance": 17.10512905207404,
        "speed": 6.44835747755151,
        "brake": 0.0,
        "id": 2544,
        "ego_matrix": [
            [
                -0.07083503156900406,
                -0.9974690675735474,
                0.006162300705909729,
                390.91363525390625
            ],
            [
                0.9974779486656189,
                -0.07086077332496643,
                -0.004064339678734541,
                -22.51325798034668
            ],
            [
                0.004490718245506287,
                0.0058588613756000996,
                0.9999727606773376,
                0.010248069651424885
            ],
            [
                0.0,
                0.0,
                0.0,
                1.0
            ]
        ]
    },
    {
        "class": "Car",
        "extent": [
            1.1256572008132935,
            1.8354405164718628,
            0.3289288878440857
        ],
        "position": [
            -40.859623745626614,
            11.005709002708127,
            -2.5590173169268144
        ],
        "yaw": -3.4928524160946663,
        "num_points": 0,
        "distance": 42.39319583276067,
        "speed": 4.081857444385502,
        "brake": 0.0,
        "id": 2559,
        "ego_matrix": [
            [
                -4.0336155507247895e-05,
                1.0,
                0.00022424942289944738,
                401.78021240234375
            ],
            [
                -0.9999927282333374,
                -4.119205186725594e-05,
                0.0038180164992809296,
                -46.92914962768555
            ],
            [
                0.003818025579676032,
                -0.00022409379016608,
                0.9999927282333374,
                -0.013467063196003437
            ],
            [
                0.0,
                0.0,
                0.0,
                1.0
            ]
        ]
    },
    {
        "class": "Car",
        "extent": [
            1.1454535722732544,
            2.0333523750305176,
            0.8025798797607422
        ],
        "position": [
            -42.9080032092124,
            -0.8152706809202083,
            -2.5465322633010707
        ],
        "yaw": -0.3436629623373677,
        "num_points": 1,
        "distance": 42.99123436530967,
        "speed": 11.041907842079063,
        "brake": 0.0,
        "id": 2575,
        "ego_matrix": [
            [
                -0.0075562759302556515,
                -0.9999714493751526,
                -5.478040475281887e-05,
                391.3855895996094
            ],
            [
                0.9999536871910095,
                -0.00755646824836731,
                0.0059587545692920685,
                -52.919403076171875
            ],
            [
                -0.00595899811014533,
                -9.751877769303974e-06,
                0.9999822378158569,
                0.0024549104273319244
            ],
            [
                0.0,
                0.0,
                0.0,
                1.0
            ]
        ]
    },
    {
        "class": "Car",
        "extent": [
            1.8779358863830566,
            3.866220712661743,
            1.9051965475082397
        ],
        "position": [
            -12.585410757626628,
            -1.238936557601367,
            -2.527964656633881
        ],
        "yaw": -0.31134257303205715,
        "num_points": 51,
        "distance": 12.896438773441886,
        "speed": 2.749949136314725,
        "brake": 0.0,
        "id": 2600,
        "ego_matrix": [
            [
                -0.03986629471182823,
                -0.9992049932479858,
                0.00032162421848624945,
                380.5555114746094
            ],
            [
                0.9992050528526306,
                -0.03986622765660286,
                0.00020896813657600433,
                -24.59364128112793
            ],
            [
                -0.00019598005746956915,
                0.00032969930907711387,
                0.9999999403953552,
                0.010039710439741611
            ],
            [
                0.0,
                0.0,
                0.0,
                1.0
            ]
        ]
    },
    {
        "class": "Car",
        "extent": [
            1.3787471055984497,
            2.2072951793670654,
            1.4809197187423706
        ],
        "position": [
            -9.697167090586813,
            2.867615747128247,
            -2.532641498344645
        ],
        "yaw": -0.17471428646966736,
        "num_points": 46,
        "distance": 10.424612348431726,
        "speed": 8.2719930088353,
        "brake": 0.0,
        "id": 2646,
        "ego_matrix": [
            [
                -0.17558063566684723,
                -0.9844070672988892,
                0.01069288793951273,
                383.4176940917969
            ],
            [
                0.9844104647636414,
                -0.17567497491836548,
                -0.008626586757600307,
                -20.46888542175293
            ],
            [
                0.010370545089244843,
                0.009011528454720974,
                0.9999056458473206,
                0.0033736038021743298
            ],
            [
                0.0,
                0.0,
                0.0,
                1.0
            ]
        ]
    }
]