[
    {
        "class": "Car",
        "extent": [
            1.5107464790344238,
            4.901683330535889,
            2.128324270248413
        ],
        "position": [
            -1.3,
            0.0,
            -2.5
        ],
        "yaw": 0,
        "num_points": -1,
        "distance": -1,
        "speed": 3.093662406707352,
        "brake": 0.0,
        "id": 2402,
        "ego_matrix": [
            [
                -0.3776240050792694,
                -0.9259589910507202,
                0.00030096189584583044,
                377.2579345703125
            ],
            [
                0.9259589314460754,
                -0.3776240944862366,
                -0.0002457199152559042,
                -12.210933685302734
            ],
            [
                0.00034117698669433594,
                0.00018588860984891653,
                0.9999999403953552,
                0.03337081894278526
            ],
            [
                0.0,
                0.0,
                0.0,
                1.0
            ]
        ]
    },
    {
        "class": "Car",
        "extent": [
            1.8779358863830566,
            3.866220712661743,
            1.9051965475082397
        ],
        "position": [
            -24.653125978661247,
            1.756583430893058,
            -2.515120286582167
        ],
        "yaw": -0.3795790185884489,
        "num_points": 18,
        "distance": 24.84326942907087,
        "speed": 8.148493852953537,
        "brake": 0.0,
        "id": 2432,
        "ego_matrix": [
            [
                -0.007649979088455439,
                -0.9999707341194153,
                0.0001031708816299215,
                387.7031555175781
            ],
            [
                0.9999697208404541,
                -0.0076501197181642056,
                -0.001440850319340825,
                -33.17163848876953
            ],
            [
                0.0014415973564609885,
                9.21452883630991e-05,
                0.9999989867210388,
                0.00995645485818386
            ],
            [
                0.0,
                0.0,
                0.0,
                1.0
            ]
        ]
    },
    {
        "class": "Car",
        "extent": [
            1.4738311767578125,
            4.1928300857543945,
            1.8161858320236206
        ],
        "position": [
            -38.55626578516998,
            -7.533600335952372,
            -2.527164295916602
        ],
        "yaw": -0.3794968600688198,
        "num_points": 2,
        "distance": 39.36657623793421,
        "speed": 10.300695197705638,
        "brake": 0.0,
        "id": 2444,
        "ego_matrix": [
            [
                -0.007732116151601076,
                -0.9999700784683228,
                7.342430308199255e-06,
                384.3509826660156
            ],
            [
                0.9999696612358093,
                -0.007732119876891375,
                -0.0008806875557638705,
                -49.55356979370117
            ],
            [
                0.0008807180565781891,
                5.326291443452646e-07,
                0.9999995827674866,
                -0.00510404584929347
            ],
            [
                0.0,
                0.0,
                0.0,
                1.0
            ]
        ]
    },
    {
        "class": "Car",
        "extent": [
            1.6672759056091309,
            4.611005783081055,
            2.241713285446167
        ],
        "position": [
            -7.976177700066263,
            6.8516533253954615,
            -2.4560904335131664
        ],
        "yaw": -0.14643950517629634,
        "num_points": 155,
        "distance": 10.798006492498136,
        "speed": 8.502016150728577,
        "brake": 0.0,
        "id": 2477,
        "ego_matrix": [
            [
                -0.23846915364265442,
                -0.9711406826972961,
                0.004263592883944511,
                386.1233825683594
            ],
            [
                0.9711486101150513,
                -0.23847408592700958,
                -0.0006808824255131185,
                -15.805461883544922
            ],
            [
                0.001677989144809544,
                0.003978212829679251,
                0.9999906420707703,
                0.07372897863388062
            ],
            [
                0.0,
                0.0,
                0.0,
                1.0
            ]
        ]
    },
    {
        "class": "Car",
        "extent": [
            1.8548461198806763,
            4.6045098304748535,
            1.9315931797027588
        ],
        "position": [
            -12.750377728741393,
            9.614365483252602,
            -2.5166591760247514
        ],
        "yaw": -0.24543519500699418,
        "num_points": 0,
        "distance": 16.166067217459325,
        "speed": 6.80707079889343,
        "brake": 0.0,
        "id": 2544,
        "ego_matrix": [
            [
                -0.141319140791893,
                -0.9899371266365051,
                0.0072979917749762535,
                390.484375
            ],
            [
                0.9899634718894958,
                -0.14132337272167206,
                -6.541039329022169e-05,
                -19.182893753051758
            ],
            [
                0.00109612918458879,
                0.007215502206236124,
                0.9999733567237854,
                0.011017837561666965
            ],
            [
                0.0,
                0.0,
                0.0,
                1.0
            ]
        ]
    },
    {
        "class": "Car",
        "extent": [
            1.1256572008132935,
            1.8354405164718628,
            0.3289288878440857
        ],
        "position": [
            -44.598746787490775,
            8.828022760681627,
            -2.5304241852444944
        ],
        "yaw": -3.5269181080203604,
        "num_points": 0,
        "distance": 45.534440234125,
        "speed": 4.08187904347124,
        "brake": 0.0,
        "id": 2559,
        "ego_matrix": [
            [
                0.001903594471514225,
                0.999998152256012,
                0.00025967913097701967,
                401.782958984375
            ],
            [
                -0.9999909400939941,
                0.0019025889923796058,
                0.003818526864051819,
                -48.970115661621094
            ],
            [
                0.003818025579676032,
                -0.0002669456589501351,
                0.9999926686286926,
                -0.013466930016875267
            ],
            [
                0.0,
                0.0,
                0.0,
                1.0
            ]
        ]
    },
    {
        "class": "Car",
        "extent": [
            1.1454535722732544,
            2.0333523750305176,
            0.8025798797607422
        ],
        "position": [
            -38.903152180805364,
            -0.12572154989959086,
            -2.518279836275242
        ],
        "yaw": -0.3796416028740659,
        "num_points": 0,
        "distance": 38.98477637289716,
        "speed": 12.17564181180471,
        "brake": 0.0,
        "id": 2575,
        "ego_matrix": [
            [
                -0.00758732995018363,
                -0.9999712109565735,
                -4.143445039517246e-05,
                391.34136962890625
            ],
            [
                0.9999614357948303,
                -0.00758743891492486,
                0.004414713941514492,
                -47.0773811340332
            ],
            [
                -0.00441490113735199,
                -7.93696290202206e-06,
                0.9999902248382568,
                0.0022850229870527983
            ],
            [
                0.0,
                0.0,
                0.0,
                1.0
            ]
        ]
    },
    {
        "class": "Car",
        "extent": [
            1.8779358863830566,
            3.866220712661743,
            1.9051965475082397
        ],
        "position": [
            -12.742942686281207,
            -1.2076925535499332,
            -2.519829530917551
        ],
        "yaw": -0.32129161023237485,
        "num_points": 60,
        "distance": 13.045713873707022,
        "speed": 2.629713870015219,
        "brake": 0.0,
        "id": 2600,
        "ego_matrix": [
            [
                -0.06588966399431229,
                -0.997826874256134,
                0.00042629597010090947,
                380.4607849121094
            ],
            [
                0.997826874256134,
                -0.06588977575302124,
                -0.00025558890774846077,
                -23.262678146362305
            ],
            [
                0.000283122033579275,
                0.0004085288674104959,
                0.9999998807907104,
                0.009861717000603676
            ],
            [
                0.0,
                0.0,
                0.0,
                1.0
            ]
        ]
    },
    {
        "class": "Car",
        "extent": [
            1.3787471055984497,
            2.2072951793670654,
            1.4809197187423706
        ],
        "position": [
            -7.00118477339164,
            3.2149651894794506,
            -2.527685382727223
        ],
        "yaw": -0.10367459754985808,
        "num_points": 77,
        "distance": 8.108130659701313,
        "speed": 8.924254027349342,
        "brake": 0.0,
        "id": 2646,
        "ego_matrix": [
            [
                -0.2797589600086212,
                -0.9599925875663757,
                0.012215454131364822,
                382.38775634765625
            ],
            [
                0.9600293040275574,
                -0.27984192967414856,
                -0.005680296570062637,
                -16.275941848754883
            ],
            [
                0.008871437981724739,
                0.010138080455362797,
                0.9999092817306519,
                0.0031427000649273396
            ],
            [
                0.0,
                0.0,
                0.0,
                1.0
            ]
        ]
    }
]