[
    {
        "class": "Car",
        "extent": [
            1.5107464790344238,
            4.901683330535889,
            2.128324270248413
        ],
        "position": [
            -1.3,
            0.0,
            -2.5
        ],
        "yaw": 0,
        "num_points": -1,
        "distance": -1,
        "speed": 3.0247803235545137,
        "brake": 0.0,
        "id": 2402,
        "ego_matrix": [
            [
                -0.410668283700943,
                -0.9117847084999084,
                0.0003759725368581712,
                376.64501953125
            ],
            [
                0.9117845892906189,
                -0.41066843271255493,
                -0.0004430609114933759,
                -10.905491828918457
            ],
            [
                0.0005583762540481985,
                0.00016085492097772658,
                0.9999998211860657,
                0.03375682607293129
            ],
            [
                0.0,
                0.0,
                0.0,
                1.0
            ]
        ]
    },
    {
        "class": "Car",
        "extent": [
            1.8779358863830566,
            3.866220712661743,
            1.9051965475082397
        ],
        "position": [
            -22.322494755994512,
            2.6113101379745935,
            -2.511557830889222
        ],
        "yaw": -0.40848323800546016,
        "num_points": 22,
        "distance": 22.614611106671553,
        "speed": 8.497672177344173,
        "brake": 0.0,
        "id": 2432,
        "ego_matrix": [
            [
                -0.014703135937452316,
                -0.9998916983604431,
                0.0005778604536317289,
                387.65924072265625
            ],
            [
                0.9998912215232849,
                -0.014703793451189995,
                -0.0011518916580826044,
                -29.0010929107666
            ],
            [
                0.0011602637823671103,
                0.0005608612555079162,
                0.9999991655349731,
                0.010040492750704288
            ],
            [
                0.0,
                0.0,
                0.0,
                1.0
            ]
        ]
    },
    {
        "class": "Car",
        "extent": [
            1.4738311767578125,
            4.1928300857543945,
            1.8161858320236206
        ],
        "position": [
            -34.827203159841304,
            -6.694564276977723,
            -2.521182449226893
        ],
        "yaw": -0.4153982689339055,
        "num_points": 2,
        "distance": 35.55429132661395,
        "speed": 10.80764507510731,
        "brake": 0.0,
        "id": 2444,
        "ego_matrix": [
            [
                -0.007788622751832008,
                -0.9999696612358093,
                2.686879270186182e-06,
                384.3095703125
            ],
            [
                0.9999696016311646,
                -0.007788623217493296,
                -0.0004016073071397841,
                -44.22431945800781
            ],
            [
                0.0004016160673927516,
                -4.411703855566884e-07,
                0.9999999403953552,
                -0.0050695608370006084
            ],
            [
                0.0,
                0.0,
                0.0,
                1.0
            ]
        ]
    },
    {
        "class": "Car",
        "extent": [
            1.6672759056091309,
            4.611005783081055,
            2.241713285446167
        ],
        "position": [
            -5.308829834339709,
            7.1020833328258455,
            -2.4563304174149794
        ],
        "yaw": -0.08027033841607834,
        "num_points": 166,
        "distance": 9.200914139143789,
        "speed": 8.95370448656808,
        "brake": 0.0,
        "id": 2477,
        "ego_matrix": [
            [
                -0.3362351655960083,
                -0.9417678713798523,
                0.004386785440146923,
                384.76690673828125
            ],
            [
                0.9417775273323059,
                -0.33623650670051575,
                0.00044583831913769245,
                -11.644099235534668
            ],
            [
                0.0010551210725679994,
                0.0042812819592654705,
                0.9999902844429016,
                0.0740455612540245
            ],
            [
                0.0,
                0.0,
                0.0,
                1.0
            ]
        ]
    },
    {
        "class": "Car",
        "extent": [
            1.8548461198806763,
            4.6045098304748535,
            1.9315931797027588
        ],
        "position": [
            -11.18925733249839,
            9.97232051266388,
            -2.516052496970961
        ],
        "yaw": -0.20710072217001207,
        "num_points": 47,
        "distance": 15.197933288038856,
        "speed": 7.054895584772925,
        "brake": 0.0,
        "id": 2544,
        "ego_matrix": [
            [
                -0.21440748870372772,
                -0.9767097234725952,
                0.00821971707046032,
                389.798828125
            ],
            [
                0.9767395257949829,
                -0.214425191283226,
                -0.001325351418927312,
                -15.827040672302246
            ],
            [
                0.0030569981317967176,
                0.007744358386844397,
                0.9999653697013855,
                0.010578308254480362
            ],
            [
                0.0,
                0.0,
                0.0,
                1.0
            ]
        ]
    },
    {
        "class": "Car",
        "extent": [
            1.1256572008132935,
            1.8354405164718628,
            0.3289288878440857
        ],
        "position": [
            -48.19392210279963,
            6.456696515244147,
            -2.5200007909767166
        ],
        "yaw": -3.560768350213867,
        "num_points": 0,
        "distance": 48.68976752385668,
        "speed": 4.081892670608737,
        "brake": 0.0,
        "id": 2559,
        "ego_matrix": [
            [
                0.004011189565062523,
                0.9999918937683105,
                0.00025677820667624474,
                401.78997802734375
            ],
            [
                -0.9999846816062927,
                0.004010179545730352,
                0.0038189669139683247,
                -51.01108169555664
            ],
            [
                0.0038179063703864813,
                -0.00027209287509322166,
                0.9999926686286926,
                -0.013467006385326385
            ],
            [
                0.0,
                0.0,
                0.0,
                1.0
            ]
        ]
    },
    {
        "class": "Car",
        "extent": [
            1.1454535722732544,
            2.0333523750305176,
            0.8025798797607422
        ],
        "position": [
            -35.1833401729442,
            0.8103974506607026,
            -2.514957443912589
        ],
        "yaw": -0.41556564860841716,
        "num_points": 1,
        "distance": 35.28242027834595,
        "speed": 8.72966860310196,
        "brake": 0.0,
        "id": 2575,
        "ego_matrix": [
            [
                -0.007620067801326513,
                -0.9999709725379944,
                0.00012152038107160479,
                391.2987365722656
            ],
            [
                0.9998148083686829,
                -0.007621025200933218,
                -0.017672160640358925,
                -41.46699142456055
            ],
            [
                0.017672572284936905,
                -1.3165175005269703e-05,
                0.9998438358306885,
                -0.00025062495842576027
            ],
            [
                0.0,
                0.0,
                0.0,
                1.0
            ]
        ]
    },
    {
        "class": "Car",
        "extent": [
            1.8779358863830566,
            3.866220712661743,
            1.9051965475082397
        ],
        "position": [
            -12.904662645616932,
            -1.1946226446753065,
            -2.5174285574170416
        ],
        "yaw": -0.32337047377929085,
        "num_points": 39,
        "distance": 13.202078919702414,
        "speed": 2.3789764519001078,
        "brake": 0.0,
        "id": 2600,
        "ego_matrix": [
            [
                -0.0996508076786995,
                -0.9950224161148071,
                0.00033479800913482904,
                380.3214416503906
            ],
            [
                0.9950224161148071,
                -0.09965069591999054,
                0.00033436165540479124,
                -21.977031707763672
            ],
            [
                -0.00029933449695818126,
                0.0003664509276859462,
                0.9999998807907104,
                0.010040664114058018
            ],
            [
                0.0,
                0.0,
                0.0,
                1.0
            ]
        ]
    },
    {
        "class": "Car",
        "extent": [
            1.3787471055984497,
            2.2072951793670654,
            1.4809197187423706
        ],
        "position": [
            -3.9957051398534995,
            3.37770249266817,
            -2.528721079837019
        ],
        "yaw": -0.029918351160113543,
        "num_points": 228,
        "distance": 5.811106950765968,
        "speed": 9.331388520177981,
        "brake": 0.0,
        "id": 2646,
        "ego_matrix": [
            [
                -0.38319769501686096,
                -0.9235734939575195,
                0.0130938570946455,
                380.831787109375
            ],
            [
                0.9236328601837158,
                -0.38326597213745117,
                -0.0030787582509219646,
                -11.976265907287598
            ],
            [
                0.007861889898777008,
                0.010914143174886703,
                0.999909520149231,
                0.0029872129671275616
            ],
            [
                0.0,
                0.0,
                0.0,
                1.0
            ]
        ]
    }
]