[
    {
        "class": "Car",
        "extent": [
            1.5107464790344238,
            4.901683330535889,
            2.128324270248413
        ],
        "position": [
            -1.3,
            0.0,
            -2.5
        ],
        "yaw": 0,
        "num_points": -1,
        "distance": -1,
        "speed": 2.736590898365673,
        "brake": 0.0,
        "id": 2402,
        "ego_matrix": [
            [
                -0.44471871852874756,
                -0.8956702947616577,
                0.00013045466039329767,
                375.9581604003906
            ],
            [
                0.8956702947616577,
                -0.44471871852874756,
                -1.3619563105748966e-05,
                -9.572164535522461
            ],
            [
                7.021426426945254e-05,
                0.00011078748502768576,
                1.0,
                0.034551430493593216
            ],
            [
                0.0,
                0.0,
                0.0,
                1.0
            ]
        ]
    },
    {
        "class": "Car",
        "extent": [
            1.8779358863830566,
            3.866220712661743,
            1.9051965475082397
        ],
        "position": [
            -19.973339508824143,
            3.59354331684573,
            -2.5227131447173234
        ],
        "yaw": -0.397722469304886,
        "num_points": 19,
        "distance": 20.450230470958797,
        "speed": 8.700790588399034,
        "brake": 0.0,
        "id": 2432,
        "ego_matrix": [
            [
                -0.06309585273265839,
                -0.9980053901672363,
                0.0020325055811554193,
                387.4811706542969
            ],
            [
                0.9980071187019348,
                -0.06309745460748672,
                -0.0007374922279268503,
                -24.699203491210938
            ],
            [
                0.0008642671746201813,
                0.001981922425329685,
                0.9999976754188538,
                0.010129031725227833
            ],
            [
                0.0,
                0.0,
                0.0,
                1.0
            ]
        ]
    },
    {
        "class": "Car",
        "extent": [
            1.4738311767578125,
            4.1928300857543945,
            1.8161858320236206
        ],
        "position": [
            -31.209322415079885,
            -5.573508653878837,
            -2.5381252835665604
        ],
        "yaw": -0.45305576622178934,
        "num_points": 5,
        "distance": 31.804526160255083,
        "speed": 10.835570193001985,
        "brake": 0.0,
        "id": 2444,
        "ego_matrix": [
            [
                -0.007804477587342262,
                -0.9999695420265198,
                -1.0173083637710079e-06,
                384.2673645019531
            ],
            [
                0.9999695420265198,
                -0.007804477121680975,
                -0.0002262740454170853,
                -38.839698791503906
            ],
            [
                0.00022625921701546758,
                -2.7832281830342254e-06,
                1.0,
                -0.005056438501924276
            ],
            [
                0.0,
                0.0,
                0.0,
                1.0
            ]
        ]
    },
    {
        "class": "Car",
        "extent": [
            1.6672759056091309,
            4.611005783081055,
            2.241713285446167
        ],
        "position": [
            -2.528720441725681,
            7.173802168339322,
            -2.4578546587624763
        ],
        "yaw": -0.015606922936191037,
        "num_points": 269,
        "distance": 7.993679637468072,
        "speed": 9.215284675976685,
        "brake": 0.0,
        "id": 2477,
        "ego_matrix": [
            [
                -0.43068623542785645,
                -0.9024913311004639,
                0.0043368861079216,
                382.9299621582031
            ],
            [
                0.9025009870529175,
                -0.4306870996952057,
                0.0007784788031131029,
                -7.482369422912598
            ],
            [
                0.0011652704561129212,
                0.004249324090778828,
                0.9999903440475464,
                0.07581572979688644
            ],
            [
                0.0,
                0.0,
                0.0,
                1.0
            ]
        ]
    },
    {
        "class": "Car",
        "extent": [
            1.8548461198806763,
            4.6045098304748535,
            1.9315931797027588
        ],
        "position": [
            -9.471042736050544,
            10.275849465352183,
            -2.522247230981627
        ],
        "yaw": -0.1645231679262611,
        "num_points": 70,
        "distance": 14.200544490859109,
        "speed": 7.511487393090926,
        "brake": 0.0,
        "id": 2544,
        "ego_matrix": [
            [
                -0.2920176088809967,
                -0.9563686847686768,
                0.00920342281460762,
                388.7957458496094
            ],
            [
                0.9564083218574524,
                -0.2920325696468353,
                -0.0002976472023874521,
                -12.32086181640625
            ],
            [
                0.0029723597690463066,
                0.008715311996638775,
                0.9999576210975647,
                0.010592040605843067
            ],
            [
                0.0,
                0.0,
                0.0,
                1.0
            ]
        ]
    },
    {
        "class": "Car",
        "extent": [
            1.1454535722732544,
            2.0333523750305176,
            0.8025798797607422
        ],
        "position": [
            -32.561159622349976,
            1.5663922519903184,
            -2.529942046711798
        ],
        "yaw": -0.45318026900275066,
        "num_points": 1,
        "distance": 32.69683940993334,
        "speed": 9.749792888920465,
        "brake": 0.0,
        "id": 2575,
        "ego_matrix": [
            [
                -0.007679840084165335,
                -0.9999704957008362,
                -4.534827166935429e-05,
                391.2635498046875
            ],
            [
                0.9999616742134094,
                -0.007679962553083897,
                0.004205466713756323,
                -36.87525177001953
            ],
            [
                -0.004205690696835518,
                -1.3049225344730075e-05,
                0.9999911785125732,
                0.0022408682852983475
            ],
            [
                0.0,
                0.0,
                0.0,
                1.0
            ]
        ]
    },
    {
        "class": "Car",
        "extent": [
            1.8779358863830566,
            3.866220712661743,
            1.9051965475082397
        ],
        "position": [
            -13.087820455853794,
            -1.1995986320485514,
            -2.5247560879409234
        ],
        "yaw": -0.32199122265073865,
        "num_points": 42,
        "distance": 13.382991984839284,
        "speed": 3.1515836736673757,
        "brake": 0.0,
        "id": 2600,
        "ego_matrix": [
            [
                -0.13842260837554932,
                -0.9903727769851685,
                0.0009967918740585446,
                380.1259765625
            ],
            [
                0.9903692007064819,
                -0.1384248584508896,
                -0.0027413233183324337,
                -20.66364860534668
            ],
            [
                0.002852912526577711,
                0.0006077307625673711,
                0.999995768070221,
                0.00910057034343481
            ],
            [
                0.0,
                0.0,
                0.0,
                1.0
            ]
        ]
    },
    {
        "class": "Car",
        "extent": [
            1.3787471055984497,
            2.2072951793670654,
            1.4809197187423706
        ],
        "position": [
            -0.8863185660684133,
            3.3174705870761754,
            -2.5295947179613893
        ],
        "yaw": 0.043336421996369,
        "num_points": 4,
        "distance": 4.264976100028143,
        "speed": 9.588292029781643,
        "brake": 0.0,
        "id": 2646,
        "ego_matrix": [
            [
                -0.4830894470214844,
                -0.8754653334617615,
                0.013603916391730309,
                378.74554443359375
            ],
            [
                0.8755357265472412,
                -0.4831511676311493,
                -0.0014708898961544037,
                -7.7263007164001465
            ],
            [
                0.007860460318624973,
                0.011200143955647945,
                0.9999064207077026,
                0.0046182251535356045
            ],
            [
                0.0,
                0.0,
                0.0,
                1.0
            ]
        ]
    }
]