[
    {
        "class": "Car",
        "extent": [
            1.5107464790344238,
            4.901683330535889,
            2.128324270248413
        ],
        "position": [
            -1.3,
            0.0,
            -2.5
        ],
        "yaw": 0,
        "num_points": -1,
        "distance": -1,
        "speed": 3.058908654423848,
        "brake": 0.0,
        "id": 2402,
        "ego_matrix": [
            [
                -0.47868454456329346,
                -0.8779868483543396,
                0.0004824608040507883,
                375.22320556640625
            ],
            [
                0.87798672914505,
                -0.47868475317955017,
                -0.00046987610403448343,
                -8.271681785583496
            ],
            [
                0.0006434916285797954,
                0.00019867178343702108,
                0.9999998211860657,
                0.03499313443899155
            ],
            [
                0.0,
                0.0,
                0.0,
                1.0
            ]
        ]
    },
    {
        "class": "Car",
        "extent": [
            1.8779358863830566,
            3.866220712661743,
            1.9051965475082397
        ],
        "position": [
            -17.52759411106744,
            4.5436322170024335,
            -2.513477208869608
        ],
        "yaw": -0.35092300578503277,
        "num_points": 32,
        "distance": 18.28055570066773,
        "speed": 8.826185464836616,
        "brake": 0.0,
        "id": 2432,
        "ego_matrix": [
            [
                -0.14769069850444794,
                -0.9890296459197998,
                0.0027951328083872795,
                386.9803466796875
            ],
            [
                0.9890333414077759,
                -0.14769212901592255,
                -0.00031458993908017874,
                -20.34432029724121
            ],
            [
                0.0007239578990265727,
                0.0027180176693946123,
                0.9999960660934448,
                0.01017091702669859
            ],
            [
                0.0,
                0.0,
                0.0,
                1.0
            ]
        ]
    },
    {
        "class": "Car",
        "extent": [
            1.4738311767578125,
            4.1928300857543945,
            1.8161858320236206
        ],
        "position": [
            -27.531566342682634,
            -4.052947257712989,
            -2.5240162289777692
        ],
        "yaw": -0.4899468057479488,
        "num_points": 6,
        "distance": 27.942515718515427,
        "speed": 11.554788085698283,
        "brake": 0.0,
        "id": 2444,
        "ego_matrix": [
            [
                -0.00920906662940979,
                -0.9999576210975647,
                0.00019798784342128783,
                384.2214050292969
            ],
            [
                0.9999573230743408,
                -0.009209221228957176,
                -0.0007923825178295374,
                -33.24272155761719
            ],
            [
                0.0007941721705719829,
                0.00019068227265961468,
                0.9999997019767761,
                -0.005097675137221813
            ],
            [
                0.0,
                0.0,
                0.0,
                1.0
            ]
        ]
    },
    {
        "class": "Car",
        "extent": [
            1.6672759056091309,
            4.611005783081055,
            2.241713285446167
        ],
        "position": [
            0.35168308304235807,
            7.060644710694861,
            -2.45642449659246
        ],
        "yaw": 0.04891348079315794,
        "num_points": 641,
        "distance": 7.484010023311101,
        "speed": 9.367610740628264,
        "brake": 0.0,
        "id": 2477,
        "ego_matrix": [
            [
                -0.5210402011871338,
                -0.8535222411155701,
                0.0041001178324222565,
                380.6317443847656
            ],
            [
                0.8535317182540894,
                -0.521038830280304,
                0.0014747148379683495,
                -3.441723585128784
            ],
            [
                0.0008776186150498688,
                0.004267966374754906,
                0.9999905228614807,
                0.07822871953248978
            ],
            [
                0.0,
                0.0,
                0.0,
                1.0
            ]
        ]
    },
    {
        "class": "Car",
        "extent": [
            1.8548461198806763,
            4.6045098304748535,
            1.9315931797027588
        ],
        "position": [
            -7.522115943413724,
            10.517532403137523,
            -2.51757342982873
        ],
        "yaw": -0.1193640784798422,
        "num_points": 97,
        "distance": 13.173416113210207,
        "speed": 7.942798818349516,
        "brake": 0.0,
        "id": 2544,
        "ego_matrix": [
            [
                -0.37072503566741943,
                -0.9286897778511047,
                0.009913504123687744,
                387.4358825683594
            ],
            [
                0.9287363886833191,
                -0.37074077129364014,
                0.0002682844642549753,
                -8.700026512145996
            ],
            [
                0.0034261872060596943,
                0.009306492283940315,
                0.9999508261680603,
                0.011326293461024761
            ],
            [
                0.0,
                0.0,
                0.0,
                1.0
            ]
        ]
    },
    {
        "class": "Car",
        "extent": [
            1.1454535722732544,
            2.0333523750305176,
            0.8025798797607422
        ],
        "position": [
            -29.547421045875296,
            2.8212265376839865,
            -2.5151120337827324
        ],
        "yaw": -0.48931190814407377,
        "num_points": 2,
        "distance": 29.788172118840144,
        "speed": 9.597953798464472,
        "brake": 0.18744516372680664,
        "id": 2575,
        "ego_matrix": [
            [
                -0.009843784384429455,
                -0.9999503493309021,
                -0.0015761272516101599,
                391.2218017578125
            ],
            [
                0.9999347925186157,
                -0.009834486059844494,
                -0.005802175495773554,
                -31.722057342529297
            ],
            [
                0.00578638631850481,
                -0.0016331399092450738,
                0.9999819397926331,
                0.0011436279164627194
            ],
            [
                0.0,
                0.0,
                0.0,
                1.0
            ]
        ]
    },
    {
        "class": "Car",
        "extent": [
            1.8779358863830566,
            3.866220712661743,
            1.9051965475082397
        ],
        "position": [
            -13.071539045117373,
            -1.163773349273857,
            -2.5175868245374105
        ],
        "yaw": -0.31436539402735164,
        "num_points": 51,
        "distance": 13.36255008729967,
        "speed": 3.0314378389385817,
        "brake": 0.0,
        "id": 2600,
        "ego_matrix": [
            [
                -0.1837407350540161,
                -0.982974648475647,
                0.00042125655454583466,
                379.8362731933594
            ],
            [
                0.982974648475647,
                -0.1837405562400818,
                0.0004596642102114856,
                -19.16400909423828
            ],
            [
                -0.00037443634937517345,
                0.0004985435516573489,
                0.9999998211860657,
                0.01006263680756092
            ],
            [
                0.0,
                0.0,
                0.0,
                1.0
            ]
        ]
    },
    {
        "class": "Car",
        "extent": [
            1.3787471055984497,
            2.2072951793670654,
            1.4809197187423706
        ],
        "position": [
            2.317184477042127,
            3.017599315604549,
            -2.529851370919708
        ],
        "yaw": 0.11947659703589775,
        "num_points": 66,
        "distance": 4.568960219691824,
        "speed": 9.750198714591324,
        "brake": 0.0,
        "id": 2646,
        "ego_matrix": [
            [
                -0.5799060463905334,
                -0.8145659565925598,
                0.013830253854393959,
                376.14111328125
            ],
            [
                0.8146504163742065,
                -0.5799516439437866,
                0.0008576754480600357,
                -3.6513490676879883
            ],
            [
                0.00732224527746439,
                0.011764193885028362,
                0.9999039769172668,
                0.006869887933135033
            ],
            [
                0.0,
                0.0,
                0.0,
                1.0
            ]
        ]
    }
]