[
    {
        "class": "Car",
        "extent": [
            1.5107464790344238,
            4.901683330535889,
            2.128324270248413
        ],
        "position": [
            -1.3,
            0.0,
            -2.5
        ],
        "yaw": 0,
        "num_points": -1,
        "distance": -1,
        "speed": 3.0442207642254626,
        "brake": 0.0,
        "id": 2402,
        "ego_matrix": [
            [
                -0.5105413198471069,
                -0.8598530292510986,
                0.0005312380963005126,
                374.47076416015625
            ],
            [
                0.8598528504371643,
                -0.5105416178703308,
                -0.0005754699814133346,
                -7.049559593200684
            ],
            [
                0.0007660387782379985,
                0.0001629853795748204,
                0.9999997019767761,
                0.035607412457466125
            ],
            [
                0.0,
                0.0,
                0.0,
                1.0
            ]
        ]
    },
    {
        "class": "Car",
        "extent": [
            1.8779358863830566,
            3.866220712661743,
            1.9051965475082397
        ],
        "position": [
            -14.918148718832564,
            5.395915898577149,
            -2.514104414529072
        ],
        "yaw": -0.28988774781621474,
        "num_points": 55,
        "distance": 16.061998337345134,
        "speed": 8.915704540556423,
        "brake": 0.0,
        "id": 2432,
        "ego_matrix": [
            [
                -0.24345526099205017,
                -0.9699074625968933,
                0.0030083528254181147,
                386.0630798339844
            ],
            [
                0.9699118733406067,
                -0.2434561401605606,
                8.060713298618793e-05,
                -16.004316329956055
            ],
            [
                0.0006542204646393657,
                0.002937461482360959,
                0.9999954700469971,
                0.010191516950726509
            ],
            [
                0.0,
                0.0,
                0.0,
                1.0
            ]
        ]
    },
    {
        "class": "Car",
        "extent": [
            1.4738311767578125,
            4.1928300857543945,
            1.8161858320236206
        ],
        "position": [
            -23.70728683032005,
            -2.1546074217315945,
            -2.5238166079139557
        ],
        "yaw": -0.48657950486565205,
        "num_points": 0,
        "distance": 23.93840914236428,
        "speed": 11.460176634470777,
        "brake": 0.0,
        "id": 2444,
        "ego_matrix": [
            [
                -0.04921514168381691,
                -0.9987833499908447,
                0.0031195059418678284,
                384.0579528808594
            ],
            [
                0.9987881779670715,
                -0.04921415075659752,
                0.0003930166130885482,
                -27.416532516479492
            ],
            [
                -0.00023901461099740118,
                0.0031350681092590094,
                0.9999951124191284,
                -0.005022868979722261
            ],
            [
                0.0,
                0.0,
                0.0,
                1.0
            ]
        ]
    },
    {
        "class": "Car",
        "extent": [
            1.6672759056091309,
            4.611005783081055,
            2.241713285446167
        ],
        "position": [
            3.3470148116497986,
            6.7452578980078535,
            -2.457633089455108
        ],
        "yaw": 0.11543485060753911,
        "num_points": 509,
        "distance": 7.9209199378875885,
        "speed": 9.456248708607456,
        "brake": 0.0,
        "id": 2477,
        "ego_matrix": [
            [
                -0.6061803698539734,
                -0.7953177094459534,
                0.003890666412189603,
                377.8982238769531
            ],
            [
                0.7953269481658936,
                -0.6061772108078003,
                0.0020687624346464872,
                0.38989970088005066
            ],
            [
                0.0007131099118851125,
                0.004348394926637411,
                0.9999902844429016,
                0.08043472468852997
            ],
            [
                0.0,
                0.0,
                0.0,
                1.0
            ]
        ]
    },
    {
        "class": "Car",
        "extent": [
            1.8548461198806763,
            4.6045098304748535,
            1.9315931797027588
        ],
        "position": [
            -5.287700752246908,
            10.683772083510192,
            -2.5172409820537243
        ],
        "yaw": -0.07001996453841786,
        "num_points": 124,
        "distance": 12.18356546087536,
        "speed": 8.309315845271788,
        "brake": 0.0,
        "id": 2544,
        "ego_matrix": [
            [
                -0.4491308331489563,
                -0.8934069275856018,
                0.010281870141625404,
                385.693115234375
            ],
            [
                0.8934611678123474,
                -0.44913676381111145,
                0.0018563547637313604,
                -5.023875713348389
            ],
            [
                0.002959485398605466,
                0.010020197369158268,
                0.9999454617500305,
                0.013570403680205345
            ],
            [
                0.0,
                0.0,
                0.0,
                1.0
            ]
        ]
    },
    {
        "class": "Car",
        "extent": [
            1.1454535722732544,
            2.0333523750305176,
            0.8025798797607422
        ],
        "position": [
            -27.125967722899997,
            4.061440046997675,
            -2.513323255278897
        ],
        "yaw": -0.5101095983609383,
        "num_points": 4,
        "distance": 27.543242618557,
        "speed": 8.99707255703468,
        "brake": 0.0,
        "id": 2575,
        "ego_matrix": [
            [
                -0.025702068582177162,
                -0.9996359348297119,
                -0.008211114443838596,
                391.1482238769531
            ],
            [
                0.9996694326400757,
                -0.025707103312015533,
                0.000508171389810741,
                -27.18255043029785
            ],
            [
                -0.0007190703181549907,
                -0.008195338770747185,
                0.9999662041664124,
                0.0018385133007541299
            ],
            [
                0.0,
                0.0,
                0.0,
                1.0
            ]
        ]
    },
    {
        "class": "Car",
        "extent": [
            1.8779358863830566,
            3.866220712661743,
            1.9051965475082397
        ],
        "position": [
            -12.97043446590607,
            -1.1118569077148632,
            -2.516746318624987
        ],
        "yaw": -0.3054615143968349,
        "num_points": 46,
        "distance": 13.259050043268928,
        "speed": 2.946509987651846,
        "brake": 0.0,
        "id": 2600,
        "ego_matrix": [
            [
                -0.22832122445106506,
                -0.9735857844352722,
                0.0003396777028683573,
                379.47296142578125
            ],
            [
                0.9735857248306274,
                -0.22832098603248596,
                0.0006021262379363179,
                -17.652055740356445
            ],
            [
                -0.0005086659803055227,
                0.0004681835707742721,
                0.9999997615814209,
                0.010102310217916965
            ],
            [
                0.0,
                0.0,
                0.0,
                1.0
            ]
        ]
    },
    {
        "class": "Car",
        "extent": [
            1.3787471055984497,
            2.2072951793670654,
            1.4809197187423706
        ],
        "position": [
            5.6160990035209775,
            2.4482784745481703,
            -2.5315289569860444
        ],
        "yaw": 0.19971005067087866,
        "num_points": 215,
        "distance": 6.628972346174336,
        "speed": 9.853010245383233,
        "brake": 0.0,
        "id": 2646,
        "ego_matrix": [
            [
                -0.6709595322608948,
                -0.7413669228553772,
                0.013723507523536682,
                373.0449523925781
            ],
            [
                0.7414604425430298,
                -0.6709902882575989,
                0.002911647781729698,
                0.14723411202430725
            ],
            [
                0.007049740292131901,
                0.012129034847021103,
                0.9999015927314758,
                0.008977431803941727
            ],
            [
                0.0,
                0.0,
                0.0,
                1.0
            ]
        ]
    }
]