[
    {
        "class": "Car",
        "extent": [
            1.5107464790344238,
            4.901683330535889,
            2.128324270248413
        ],
        "position": [
            -1.3,
            0.0,
            -2.5
        ],
        "yaw": 0,
        "num_points": -1,
        "distance": -1,
        "speed": 2.75720765576732,
        "brake": 0.0,
        "id": 2402,
        "ego_matrix": [
            [
                -0.5439746379852295,
                -0.8391016721725464,
                0.00010075645695906132,
                373.63885498046875
            ],
            [
                0.8391016721725464,
                -0.5439746379852295,
                -2.6173016522079706e-05,
                -5.808685302734375
            ],
            [
                7.677077519474551e-05,
                7.030744745861739e-05,
                1.0,
                0.03663745895028114
            ],
            [
                0.0,
                0.0,
                0.0,
                1.0
            ]
        ]
    },
    {
        "class": "Car",
        "extent": [
            1.8779358863830566,
            3.866220712661743,
            1.9051965475082397
        ],
        "position": [
            -12.2995078641228,
            6.060889412794153,
            -2.525157066019031
        ],
        "yaw": -0.22849842258047182,
        "num_points": 53,
        "distance": 13.942334538440996,
        "speed": 8.977711491316574,
        "brake": 0.0,
        "id": 2432,
        "ego_matrix": [
            [
                -0.33976614475250244,
                -0.9405051469802856,
                0.0030040794517844915,
                384.7080078125
            ],
            [
                0.9405097365379333,
                -0.33976638317108154,
                0.00044592382619157434,
                -11.741419792175293
            ],
            [
                0.0006012915982864797,
                0.0029768759850412607,
                0.9999954104423523,
                0.01020982675254345
            ],
            [
                0.0,
                0.0,
                0.0,
                1.0
            ]
        ]
    },
    {
        "class": "Car",
        "extent": [
            1.4738311767578125,
            4.1928300857543945,
            1.8161858320236206
        ],
        "position": [
            -20.143609408111686,
            -0.47336363388287045,
            -2.5402298046923346
        ],
        "yaw": -0.4355196493919451,
        "num_points": 4,
        "distance": 20.3086641751026,
        "speed": 10.873565095186823,
        "brake": 0.0,
        "id": 2444,
        "ego_matrix": [
            [
                -0.139193594455719,
                -0.990250825881958,
                0.005330690182745457,
                383.4920959472656
            ],
            [
                0.9902650713920593,
                -0.1391889750957489,
                0.0012290040031075478,
                -21.877885818481445
            ],
            [
                -0.00047504896065220237,
                0.005449865944683552,
                0.9999850392341614,
                -0.005005702842026949
            ],
            [
                0.0,
                0.0,
                0.0,
                1.0
            ]
        ]
    },
    {
        "class": "Car",
        "extent": [
            1.6672759056091309,
            4.611005783081055,
            2.241713285446167
        ],
        "position": [
            6.273029364987656,
            6.245882248545023,
            -2.4542899773556974
        ],
        "yaw": 0.18035978850647183,
        "num_points": 278,
        "distance": 9.186157072989547,
        "speed": 9.508011378442207,
        "brake": 0.0,
        "id": 2477,
        "ego_matrix": [
            [
                -0.685671865940094,
                -0.727901816368103,
                0.003609768580645323,
                374.76025390625
            ],
            [
                0.7279105186462402,
                -0.6856672763824463,
                0.0025749155320227146,
                3.9434564113616943
            ],
            [
                0.0006008147611282766,
                0.004393135663121939,
                0.9999901652336121,
                0.0824897363781929
            ],
            [
                0.0,
                0.0,
                0.0,
                1.0
            ]
        ]
    },
    {
        "class": "Car",
        "extent": [
            1.8548461198806763,
            4.6045098304748535,
            1.9315931797027588
        ],
        "position": [
            -2.972257299960026,
            10.73918219473699,
            -2.520091269010004
        ],
        "yaw": -0.021662951255031704,
        "num_points": 182,
        "distance": 11.424325261172413,
        "speed": 8.5998543640593,
        "brake": 0.0,
        "id": 2544,
        "ego_matrix": [
            [
                -0.525669276714325,
                -0.850628137588501,
                0.010176990181207657,
                383.5597839355469
            ],
            [
                0.850685179233551,
                -0.5256651639938354,
                0.0032915964256972075,
                -1.370036005973816
            ],
            [
                0.0025497644674032927,
                0.010387704707682133,
                0.9999427795410156,
                0.015662765130400658
            ],
            [
                0.0,
                0.0,
                0.0,
                1.0
            ]
        ]
    },
    {
        "class": "Car",
        "extent": [
            1.1454535722732544,
            2.0333523750305176,
            0.8025798797607422
        ],
        "position": [
            -24.827007316504343,
            5.3208766811216925,
            -2.5326636183220517
        ],
        "yaw": -0.49295764251833796,
        "num_points": 4,
        "distance": 25.516786748198466,
        "speed": 9.003321807610245,
        "brake": 0.0,
        "id": 2575,
        "ego_matrix": [
            [
                -0.08211658895015717,
                -0.9963712096214294,
                -0.0223903339356184,
                390.9017028808594
            ],
            [
                0.9966227412223816,
                -0.0821005254983902,
                -0.001637012930586934,
                -22.655813217163086
            ],
            [
                -0.0002071857452392578,
                -0.02244914136826992,
                0.9997479915618896,
                0.0017935570795089006
            ],
            [
                0.0,
                0.0,
                0.0,
                1.0
            ]
        ]
    },
    {
        "class": "Car",
        "extent": [
            1.8779358863830566,
            3.866220712661743,
            1.9051965475082397
        ],
        "position": [
            -13.066449159105211,
            -1.1355020635622126,
            -2.5255474791077255
        ],
        "yaw": -0.30462275181151477,
        "num_points": 39,
        "distance": 13.356640619297306,
        "speed": 2.395422261572614,
        "brake": 0.0,
        "id": 2600,
        "ego_matrix": [
            [
                -0.2672555148601532,
                -0.9636257290840149,
                4.3390231439843774e-05,
                379.0867004394531
            ],
            [
                0.9636251330375671,
                -0.2672552764415741,
                0.001109086093492806,
                -16.29961585998535
            ],
            [
                -0.0010571476304903626,
                0.00033822128898464143,
                0.9999994039535522,
                0.010266494937241077
            ],
            [
                0.0,
                0.0,
                0.0,
                1.0
            ]
        ]
    },
    {
        "class": "Car",
        "extent": [
            1.3787471055984497,
            2.2072951793670654,
            1.4809197187423706
        ],
        "position": [
            8.836751621555397,
            1.6360488875605417,
            -2.526103053485549
        ],
        "yaw": 0.27808874576467346,
        "num_points": 87,
        "distance": 9.335203898168428,
        "speed": 9.917859983009395,
        "brake": 0.0,
        "id": 2646,
        "ego_matrix": [
            [
                -0.7534060478210449,
                -0.6574185490608215,
                0.013421084731817245,
                369.4975280761719
            ],
            [
                0.6575173735618591,
                -0.7534253001213074,
                0.0046065449714660645,
                3.5870494842529297
            ],
            [
                0.0070833563804626465,
                0.012295195832848549,
                0.9998993277549744,
                0.011197585612535477
            ],
            [
                0.0,
                0.0,
                0.0,
                1.0
            ]
        ]
    }
]