[
    {
        "class": "Car",
        "extent": [
            1.5107464790344238,
            4.901683330535889,
            2.128324270248413
        ],
        "position": [
            -1.3,
            0.0,
            -2.5
        ],
        "yaw": 0,
        "num_points": -1,
        "distance": -1,
        "speed": 3.006879496144745,
        "brake": 0.0,
        "id": 2402,
        "ego_matrix": [
            [
                -0.5764930844306946,
                -0.8171019554138184,
                0.0002794502070173621,
                372.7516174316406
            ],
            [
                0.8171018362045288,
                -0.5764931440353394,
                -0.00034526779199950397,
                -4.591066360473633
            ],
            [
                0.0004432201385498047,
                2.929477886937093e-05,
                0.9999998807907104,
                0.03707507997751236
            ],
            [
                0.0,
                0.0,
                0.0,
                1.0
            ]
        ]
    },
    {
        "class": "Car",
        "extent": [
            1.8779358863830566,
            3.866220712661743,
            1.9051965475082397
        ],
        "position": [
            -9.6325325665315,
            6.568537732042986,
            -2.5215083168984846
        ],
        "yaw": -0.1675870016023424,
        "num_points": 92,
        "distance": 11.928511046008659,
        "speed": 9.01605729750112,
        "brake": 0.0,
        "id": 2432,
        "ego_matrix": [
            [
                -0.4321206510066986,
                -0.901810884475708,
                0.002978235250338912,
                382.92242431640625
            ],
            [
                0.9018150568008423,
                -0.43212220072746277,
                0.00015093525871634483,
                -7.612870216369629
            ],
            [
                0.0011508462484925985,
                0.0027510395739227533,
                0.9999955892562866,
                0.01168119441717863
            ],
            [
                0.0,
                0.0,
                0.0,
                1.0
            ]
        ]
    },
    {
        "class": "Car",
        "extent": [
            1.4738311767578125,
            4.1928300857543945,
            1.8161858320236206
        ],
        "position": [
            -16.722127684211955,
            0.9114618950576046,
            -2.535230016096853
        ],
        "yaw": -0.36327061902113034,
        "num_points": 16,
        "distance": 16.937759837350047,
        "speed": 10.485360222612881,
        "brake": 0.0,
        "id": 2444,
        "ego_matrix": [
            [
                -0.24852755665779114,
                -0.9686073660850525,
                0.005819289013743401,
                382.3871154785156
            ],
            [
                0.9686247706413269,
                -0.24852105975151062,
                0.0018263692036271095,
                -16.66705322265625
            ],
            [
                -0.0003228187561035156,
                0.006090610288083553,
                0.9999814033508301,
                -0.005017032381147146
            ],
            [
                0.0,
                0.0,
                0.0,
                1.0
            ]
        ]
    },
    {
        "class": "Car",
        "extent": [
            1.6672759056091309,
            4.611005783081055,
            2.241713285446167
        ],
        "position": [
            9.168641076827123,
            5.554131609773752,
            -2.4569264272238707
        ],
        "yaw": 0.24587927711876478,
        "num_points": 150,
        "distance": 10.997674508875077,
        "speed": 9.537850785248002,
        "brake": 0.0,
        "id": 2477,
        "ego_matrix": [
            [
                -0.758044421672821,
                -0.6521931886672974,
                0.003557400079444051,
                371.25482177734375
            ],
            [
                0.6522024869918823,
                -0.7580386400222778,
                0.00305083766579628,
                7.164784908294678
            ],
            [
                0.0007069110288284719,
                0.004632816184312105,
                0.9999890327453613,
                0.08462585508823395
            ],
            [
                0.0,
                0.0,
                0.0,
                1.0
            ]
        ]
    },
    {
        "class": "Car",
        "extent": [
            1.8548461198806763,
            4.6045098304748535,
            1.9315931797027588
        ],
        "position": [
            -0.5392810077013295,
            10.679354691414805,
            -2.5193712407342503
        ],
        "yaw": 0.028808212459714433,
        "num_points": 203,
        "distance": 10.985748589829898,
        "speed": 8.828854445722913,
        "brake": 0.0,
        "id": 2544,
        "ego_matrix": [
            [
                -0.5997885465621948,
                -0.8000940680503845,
                0.010153182782232761,
                381.0391845703125
            ],
            [
                0.8001554608345032,
                -0.599773108959198,
                0.004843996372073889,
                2.187100648880005
            ],
            [
                0.0022139528300613165,
                0.011029498651623726,
                0.9999366998672485,
                0.017728157341480255
            ],
            [
                0.0,
                0.0,
                0.0,
                1.0
            ]
        ]
    },
    {
        "class": "Car",
        "extent": [
            1.1454535722732544,
            2.0333523750305176,
            0.8025798797607422
        ],
        "position": [
            -22.559344466210636,
            6.5062311060617715,
            -2.525671522419023
        ],
        "yaw": -0.44674300917386534,
        "num_points": 1,
        "distance": 23.61427709225486,
        "speed": 8.902997620374169,
        "brake": 0.0,
        "id": 2575,
        "ego_matrix": [
            [
                -0.1669025719165802,
                -0.9855457544326782,
                -0.029035646468400955,
                390.32373046875
            ],
            [
                0.9859734177589417,
                -0.16683688759803772,
                -0.004687136970460415,
                -18.21131134033203
            ],
            [
                -0.0002248287055408582,
                -0.029410669580101967,
                0.9995673894882202,
                0.0017903908155858517
            ],
            [
                0.0,
                0.0,
                0.0,
                1.0
            ]
        ]
    },
    {
        "class": "Car",
        "extent": [
            1.8779358863830566,
            3.866220712661743,
            1.9051965475082397
        ],
        "position": [
            -13.261274279803443,
            -1.1868087213012997,
            -2.522712836451329
        ],
        "yaw": -0.307407086731192,
        "num_points": 56,
        "distance": 13.551161961999032,
        "speed": 3.11529365105288,
        "brake": 0.0,
        "id": 2600,
        "ego_matrix": [
            [
                -0.30222126841545105,
                -0.9532368779182434,
                0.001344408025033772,
                378.6774597167969
            ],
            [
                0.9532334804534912,
                -0.3022238612174988,
                -0.0025855074636638165,
                -15.048826217651367
            ],
            [
                0.002870913129299879,
                0.0005001393728889525,
                0.999995768070221,
                0.009095534682273865
            ],
            [
                0.0,
                0.0,
                0.0,
                1.0
            ]
        ]
    },
    {
        "class": "Car",
        "extent": [
            1.3787471055984497,
            2.2072951793670654,
            1.4809197187423706
        ],
        "position": [
            11.997378149714919,
            0.5649208419765156,
            -2.5179221385008694
        ],
        "yaw": 0.358188775029042,
        "num_points": 51,
        "distance": 12.271762298892087,
        "speed": 9.943675692352809,
        "brake": 0.0,
        "id": 2646,
        "ego_matrix": [
            [
                -0.826275110244751,
                -0.5629515647888184,
                0.018841085955500603,
                365.54736328125
            ],
            [
                0.5630767941474915,
                -0.8264029026031494,
                0.0016747405752539635,
                6.599926471710205
            ],
            [
                0.014627530239522457,
                0.011992774903774261,
                0.9998210668563843,
                0.02503005973994732
            ],
            [
                0.0,
                0.0,
                0.0,
                1.0
            ]
        ]
    }
]