[
    {
        "class": "Car",
        "extent": [
            1.5107464790344238,
            4.901683330535889,
            2.128324270248413
        ],
        "position": [
            -1.3,
            0.0,
            -2.5
        ],
        "yaw": 0,
        "num_points": -1,
        "distance": -1,
        "speed": 3.116284015235307,
        "brake": 0.0,
        "id": 2402,
        "ego_matrix": [
            [
                -0.6070922017097473,
                -0.7946312427520752,
                0.0004560404922813177,
                371.8594055175781
            ],
            [
                0.7946310043334961,
                -0.6070923805236816,
                -0.0006597117753699422,
                -3.4622926712036133
            ],
            [
                0.0008010863093659282,
                -3.81219397240784e-05,
                0.9999997019767761,
                0.037474095821380615
            ],
            [
                0.0,
                0.0,
                0.0,
                1.0
            ]
        ]
    },
    {
        "class": "Car",
        "extent": [
            1.8779358863830566,
            3.866220712661743,
            1.9051965475082397
        ],
        "position": [
            -6.8493685430757605,
            6.919014357638416,
            -2.5192364269286203
        ],
        "yaw": -0.10533734217644897,
        "num_points": 182,
        "distance": 10.056498460937902,
        "speed": 9.033675146881007,
        "brake": 0.0,
        "id": 2432,
        "ego_matrix": [
            [
                -0.52017742395401,
                -0.8540534973144531,
                0.0028531281277537346,
                380.7264404296875
            ],
            [
                0.8540576696395874,
                -0.5201780200004578,
                0.0005888660089112818,
                -3.671499252319336
            ],
            [
                0.0009812114294618368,
                0.0027430506888777018,
                0.999995768070221,
                0.014055918902158737
            ],
            [
                0.0,
                0.0,
                0.0,
                1.0
            ]
        ]
    },
    {
        "class": "Car",
        "extent": [
            1.4738311767578125,
            4.1928300857543945,
            1.8161858320236206
        ],
        "position": [
            -13.28522678768074,
            1.9999251476481439,
            -2.5329417657171707
        ],
        "yaw": -0.28235286614405375,
        "num_points": 37,
        "distance": 13.671603614237059,
        "speed": 10.231705982960456,
        "brake": 0.0,
        "id": 2444,
        "ego_matrix": [
            [
                -0.3616560399532318,
                -0.9322938323020935,
                0.0057493457570672035,
                380.7247314453125
            ],
            [
                0.9323115944862366,
                -0.3616480231285095,
                0.0024114276748150587,
                -11.771964073181152
            ],
            [
                -0.00016891956329345703,
                0.006232289131730795,
                0.9999805688858032,
                -0.004992618225514889
            ],
            [
                0.0,
                0.0,
                0.0,
                1.0
            ]
        ]
    },
    {
        "class": "Car",
        "extent": [
            1.6672759056091309,
            4.611005783081055,
            2.241713285446167
        ],
        "position": [
            12.099343633556149,
            4.650727554991438,
            -2.4380915195644275
        ],
        "yaw": 0.31291929755543846,
        "num_points": 92,
        "distance": 13.189680565176866,
        "speed": 9.524392234410273,
        "brake": 0.0,
        "id": 2477,
        "ego_matrix": [
            [
                -0.8221190571784973,
                -0.5690085291862488,
                0.0186954066157341,
                367.42041015625
            ],
            [
                0.5690814256668091,
                -0.8222794532775879,
                -0.0016756337136030197,
                10.008621215820312
            ],
            [
                0.0163262989372015,
                0.009261637926101685,
                0.999823808670044,
                0.11029388010501862
            ],
            [
                0.0,
                0.0,
                0.0,
                1.0
            ]
        ]
    },
    {
        "class": "Car",
        "extent": [
            1.8548461198806763,
            4.6045098304748535,
            1.9315931797027588
        ],
        "position": [
            2.07095955643104,
            10.48292754389237,
            -2.5208685053015443
        ],
        "yaw": 0.08234653880190423,
        "num_points": 201,
        "distance": 10.978862481873593,
        "speed": 9.010626240837992,
        "brake": 0.0,
        "id": 2544,
        "ego_matrix": [
            [
                -0.6703952550888062,
                -0.7419403195381165,
                0.009734765626490116,
                378.1429748535156
            ],
            [
                0.7420015931129456,
                -0.6703696250915527,
                0.0061773937195539474,
                5.580495357513428
            ],
            [
                0.0019426333019509912,
                0.011364507488906384,
                0.9999335408210754,
                0.01970565691590309
            ],
            [
                0.0,
                0.0,
                0.0,
                1.0
            ]
        ]
    },
    {
        "class": "Car",
        "extent": [
            1.1454535722732544,
            2.0333523750305176,
            0.8025798797607422
        ],
        "position": [
            -20.176090552848127,
            7.577267446423697,
            -2.520822928354843
        ],
        "yaw": -0.38850167350465004,
        "num_points": 4,
        "distance": 21.698943757415456,
        "speed": 8.892454892277792,
        "brake": 0.0,
        "id": 2575,
        "ego_matrix": [
            [
                -0.26084238290786743,
                -0.9649004340171814,
                -0.03046996332705021,
                389.3400573730469
            ],
            [
                0.9653812646865845,
                -0.2607272267341614,
                -0.00776349101215601,
                -13.861703872680664
            ],
            [
                -0.0004533528699539602,
                -0.03144017979502678,
                0.9995055198669434,
                0.0018186577362939715
            ],
            [
                0.0,
                0.0,
                0.0,
                1.0
            ]
        ]
    },
    {
        "class": "Car",
        "extent": [
            1.8779358863830566,
            3.866220712661743,
            1.9051965475082397
        ],
        "position": [
            -12.963735961542039,
            -1.1016668417845157,
            -2.5185631847680723
        ],
        "yaw": -0.2983765737908426,
        "num_points": 40,
        "distance": 13.251991564536059,
        "speed": 3.695706523627563,
        "brake": 0.8662475943565369,
        "id": 2600,
        "ego_matrix": [
            [
                -0.3466707766056061,
                -0.9379861354827881,
                0.0011647293576970696,
                378.06494140625
            ],
            [
                0.9379857778549194,
                -0.346671998500824,
                -0.0010895293671637774,
                -13.399459838867188
            ],
            [
                0.0014257425209507346,
                0.0007147915894165635,
                0.9999987483024597,
                0.009525260888040066
            ],
            [
                0.0,
                0.0,
                0.0,
                1.0
            ]
        ]
    },
    {
        "class": "Car",
        "extent": [
            1.3787471055984497,
            2.2072951793670654,
            1.4809197187423706
        ],
        "position": [
            15.129667628293447,
            -0.7767508184922208,
            -2.430754855138641
        ],
        "yaw": 0.4383456627826825,
        "num_points": 23,
        "distance": 15.343361872237748,
        "speed": 9.910356285111453,
        "brake": 0.0,
        "id": 2646,
        "ego_matrix": [
            [
                -0.8865037560462952,
                -0.46174919605255127,
                0.029981331899762154,
                361.26788330078125
            ],
            [
                0.4615846276283264,
                -0.8870065808296204,
                -0.012609940953552723,
                9.121624946594238
            ],
            [
                0.032416265457868576,
                0.0026601615827530622,
                0.9994709491729736,
                0.11985118687152863
            ],
            [
                0.0,
                0.0,
                0.0,
                1.0
            ]
        ]
    }
]