[
    {
        "class": "Car",
        "extent": [
            1.5107464790344238,
            4.901683330535889,
            2.128324270248413
        ],
        "position": [
            -1.3,
            0.0,
            -2.5
        ],
        "yaw": 0,
        "num_points": -1,
        "distance": -1,
        "speed": 2.749464935314144,
        "brake": 0.0,
        "id": 2402,
        "ego_matrix": [
            [
                -0.637080729007721,
                -0.7707970142364502,
                -0.0002917064120993018,
                370.89801025390625
            ],
            [
                0.770797073841095,
                -0.6370806694030762,
                -0.00012433560914359987,
                -2.3348097801208496
            ],
            [
                -9.000301361083984e-05,
                -0.0003040582814719528,
                0.9999999403953552,
                0.038244131952524185
            ],
            [
                0.0,
                0.0,
                0.0,
                1.0
            ]
        ]
    },
    {
        "class": "Car",
        "extent": [
            1.8779358863830566,
            3.866220712661743,
            1.9051965475082397
        ],
        "position": [
            -4.092031117521104,
            7.094441976363463,
            -2.524542222792804
        ],
        "yaw": -0.0436120591691922,
        "num_points": 314,
        "distance": 8.57024731600043,
        "speed": 9.030930486323339,
        "brake": 0.0,
        "id": 2432,
        "ego_matrix": [
            [
                -0.6028693914413452,
                -0.7978353500366211,
                0.002693806542083621,
                378.1451416015625
            ],
            [
                0.797839343547821,
                -0.60286945104599,
                0.0008745634695515037,
                0.032836224883794785
            ],
            [
                0.0009262560051865876,
                0.002676472533494234,
                0.9999960064888,
                0.01611032523214817
            ],
            [
                0.0,
                0.0,
                0.0,
                1.0
            ]
        ]
    },
    {
        "class": "Car",
        "extent": [
            1.4738311767578125,
            4.1928300857543945,
            1.8161858320236206
        ],
        "position": [
            -9.913917590959745,
            2.7753224934654783,
            -2.5428968145231905
        ],
        "yaw": -0.199824832913861,
        "num_points": 91,
        "distance": 10.604456664647591,
        "speed": 10.068053332502563,
        "brake": 0.0,
        "id": 2444,
        "ego_matrix": [
            [
                -0.47140228748321533,
                -0.881901741027832,
                0.005412368103861809,
                378.5249938964844
            ],
            [
                0.8819182515144348,
                -0.4713960587978363,
                0.002456692513078451,
                -7.206282615661621
            ],
            [
                0.0003848075575660914,
                0.005931355990469456,
                0.9999823570251465,
                -0.003033542539924383
            ],
            [
                0.0,
                0.0,
                0.0,
                1.0
            ]
        ]
    },
    {
        "class": "Car",
        "extent": [
            1.6672759056091309,
            4.611005783081055,
            2.241713285446167
        ],
        "position": [
            14.901300297236013,
            3.5739684527116555,
            -2.3594394008459334
        ],
        "yaw": 0.37886262825521744,
        "num_points": 48,
        "distance": 15.504481782234723,
        "speed": 9.504217319896565,
        "brake": 0.0,
        "id": 2477,
        "ego_matrix": [
            [
                -0.8769267201423645,
                -0.48035550117492676,
                0.016063682734966278,
                363.33123779296875
            ],
            [
                0.4804672598838806,
                -0.8770045638084412,
                0.003778285812586546,
                12.429994583129883
            ],
            [
                0.012273002415895462,
                0.01103135384619236,
                0.9998638033866882,
                0.17843325436115265
            ],
            [
                0.0,
                0.0,
                0.0,
                1.0
            ]
        ]
    },
    {
        "class": "Car",
        "extent": [
            1.8548461198806763,
            4.6045098304748535,
            1.9315931797027588
        ],
        "position": [
            4.701141578817936,
            10.13964300301108,
            -2.519214140472056
        ],
        "yaw": 0.13693787903911137,
        "num_points": 154,
        "distance": 11.456855251689127,
        "speed": 9.154249809719559,
        "brake": 0.0,
        "id": 2544,
        "ego_matrix": [
            [
                -0.7363374829292297,
                -0.6765519380569458,
                0.009199869818985462,
                374.8904113769531
            ],
            [
                0.6766123175621033,
                -0.7363015413284302,
                0.007473472971469164,
                8.750626564025879
            ],
            [
                0.0017176857218146324,
                0.011727741919457912,
                0.9999297261238098,
                0.021572913974523544
            ],
            [
                0.0,
                0.0,
                0.0,
                1.0
            ]
        ]
    },
    {
        "class": "Car",
        "extent": [
            1.300939917564392,
            4.717525005340576,
            1.894826889038086
        ],
        "position": [
            -47.072637787600385,
            -15.940253991694423,
            -2.5430008410298353
        ],
        "yaw": -0.6804425853632621,
        "num_points": 0,
        "distance": 49.76335779345916,
        "speed": 10.464158427897289,
        "brake": 0.0,
        "id": 2562,
        "ego_matrix": [
            [
                -0.01026211492717266,
                -0.9999473690986633,
                -4.537324457487557e-06,
                387.7721862792969
            ],
            [
                0.9999473690986633,
                -0.010262113995850086,
                -0.00017970440967474133,
                -47.77145004272461
            ],
            [
                0.00017964838480111212,
                -6.381232651619939e-06,
                1.0,
                -0.005483798682689667
            ],
            [
                0.0,
                0.0,
                0.0,
                1.0
            ]
        ]
    },
    {
        "class": "Car",
        "extent": [
            1.1454535722732544,
            2.0333523750305176,
            0.8025798797607422
        ],
        "position": [
            -17.77733669749337,
            8.489091042207718,
            -2.540261449974815
        ],
        "yaw": -0.32970440295788106,
        "num_points": 8,
        "distance": 19.86331530770138,
        "speed": 8.896590555292214,
        "brake": 0.0,
        "id": 2575,
        "ego_matrix": [
            [
                -0.3532105088233948,
                -0.9350855350494385,
                -0.02928122505545616,
                387.93878173828125
            ],
            [
                0.9355438947677612,
                -0.3530392646789551,
                -0.01099743228405714,
                -9.627251625061035
            ],
            [
                -5.388259523897432e-05,
                -0.031278278678655624,
                0.9995107054710388,
                0.002046871930360794
            ],
            [
                0.0,
                0.0,
                0.0,
                1.0
            ]
        ]
    },
    {
        "class": "Car",
        "extent": [
            1.8779358863830566,
            3.866220712661743,
            1.9051965475082397
        ],
        "position": [
            -12.919429857781672,
            -1.0830403617687725,
            -2.5282836917000866
        ],
        "yaw": -0.2959508335119443,
        "num_points": 52,
        "distance": 13.208969024911726,
        "speed": 2.5873365756300664,
        "brake": 0.0,
        "id": 2600,
        "ego_matrix": [
            [
                -0.3845803439617157,
                -0.9230912923812866,
                -0.0005878593074157834,
                377.4657287597656
            ],
            [
                0.9230890870094299,
                -0.38458070158958435,
                0.00205224915407598,
                -11.981013298034668
            ],
            [
                -0.0021204929798841476,
                0.0002466082223691046,
                0.9999976754188538,
                0.010676917620003223
            ],
            [
                0.0,
                0.0,
                0.0,
                1.0
            ]
        ]
    },
    {
        "class": "Car",
        "extent": [
            1.3787471055984497,
            2.2072951793670654,
            1.4809197187423706
        ],
        "position": [
            18.082542751972632,
            -2.3451355254288853,
            -2.3399018460160215
        ],
        "yaw": 0.5196951140724604,
        "num_points": 18,
        "distance": 18.383502214173873,
        "speed": 9.905163669638558,
        "brake": 0.0,
        "id": 2646,
        "ego_matrix": [
            [
                -0.9356146454811096,
                -0.352218359708786,
                0.02382170967757702,
                356.7420959472656
            ],
            [
                0.3525913953781128,
                -0.9356765151023865,
                0.013735981658101082,
                11.111137390136719
            ],
            [
                0.017451351508498192,
                0.02125091478228569,
                0.9996218681335449,
                0.19588473439216614
            ],
            [
                0.0,
                0.0,
                0.0,
                1.0
            ]
        ]
    }
]