[
    {
        "class": "Car",
        "extent": [
            1.5107464790344238,
            4.901683330535889,
            2.128324270248413
        ],
        "position": [
            -1.3,
            0.0,
            -2.5
        ],
        "yaw": 0,
        "num_points": -1,
        "distance": -1,
        "speed": 2.974944292378067,
        "brake": 0.0,
        "id": 2402,
        "ego_matrix": [
            [
                -0.6664575934410095,
                -0.7455428242683411,
                0.00034985257661901414,
                369.8772277832031
            ],
            [
                0.7455428242683411,
                -0.6664577126502991,
                -0.0001843753270804882,
                -1.2263156175613403
            ],
            [
                0.00037062165210954845,
                0.00013795173435937613,
                0.9999999403953552,
                0.038867149502038956
            ],
            [
                0.0,
                0.0,
                0.0,
                1.0
            ]
        ]
    },
    {
        "class": "Car",
        "extent": [
            1.8779358863830566,
            3.866220712661743,
            1.9051965475082397
        ],
        "position": [
            -1.3622976691743123,
            7.098653689837689,
            -2.519802333477108
        ],
        "yaw": 0.01749803362625668,
        "num_points": 462,
        "distance": 7.654811751276492,
        "speed": 9.0161919146287,
        "brake": 0.0,
        "id": 2432,
        "ego_matrix": [
            [
                -0.6794002652168274,
                -0.7337635159492493,
                0.0025321661960333586,
                375.2110900878906
            ],
            [
                0.7337673902511597,
                -0.6793997883796692,
                0.0011537089012563229,
                3.4581947326660156
            ],
            [
                0.0008738039177842438,
                0.002641851082444191,
                0.9999961256980896,
                0.01806245744228363
            ],
            [
                0.0,
                0.0,
                0.0,
                1.0
            ]
        ]
    },
    {
        "class": "Car",
        "extent": [
            1.4738311767578125,
            4.1928300857543945,
            1.8161858320236206
        ],
        "position": [
            -6.583031133567549,
            3.25289410644024,
            -2.5371043449220387
        ],
        "yaw": -0.11762636586856523,
        "num_points": 206,
        "distance": 7.768816990395358,
        "speed": 9.960455746675846,
        "brake": 0.0,
        "id": 2444,
        "ego_matrix": [
            [
                -0.5743589401245117,
                -0.8185879588127136,
                0.005056352354586124,
                375.82330322265625
            ],
            [
                0.818603515625,
                -0.574350893497467,
                0.0030637977179139853,
                -2.9971184730529785
            ],
            [
                0.00039613244007341564,
                0.005898866802453995,
                0.9999825358390808,
                -0.0006439399439841509
            ],
            [
                0.0,
                0.0,
                0.0,
                1.0
            ]
        ]
    },
    {
        "class": "Car",
        "extent": [
            1.6672759056091309,
            4.611005783081055,
            2.241713285446167
        ],
        "position": [
            17.593538287919134,
            2.3198177058015217,
            -2.3072063426452165
        ],
        "yaw": 0.4452533700181296,
        "num_points": 35,
        "distance": 17.895176578736773,
        "speed": 9.492650184261064,
        "brake": 0.0,
        "id": 2477,
        "ego_matrix": [
            [
                -0.9224950671195984,
                -0.3856860399246216,
                0.015786131843924522,
                359.01507568359375
            ],
            [
                0.3857860863208771,
                -0.9225805997848511,
                0.0037537189200520515,
                14.405651092529297
            ],
            [
                0.013116221874952316,
                0.009552856907248497,
                0.9998683333396912,
                0.23834311962127686
            ],
            [
                0.0,
                0.0,
                0.0,
                1.0
            ]
        ]
    },
    {
        "class": "Car",
        "extent": [
            1.8548461198806763,
            4.6045098304748535,
            1.9315931797027588
        ],
        "position": [
            7.342455509734257,
            9.642849771660732,
            -2.51664242806375
        ],
        "yaw": 0.1923899529406321,
        "num_points": 124,
        "distance": 12.378598213932584,
        "speed": 9.265378479042955,
        "brake": 0.0,
        "id": 2544,
        "ego_matrix": [
            [
                -0.7967113256454468,
                -0.6042908430099487,
                0.009141840040683746,
                371.3065490722656
            ],
            [
                0.6043559312820435,
                -0.7966701984405518,
                0.008391829207539558,
                11.643559455871582
            ],
            [
                0.002211926272138953,
                0.012210791930556297,
                0.9999229907989502,
                0.024097556248307228
            ],
            [
                0.0,
                0.0,
                0.0,
                1.0
            ]
        ]
    },
    {
        "class": "Car",
        "extent": [
            1.300939917564392,
            4.717525005340576,
            1.894826889038086
        ],
        "position": [
            -43.84236722753571,
            -14.0995577182786,
            -2.5305273995910467
        ],
        "yaw": -0.7196740108553827,
        "num_points": 2,
        "distance": 46.12325076233513,
        "speed": 11.232649862826053,
        "brake": 0.0,
        "id": 2562,
        "ego_matrix": [
            [
                -0.009773142635822296,
                -0.9999522566795349,
                -5.435513230622746e-06,
                387.71807861328125
            ],
            [
                0.9999522566795349,
                -0.009773141704499722,
                -0.0001769681548466906,
                -42.34022521972656
            ],
            [
                0.00017690657114144415,
                -7.164788257796317e-06,
                1.0,
                -0.0054823108948767185
            ],
            [
                0.0,
                0.0,
                0.0,
                1.0
            ]
        ]
    },
    {
        "class": "Car",
        "extent": [
            1.1454535722732544,
            2.0333523750305176,
            0.8025798797607422
        ],
        "position": [
            -15.356757864232321,
            9.242960233729233,
            -2.528018164105394
        ],
        "yaw": -0.2730353975962485,
        "num_points": 8,
        "distance": 18.10119338112844,
        "speed": 8.89758276114749,
        "brake": 0.0,
        "id": 2575,
        "ego_matrix": [
            [
                -0.4407300055027008,
                -0.8972181677818298,
                -0.027505049481987953,
                386.136474609375
            ],
            [
                0.8976396918296814,
                -0.44052228331565857,
                -0.01353025808930397,
                -5.5461835861206055
            ],
            [
                2.3007391064311378e-05,
                -0.030652815476059914,
                0.9995300769805908,
                0.004364166874438524
            ],
            [
                0.0,
                0.0,
                0.0,
                1.0
            ]
        ]
    },
    {
        "class": "Car",
        "extent": [
            1.8779358863830566,
            3.866220712661743,
            1.9051965475082397
        ],
        "position": [
            -13.157037903563463,
            -1.1445972804269173,
            -2.5246043689373
        ],
        "yaw": -0.3006892628814677,
        "num_points": 39,
        "distance": 13.445868382139684,
        "speed": 2.662279841066425,
        "brake": 0.0,
        "id": 2600,
        "ego_matrix": [
            [
                -0.41574108600616455,
                -0.9094825983047485,
                0.0008442772086709738,
                376.92608642578125
            ],
            [
                0.909481942653656,
                -0.41574183106422424,
                -0.0011961241252720356,
                -10.829066276550293
            ],
            [
                0.0014388555428013206,
                0.0002705769147723913,
                0.999998927116394,
                0.010026207193732262
            ],
            [
                0.0,
                0.0,
                0.0,
                1.0
            ]
        ]
    },
    {
        "class": "Car",
        "extent": [
            1.3787471055984497,
            2.2072951793670654,
            1.4809197187423706
        ],
        "position": [
            20.880376483324056,
            -4.143793118478439,
            -2.286275438694775
        ],
        "yaw": 0.6005348363295977,
        "num_points": 6,
        "distance": 21.410002309100307,
        "speed": 9.90661695951158,
        "brake": 0.0,
        "id": 2646,
        "ego_matrix": [
            [
                -0.970947802066803,
                -0.23815563321113586,
                0.023286769166588783,
                352.0056457519531
            ],
            [
                0.23844511806964874,
                -0.9710988998413086,
                0.010524265468120575,
                12.548402786254883
            ],
            [
                0.020107343792915344,
                0.015771128237247467,
                0.9996733665466309,
                0.26138386130332947
            ],
            [
                0.0,
                0.0,
                0.0,
                1.0
            ]
        ]
    }
]