[
    {
        "class": "Car",
        "extent": [
            1.5107464790344238,
            4.901683330535889,
            2.128324270248413
        ],
        "position": [
            -1.3,
            0.0,
            -2.5
        ],
        "yaw": 0,
        "num_points": -1,
        "distance": -1,
        "speed": 3.1476152085813793,
        "brake": 0.0,
        "id": 2402,
        "ego_matrix": [
            [
                -0.6945371031761169,
                -0.7194567322731018,
                0.0004945462569594383,
                368.8529357910156
            ],
            [
                0.7194560766220093,
                -0.6945371627807617,
                -0.001032547326758504,
                -0.19948619604110718
            ],
            [
                0.001086353906430304,
                -0.00036133811227045953,
                0.9999993443489075,
                0.03917301073670387
            ],
            [
                0.0,
                0.0,
                0.0,
                1.0
            ]
        ]
    },
    {
        "class": "Car",
        "extent": [
            1.8779358863830566,
            3.866220712661743,
            1.9051965475082397
        ],
        "position": [
            1.413834660251976,
            6.933292003556813,
            -2.5247534849420683
        ],
        "yaw": 0.0784053267046958,
        "num_points": 466,
        "distance": 7.512911992885434,
        "speed": 8.998744740654397,
        "brake": 0.0,
        "id": 2432,
        "ego_matrix": [
            [
                -0.7487549185752869,
                -0.6628426909446716,
                0.002390984445810318,
                371.9562683105469
            ],
            [
                0.6628464460372925,
                -0.74875408411026,
                0.001388908363878727,
                6.568453311920166
            ],
            [
                0.0008696315926499665,
                0.0026248074136674404,
                0.9999961853027344,
                0.019872989505529404
            ],
            [
                0.0,
                0.0,
                0.0,
                1.0
            ]
        ]
    },
    {
        "class": "Car",
        "extent": [
            1.4738311767578125,
            4.1928300857543945,
            1.8161858320236206
        ],
        "position": [
            -3.2094816587666886,
            3.4506019064578526,
            -2.5368485135447596
        ],
        "yaw": -0.036121252813071436,
        "num_points": 262,
        "distance": 5.351918012776784,
        "speed": 9.89284446970497,
        "brake": 0.0,
        "id": 2444,
        "ego_matrix": [
            [
                -0.6681023240089417,
                -0.744055986404419,
                0.004464407451450825,
                372.66168212890625
            ],
            [
                0.7440692782402039,
                -0.6680932641029358,
                0.0034992992877960205,
                0.8233349919319153
            ],
            [
                0.00037896630237810314,
                0.005659718532115221,
                0.9999839067459106,
                0.001496982527896762
            ],
            [
                0.0,
                0.0,
                0.0,
                1.0
            ]
        ]
    },
    {
        "class": "Car",
        "extent": [
            1.6672759056091309,
            4.611005783081055,
            2.241713285446167
        ],
        "position": [
            20.248904325756193,
            0.8796904020418019,
            -2.261805804924671
        ],
        "yaw": 0.5121336007893991,
        "num_points": 30,
        "distance": 20.39381639360969,
        "speed": 9.484813879787609,
        "brake": 0.0,
        "id": 2477,
        "ego_matrix": [
            [
                -0.9579023122787476,
                -0.28668612241744995,
                0.01530439779162407,
                354.5194396972656
            ],
            [
                0.2867746353149414,
                -0.9579901099205017,
                0.003895276226103306,
                15.914735794067383
            ],
            [
                0.013544740155339241,
                0.008120207116007805,
                0.9998753070831299,
                0.301094651222229
            ],
            [
                0.0,
                0.0,
                0.0,
                1.0
            ]
        ]
    },
    {
        "class": "Car",
        "extent": [
            1.8548461198806763,
            4.6045098304748535,
            1.9315931797027588
        ],
        "position": [
            10.060383872271862,
            8.982137080823891,
            -2.4981703730727713
        ],
        "yaw": 0.24937467604949415,
        "num_points": 97,
        "distance": 13.716084186424267,
        "speed": 9.322597552952791,
        "brake": 0.0,
        "id": 2544,
        "ego_matrix": [
            [
                -0.8505311608314514,
                -0.5254687070846558,
                0.021894754841923714,
                367.42498779296875
            ],
            [
                0.5257399678230286,
                -0.8505985736846924,
                0.008919396437704563,
                14.212237358093262
            ],
            [
                0.01393678318709135,
                0.01909717172384262,
                0.9997205138206482,
                0.05658962205052376
            ],
            [
                0.0,
                0.0,
                0.0,
                1.0
            ]
        ]
    },
    {
        "class": "Car",
        "extent": [
            1.300939917564392,
            4.717525005340576,
            1.894826889038086
        ],
        "position": [
            -40.503159491532585,
            -11.700736363340374,
            -2.4978357277913577
        ],
        "yaw": -0.7584974400685034,
        "num_points": 7,
        "distance": 42.23330846102343,
        "speed": 11.969233919102013,
        "brake": 0.0,
        "id": 2562,
        "ego_matrix": [
            [
                -0.0092792809009552,
                -0.9999569654464722,
                -4.226780220051296e-06,
                387.6628112792969
            ],
            [
                0.9999569654464722,
                -0.009279279969632626,
                -0.00017039661179296672,
                -36.531036376953125
            ],
            [
                0.00017035006021615118,
                -5.80775622438523e-06,
                1.0,
                -0.005479144863784313
            ],
            [
                0.0,
                0.0,
                0.0,
                1.0
            ]
        ]
    },
    {
        "class": "Car",
        "extent": [
            1.1454535722732544,
            2.0333523750305176,
            0.8025798797607422
        ],
        "position": [
            -12.836565228168835,
            9.858148752282874,
            -2.5236819338357996
        ],
        "yaw": -0.21760209898041216,
        "num_points": 12,
        "distance": 16.38076537229988,
        "speed": 8.897609021307986,
        "brake": 0.0,
        "id": 2575,
        "ego_matrix": [
            [
                -0.5228360891342163,
                -0.8520402312278748,
                -0.02587886154651642,
                383.9580078125
            ],
            [
                0.8524332046508789,
                -0.5225950479507446,
                -0.015872683376073837,
                -1.6526628732681274
            ],
            [
                0.0,
                -0.03035881370306015,
                0.9995390176773071,
                0.006520424969494343
            ],
            [
                0.0,
                0.0,
                0.0,
                1.0
            ]
        ]
    },
    {
        "class": "Car",
        "extent": [
            1.8779358863830566,
            3.866220712661743,
            1.9051965475082397
        ],
        "position": [
            -13.159558071872096,
            -1.149455111503884,
            -2.515170914976801
        ],
        "yaw": -0.301770905758203,
        "num_points": 48,
        "distance": 13.446981089890835,
        "speed": 2.950075739110929,
        "brake": 0.0,
        "id": 2600,
        "ego_matrix": [
            [
                -0.4493214786052704,
                -0.8933698534965515,
                0.00068769755307585,
                376.2628479003906
            ],
            [
                0.8933695554733276,
                -0.4493219256401062,
                -0.0008066230802796781,
                -9.530241012573242
            ],
            [
                0.001029610401019454,
                0.0002519349509384483,
                0.9999994039535522,
                0.010703086853027344
            ],
            [
                0.0,
                0.0,
                0.0,
                1.0
            ]
        ]
    },
    {
        "class": "Car",
        "extent": [
            1.3787471055984497,
            2.2072951793670654,
            1.4809197187423706
        ],
        "position": [
            23.58628248326919,
            -6.167957309521337,
            -2.2351087148841
        ],
        "yaw": 0.6745238429986156,
        "num_points": 15,
        "distance": 24.481669259264155,
        "speed": 9.94686316281644,
        "brake": 0.0,
        "id": 2646,
        "ego_matrix": [
            [
                -0.9915510416030884,
                -0.1278802752494812,
                0.021751629188656807,
                347.13104248046875
            ],
            [
                0.12811583280563354,
                -0.9917107820510864,
                0.00979936309158802,
                13.420951843261719
            ],
            [
                0.020318180322647095,
                0.012503296136856079,
                0.9997153282165527,
                0.3288707137107849
            ],
            [
                0.0,
                0.0,
                0.0,
                1.0
            ]
        ]
    },
    {
        "class": "Car",
        "extent": [
            1.6493593454360962,
            4.855708599090576,
            2.0327565670013428
        ],
        "position": [
            -46.05103065900491,
            -21.766196944989193,
            -2.4921347782990284
        ],
        "yaw": -0.7587677509191462,
        "num_points": 1,
        "distance": 50.996818429759664,
        "speed": 8.458945638394017,
        "brake": 0.0,
        "id": 2650,
        "ego_matrix": [
            [
                -0.0090089226141572,
                -0.999959409236908,
                -2.8595059120561928e-05,
                384.27435302734375
            ],
            [
                0.9999591112136841,
                -0.00900889653712511,
                -0.0008003035327419639,
                -47.513328552246094
            ],
            [
                0.0008000134839676321,
                -3.580376142053865e-05,
                0.9999997019767761,
                -0.009442185051739216
            ],
            [
                0.0,
                0.0,
                0.0,
                1.0
            ]
        ]
    }
]