[
    {
        "class": "Car",
        "extent": [
            1.5107464790344238,
            4.901683330535889,
            2.128324270248413
        ],
        "position": [
            -1.3,
            0.0,
            -2.5
        ],
        "yaw": 0,
        "num_points": -1,
        "distance": -1,
        "speed": 2.7914317506397235,
        "brake": 0.0,
        "id": 2402,
        "ego_matrix": [
            [
                -0.7217519283294678,
                -0.6921514272689819,
                0.0007048386032693088,
                367.77789306640625
            ],
            [
                0.6921514868736267,
                -0.7217521667480469,
                -0.00024052895605564117,
                0.7992063760757446
            ],
            [
                0.0006752012996003032,
                0.00031425285851582885,
                0.9999997019767761,
                0.04081825166940689
            ],
            [
                0.0,
                0.0,
                0.0,
                1.0
            ]
        ]
    },
    {
        "class": "Car",
        "extent": [
            1.8779358863830566,
            3.866220712661743,
            1.9051965475082397
        ],
        "position": [
            4.148542433753658,
            6.602361108203307,
            -2.512765993590633
        ],
        "yaw": 0.13939118303529208,
        "num_points": 326,
        "distance": 8.192409258961362,
        "speed": 8.960824302794641,
        "brake": 0.0,
        "id": 2432,
        "ego_matrix": [
            [
                -0.8108872771263123,
                -0.5851397514343262,
                0.00856249313801527,
                368.41522216796875
            ],
            [
                0.585134744644165,
                -0.8109291791915894,
                -0.003340541385114193,
                9.335695266723633
            ],
            [
                0.00889825914055109,
                0.0023014103062450886,
                0.999957799911499,
                0.029656313359737396
            ],
            [
                0.0,
                0.0,
                0.0,
                1.0
            ]
        ]
    },
    {
        "class": "Car",
        "extent": [
            1.4738311767578125,
            4.1928300857543945,
            1.8161858320236206
        ],
        "position": [
            0.12357468777486824,
            3.3717147150831863,
            -2.536489638406273
        ],
        "yaw": 0.045321941747077155,
        "num_points": 0,
        "distance": 4.221079306185746,
        "speed": 9.847542412360639,
        "brake": 0.0,
        "id": 2444,
        "ego_matrix": [
            [
                -0.7523695826530457,
                -0.6587249636650085,
                0.004620750900357962,
                369.0841369628906
            ],
            [
                0.6587406396865845,
                -0.7523595094680786,
                0.003993588034063578,
                4.218087196350098
            ],
            [
                0.0008457897347398102,
                0.0060485308058559895,
                0.9999813437461853,
                0.00423025107011199
            ],
            [
                0.0,
                0.0,
                0.0,
                1.0
            ]
        ]
    },
    {
        "class": "Car",
        "extent": [
            1.6672759056091309,
            4.611005783081055,
            2.241713285446167
        ],
        "position": [
            22.782733314070118,
            -0.7261161406536555,
            -2.192040369021769
        ],
        "yaw": 0.5782188779752788,
        "num_points": 21,
        "distance": 22.89945900865737,
        "speed": 9.480440556296994,
        "brake": 0.0,
        "id": 2477,
        "ego_matrix": [
            [
                -0.9826123118400574,
                -0.1850796639919281,
                0.014786560088396072,
                349.8937683105469
            ],
            [
                0.18515445291996002,
                -0.9827018976211548,
                0.0038489410653710365,
                16.94395637512207
            ],
            [
                0.01381841953843832,
                0.006519814021885395,
                0.999883234500885,
                0.36526668071746826
            ],
            [
                0.0,
                0.0,
                0.0,
                1.0
            ]
        ]
    },
    {
        "class": "Car",
        "extent": [
            1.8548461198806763,
            4.6045098304748535,
            1.9315931797027588
        ],
        "position": [
            12.730126839514961,
            8.17273349714441,
            -2.429681327377679
        ],
        "yaw": 0.30624914428922567,
        "num_points": 62,
        "distance": 15.321653093517462,
        "speed": 9.350882974343786,
        "brake": 0.0,
        "id": 2544,
        "ego_matrix": [
            [
                -0.8967598676681519,
                -0.44204428791999817,
                0.020460523664951324,
                363.3084411621094
            ],
            [
                0.4423087239265442,
                -0.8967983722686768,
                0.01075817085802555,
                16.408851623535156
            ],
            [
                0.013593373820185661,
                0.018697364255785942,
                0.9997327923774719,
                0.1180417612195015
            ],
            [
                0.0,
                0.0,
                0.0,
                1.0
            ]
        ]
    },
    {
        "class": "Car",
        "extent": [
            1.300939917564392,
            4.717525005340576,
            1.894826889038086
        ],
        "position": [
            -37.19522418382341,
            -8.804143285645038,
            -2.5247784564475
        ],
        "yaw": -0.7892391074796152,
        "num_points": 1,
        "distance": 38.30629383447571,
        "speed": 12.341722248781126,
        "brake": 0.11832848191261292,
        "id": 2562,
        "ego_matrix": [
            [
                -0.017090367153286934,
                -0.9998539686203003,
                0.0001689056953182444,
                387.5915222167969
            ],
            [
                0.9998539686203003,
                -0.01709037832915783,
                -6.447600026149303e-05,
                -30.400131225585938
            ],
            [
                6.735324132023379e-05,
                0.0001677791151450947,
                1.0,
                -0.0054299733601510525
            ],
            [
                0.0,
                0.0,
                0.0,
                1.0
            ]
        ]
    },
    {
        "class": "Car",
        "extent": [
            1.1454535722732544,
            2.0333523750305176,
            0.8025798797607422
        ],
        "position": [
            -10.305491678116942,
            10.330599573754883,
            -2.522918756432256
        ],
        "yaw": -0.1639142361430146,
        "num_points": 18,
        "distance": 14.808428861042612,
        "speed": 8.89758588062127,
        "brake": 0.0,
        "id": 2575,
        "ego_matrix": [
            [
                -0.59913170337677,
                -0.8002892136573792,
                -0.024047212675213814,
                381.4279479980469
            ],
            [
                0.8006504774093628,
                -0.59886234998703,
                -0.01796342432498932,
                2.0221807956695557
            ],
            [
                -2.503394898667466e-05,
                -0.030015869066119194,
                0.999549388885498,
                0.008572560735046864
            ],
            [
                0.0,
                0.0,
                0.0,
                1.0
            ]
        ]
    },
    {
        "class": "Car",
        "extent": [
            1.8779358863830566,
            3.866220712661743,
            1.9051965475082397
        ],
        "position": [
            -12.999698880063823,
            -1.1048587080408645,
            -2.5224351221855583
        ],
        "yaw": -0.29782942734488627,
        "num_points": 49,
        "distance": 13.288173790355906,
        "speed": 3.7273643159620238,
        "brake": 1.0,
        "id": 2600,
        "ego_matrix": [
            [
                -0.48686566948890686,
                -0.8734743595123291,
                0.0020750670228153467,
                375.4574279785156
            ],
            [
                0.8734703660011292,
                -0.48686984181404114,
                -0.0027032080106437206,
                -8.096186637878418
            ],
            [
                0.003371470607817173,
                0.0004964102408848703,
                0.9999942183494568,
                0.010830688290297985
            ],
            [
                0.0,
                0.0,
                0.0,
                1.0
            ]
        ]
    },
    {
        "class": "Car",
        "extent": [
            1.3787471055984497,
            2.2072951793670654,
            1.4809197187423706
        ],
        "position": [
            26.360372736922496,
            -8.413590729908478,
            -2.1642063979982167
        ],
        "yaw": 0.708624821808753,
        "num_points": 11,
        "distance": 27.755027456895537,
        "speed": 10.713649562387728,
        "brake": 0.0,
        "id": 2646,
        "ego_matrix": [
            [
                -0.9980895519256592,
                -0.05557733774185181,
                0.026986878365278244,
                341.99072265625
            ],
            [
                0.055792443454265594,
                -0.9984158277511597,
                0.0072838906198740005,
                13.871766090393066
            ],
            [
                0.026539307087659836,
                0.008775640279054642,
                0.9996092319488525,
                0.3979320824146271
            ],
            [
                0.0,
                0.0,
                0.0,
                1.0
            ]
        ]
    },
    {
        "class": "Car",
        "extent": [
            1.6493593454360962,
            4.855708599090576,
            2.0327565670013428
        ],
        "position": [
            -43.6551975447887,
            -20.387070918719516,
            -2.5280487131322023
        ],
        "yaw": -0.797766549290049,
        "num_points": 0,
        "distance": 48.247279338998936,
        "speed": 8.65761368475854,
        "brake": 0.0,
        "id": 2650,
        "ego_matrix": [
            [
                -0.008563694544136524,
                -0.9999633431434631,
                -2.9409455237328075e-05,
                384.23687744140625
            ],
            [
                0.999963104724884,
                -0.008563671261072159,
                -0.0007061157957650721,
                -43.231414794921875
            ],
            [
                0.000705838087014854,
                -3.545533036231063e-05,
                0.9999997615814209,
                -0.009422043338418007
            ],
            [
                0.0,
                0.0,
                0.0,
                1.0
            ]
        ]
    }
]