[
    {
        "class": "Car",
        "extent": [
            1.5107464790344238,
            4.901683330535889,
            2.128324270248413
        ],
        "position": [
            -1.3,
            0.0,
            -2.5
        ],
        "yaw": 0,
        "num_points": -1,
        "distance": -1,
        "speed": 2.917564415887135,
        "brake": 0.0,
        "id": 2402,
        "ego_matrix": [
            [
                -0.7509747743606567,
                -0.6603305339813232,
                0.0006053143879398704,
                366.6234436035156
            ],
            [
                0.6603299379348755,
                -0.7509749531745911,
                -0.0009518859442323446,
                1.7819448709487915
            ],
            [
                0.0010831353720277548,
                -0.0003151351702399552,
                0.9999993443489075,
                0.04234493151307106
            ],
            [
                0.0,
                0.0,
                0.0,
                1.0
            ]
        ]
    },
    {
        "class": "Car",
        "extent": [
            1.8779358863830566,
            3.866220712661743,
            1.9051965475082397
        ],
        "position": [
            6.758250832075897,
            6.157079396331279,
            -2.456455299742895
        ],
        "yaw": 0.19476522631687354,
        "num_points": 88,
        "distance": 9.46666539186934,
        "speed": 8.953149638252151,
        "brake": 0.0,
        "id": 2432,
        "ego_matrix": [
            [
                -0.8644968867301941,
                -0.5023665428161621,
                0.01652051880955696,
                364.63763427734375
            ],
            [
                0.502459704875946,
                -0.8645987510681152,
                0.001774038653820753,
                11.726820945739746
            ],
            [
                0.013392404653131962,
                0.009834546595811844,
                0.9998618960380554,
                0.0965580940246582
            ],
            [
                0.0,
                0.0,
                0.0,
                1.0
            ]
        ]
    },
    {
        "class": "Car",
        "extent": [
            1.4738311767578125,
            4.1928300857543945,
            1.8161858320236206
        ],
        "position": [
            3.360448006339973,
            3.055885885377628,
            -2.517171411307356
        ],
        "yaw": 0.12076290384240584,
        "num_points": 216,
        "distance": 5.192995403586217,
        "speed": 9.793319897679263,
        "brake": 0.0,
        "id": 2444,
        "ego_matrix": [
            [
                -0.8249508142471313,
                -0.5649774074554443,
                0.01601935550570488,
                365.1414489746094
            ],
            [
                0.5649797916412354,
                -0.8250907063484192,
                -0.004811725113540888,
                7.1542887687683105
            ],
            [
                0.01593593694269657,
                0.005081175826489925,
                0.9998600482940674,
                0.031184444203972816
            ],
            [
                0.0,
                0.0,
                0.0,
                1.0
            ]
        ]
    },
    {
        "class": "Car",
        "extent": [
            1.6672759056091309,
            4.611005783081055,
            2.241713285446167
        ],
        "position": [
            25.230167170189254,
            -2.3596855805880383,
            -2.1438530160659925
        ],
        "yaw": 0.6244899703348605,
        "num_points": 11,
        "distance": 25.43079938243047,
        "speed": 9.62833426493924,
        "brake": 0.0,
        "id": 2477,
        "ego_matrix": [
            [
                -0.9952561259269714,
                -0.09656229615211487,
                0.01187078282237053,
                345.1419982910156
            ],
            [
                0.09661121666431427,
                -0.9953156113624573,
                0.0036183998454362154,
                17.52820587158203
            ],
            [
                0.011465773917734623,
                0.004748085513710976,
                0.9999229907989502,
                0.4264838397502899
            ],
            [
                0.0,
                0.0,
                0.0,
                1.0
            ]
        ]
    },
    {
        "class": "Car",
        "extent": [
            1.8548461198806763,
            4.6045098304748535,
            1.9315931797027588
        ],
        "position": [
            15.279449433283244,
            7.294387573866239,
            -2.3844605332375735
        ],
        "yaw": 0.358490511180547,
        "num_points": 59,
        "distance": 17.098401009936616,
        "speed": 9.370904650842371,
        "brake": 0.0,
        "id": 2544,
        "ego_matrix": [
            [
                -0.9348250031471252,
                -0.3545823097229004,
                0.019329775124788284,
                358.9894714355469
            ],
            [
                0.3548281788825989,
                -0.9348649382591248,
                0.011156070977449417,
                18.207645416259766
            ],
            [
                0.01411498337984085,
                0.01728772185742855,
                0.9997509121894836,
                0.17814083397388458
            ],
            [
                0.0,
                0.0,
                0.0,
                1.0
            ]
        ]
    },
    {
        "class": "Car",
        "extent": [
            1.300939917564392,
            4.717525005340576,
            1.894826889038086
        ],
        "position": [
            -34.16262666919846,
            -6.056253100104061,
            -2.510162864832013
        ],
        "yaw": -0.7707134931467514,
        "num_points": 2,
        "distance": 34.785976774549994,
        "speed": 11.452631505862543,
        "brake": 0.0,
        "id": 2562,
        "ego_matrix": [
            [
                -0.0787426084280014,
                -0.9968947768211365,
                0.000570341944694519,
                387.3033142089844
            ],
            [
                0.9968949556350708,
                -0.07874249666929245,
                0.00020648384816013277,
                -24.466318130493164
            ],
            [
                -0.00016093252634163946,
                0.0005848301225341856,
                0.9999998211860657,
                -0.00532114040106535
            ],
            [
                0.0,
                0.0,
                0.0,
                1.0
            ]
        ]
    },
    {
        "class": "Car",
        "extent": [
            1.1454535722732544,
            2.0333523750305176,
            0.8025798797607422
        ],
        "position": [
            -7.850954136260674,
            10.643871658828568,
            -2.528091893611874
        ],
        "yaw": -0.11559317553434445,
        "num_points": 23,
        "distance": 13.465538732699434,
        "speed": 8.897596723617607,
        "brake": 0.0,
        "id": 2575,
        "ego_matrix": [
            [
                -0.6698038578033447,
                -0.7422055602073669,
                -0.022219127044081688,
                378.5715026855469
            ],
            [
                0.7425380945205688,
                -0.6695060729980469,
                -0.019970955327153206,
                5.449461936950684
            ],
            [
                -5.328655242919922e-05,
                -0.029875170439481735,
                0.9995536208152771,
                0.010511742904782295
            ],
            [
                0.0,
                0.0,
                0.0,
                1.0
            ]
        ]
    },
    {
        "class": "Car",
        "extent": [
            1.8779358863830566,
            3.866220712661743,
            1.9051965475082397
        ],
        "position": [
            -12.950871990087961,
            -1.1259356797888567,
            -2.516628376961184
        ],
        "yaw": -0.30021295652050695,
        "num_points": 46,
        "distance": 13.241081332217275,
        "speed": 2.844973826944677,
        "brake": 0.07820556312799454,
        "id": 2600,
        "ego_matrix": [
            [
                -0.5221112370491028,
                -0.8528773784637451,
                -0.00014273459964897484,
                374.62945556640625
            ],
            [
                0.852877140045166,
                -0.5221112370491028,
                0.0005840909434482455,
                -6.757009029388428
            ],
            [
                -0.0005726813105866313,
                0.00018322539108339697,
                0.9999998211860657,
                0.012742270715534687
            ],
            [
                0.0,
                0.0,
                0.0,
                1.0
            ]
        ]
    },
    {
        "class": "Car",
        "extent": [
            1.3787471055984497,
            2.2072951793670654,
            1.4809197187423706
        ],
        "position": [
            29.48249657739356,
            -10.72339892134681,
            -2.0573139985909537
        ],
        "yaw": 0.7069369103098606,
        "num_points": 6,
        "distance": 31.439488382465186,
        "speed": 11.524324875990603,
        "brake": 0.0,
        "id": 2646,
        "ego_matrix": [
            [
                -0.999387264251709,
                -0.01414869911968708,
                0.032014150172472,
                336.42584228515625
            ],
            [
                0.014313919469714165,
                -0.9998853206634521,
                0.004937560297548771,
                14.055124282836914
            ],
            [
                0.03194062411785126,
                0.00539278332144022,
                0.9994752407073975,
                0.5149929523468018
            ],
            [
                0.0,
                0.0,
                0.0,
                1.0
            ]
        ]
    },
    {
        "class": "Car",
        "extent": [
            1.6493593454360962,
            4.855708599090576,
            2.0327565670013428
        ],
        "position": [
            -41.335740421924044,
            -18.912959675493685,
            -2.5024256957462585
        ],
        "yaw": -0.8414016448026702,
        "num_points": 0,
        "distance": 45.525878511877906,
        "speed": 8.826581276101859,
        "brake": 0.0,
        "id": 2650,
        "ego_matrix": [
            [
                -0.008135986514389515,
                -0.9999669194221497,
                -2.914341166615486e-05,
                384.2004699707031
            ],
            [
                0.9999667406082153,
                -0.008135966956615448,
                -0.000625748885795474,
                -38.85801315307617
            ],
            [
                0.0006254910258576274,
                -3.4233522455906495e-05,
                0.9999998211860657,
                -0.009405029937624931
            ],
            [
                0.0,
                0.0,
                0.0,
                1.0
            ]
        ]
    }
]