[
    {
        "class": "Car",
        "extent": [
            1.5107464790344238,
            4.901683330535889,
            2.128324270248413
        ],
        "position": [
            -1.3,
            0.0,
            -2.5
        ],
        "yaw": 0,
        "num_points": -1,
        "distance": -1,
        "speed": 3.142174215587989,
        "brake": 0.0,
        "id": 2402,
        "ego_matrix": [
            [
                -0.773714542388916,
                -0.6335286498069763,
                0.0026832795701920986,
                365.4869079589844
            ],
            [
                0.6335275769233704,
                -0.7737188935279846,
                -0.0013565605040639639,
                2.6836743354797363
            ],
            [
                0.002935524331405759,
                0.0006503410986624658,
                0.9999954700469971,
                0.04527255892753601
            ],
            [
                0.0,
                0.0,
                0.0,
                1.0
            ]
        ]
    },
    {
        "class": "Car",
        "extent": [
            1.8779358863830566,
            3.866220712661743,
            1.9051965475082397
        ],
        "position": [
            9.46191624172645,
            5.476096290544876,
            -2.422049638683612
        ],
        "yaw": 0.2599876393095686,
        "num_points": 18,
        "distance": 11.197402109463319,
        "speed": 8.990601236282885,
        "brake": 0.0,
        "id": 2432,
        "ego_matrix": [
            [
                -0.910493791103363,
                -0.4132292568683624,
                0.015578411519527435,
                360.6297302246094
            ],
            [
                0.41330334544181824,
                -0.9105917811393738,
                0.0017293477430939674,
                13.73849868774414
            ],
            [
                0.01347095612436533,
                0.008013169281184673,
                0.9998771548271179,
                0.1512531042098999
            ],
            [
                0.0,
                0.0,
                0.0,
                1.0
            ]
        ]
    },
    {
        "class": "Car",
        "extent": [
            1.4738311767578125,
            4.1928300857543945,
            1.8161858320236206
        ],
        "position": [
            6.609127639704908,
            2.4456216296402187,
            -2.4439712677303165
        ],
        "yaw": 0.2018681432602243,
        "num_points": 249,
        "distance": 7.458862438117945,
        "speed": 9.718516383020244,
        "brake": 0.0,
        "id": 2444,
        "ego_matrix": [
            [
                -0.8848767876625061,
                -0.4655109941959381,
                0.01710476726293564,
                360.9170227050781
            ],
            [
                0.46545523405075073,
                -0.8850408792495728,
                -0.007351311855018139,
                9.586472511291504
            ],
            [
                0.018560534343123436,
                0.001456497935578227,
                0.9998266696929932,
                0.12292798608541489
            ],
            [
                0.0,
                0.0,
                0.0,
                1.0
            ]
        ]
    },
    {
        "class": "Car",
        "extent": [
            1.6672759056091309,
            4.611005783081055,
            2.241713285446167
        ],
        "position": [
            27.719393762511796,
            -4.231923612489353,
            -2.13087854686357
        ],
        "yaw": 0.6466626506225337,
        "num_points": 21,
        "distance": 28.12142619791191,
        "speed": 9.696517487432041,
        "brake": 0.0,
        "id": 2477,
        "ego_matrix": [
            [
                -0.998984694480896,
                -0.03936297446489334,
                0.02191125601530075,
                340.3541259765625
            ],
            [
                0.039425235241651535,
                -0.9992195963859558,
                0.00241669500246644,
                17.793439865112305
            ],
            [
                0.021799027919769287,
                0.003278097603470087,
                0.9997569918632507,
                0.5023316740989685
            ],
            [
                0.0,
                0.0,
                0.0,
                1.0
            ]
        ]
    },
    {
        "class": "Car",
        "extent": [
            1.8548461198806763,
            4.6045098304748535,
            1.9315931797027588
        ],
        "position": [
            17.901454050463478,
            6.122333648955488,
            -2.3569994470032714
        ],
        "yaw": 0.4199323006897653,
        "num_points": 33,
        "distance": 19.065688364786663,
        "speed": 9.385307895830264,
        "brake": 0.0,
        "id": 2544,
        "ego_matrix": [
            [
                -0.9646836519241333,
                -0.26278653740882874,
                0.01812761090695858,
                354.509521484375
            ],
            [
                0.26301589608192444,
                -0.9647210240364075,
                0.011663833633065224,
                19.58509635925293
            ],
            [
                0.014422988519072533,
                0.016019759699702263,
                0.9997676610946655,
                0.24065719544887543
            ],
            [
                0.0,
                0.0,
                0.0,
                1.0
            ]
        ]
    },
    {
        "class": "Car",
        "extent": [
            1.300939917564392,
            4.717525005340576,
            1.894826889038086
        ],
        "position": [
            -31.322102838450164,
            -3.41481907445435,
            -2.4647073399285575
        ],
        "yaw": -0.7074490361874828,
        "num_points": 4,
        "distance": 31.603953831842034,
        "speed": 10.785755823025166,
        "brake": 0.0,
        "id": 2562,
        "ego_matrix": [
            [
                -0.17631319165229797,
                -0.9843338131904602,
                0.0007212930941022933,
                386.5521545410156
            ],
            [
                0.9843341112136841,
                -0.17631304264068604,
                0.00024170542019419372,
                -18.978313446044922
            ],
            [
                -0.00011074542271671817,
                0.000752609281335026,
                0.9999997019767761,
                -0.00534475315362215
            ],
            [
                0.0,
                0.0,
                0.0,
                1.0
            ]
        ]
    },
    {
        "class": "Car",
        "extent": [
            1.1454535722732544,
            2.0333523750305176,
            0.8025798797607422
        ],
        "position": [
            -5.231614573806267,
            10.86828014412523,
            -2.5143422837866987
        ],
        "yaw": -0.05965427578555671,
        "num_points": 25,
        "distance": 12.321169646591454,
        "speed": 8.8976308506263,
        "brake": 0.0,
        "id": 2575,
        "ego_matrix": [
            [
                -0.7345712184906006,
                -0.6782330870628357,
                -0.020123114809393883,
                375.4141845703125
            ],
            [
                0.6785315871238708,
                -0.7342516779899597,
                -0.021664254367351532,
                8.60190200805664
            ],
            [
                -8.201598393497989e-05,
                -0.029568107798695564,
                0.9995627403259277,
                0.01232090126723051
            ],
            [
                0.0,
                0.0,
                0.0,
                1.0
            ]
        ]
    },
    {
        "class": "Car",
        "extent": [
            1.8779358863830566,
            3.866220712661743,
            1.9051965475082397
        ],
        "position": [
            -13.08981422563003,
            -1.1320724972286296,
            -2.498416521316429
        ],
        "yaw": -0.30041735413417037,
        "num_points": 41,
        "distance": 13.374113417885862,
        "speed": 2.5691212547375337,
        "brake": 0.0,
        "id": 2600,
        "ego_matrix": [
            [
                -0.5515916347503662,
                -0.834114134311676,
                0.0004494496388360858,
                373.89166259765625
            ],
            [
                0.8341140151023865,
                -0.5515918135643005,
                -0.0004981174715794623,
                -5.66140604019165
            ],
            [
                0.0006633995799347758,
                0.00010013483552029356,
                0.9999997615814209,
                0.012982978485524654
            ],
            [
                0.0,
                0.0,
                0.0,
                1.0
            ]
        ]
    },
    {
        "class": "Car",
        "extent": [
            1.3787471055984497,
            2.2072951793670654,
            1.4809197187423706
        ],
        "position": [
            33.0090494360175,
            -13.37132496340894,
            -2.0037561879966406
        ],
        "yaw": -5.5901338524772894,
        "num_points": 4,
        "distance": 35.6707823688725,
        "speed": 12.238853625595217,
        "brake": 0.0,
        "id": 2646,
        "ego_matrix": [
            [
                -0.9994091391563416,
                0.007035032846033573,
                0.03364299237728119,
                330.4717102050781
            ],
            [
                -0.006939861923456192,
                -0.9999715685844421,
                0.0029447758570313454,
                14.073081970214844
            ],
            [
                0.03366275131702423,
                0.002709557767957449,
                0.9994295239448547,
                0.6509250998497009
            ],
            [
                0.0,
                0.0,
                0.0,
                1.0
            ]
        ]
    },
    {
        "class": "Car",
        "extent": [
            1.6493593454360962,
            4.855708599090576,
            2.0327565670013428
        ],
        "position": [
            -39.249676861491096,
            -16.864311600289717,
            -2.4542281304498528
        ],
        "yaw": -0.8769280805862727,
        "num_points": 0,
        "distance": 42.789781200649145,
        "speed": 8.9703190289865,
        "brake": 0.0,
        "id": 2650,
        "ego_matrix": [
            [
                -0.007760608568787575,
                -0.9999698996543884,
                -1.991888348129578e-05,
                384.16522216796875
            ],
            [
                0.9999697208404541,
                -0.007760596461594105,
                -0.0005585476756095886,
                -34.40679168701172
            ],
            [
                0.0005583762540481985,
                -2.4252949515357614e-05,
                0.9999998211860657,
                -0.009390419349074364
            ],
            [
                0.0,
                0.0,
                0.0,
                1.0
            ]
        ]
    }
]