[
    {
        "class": "Car",
        "extent": [
            1.5107464790344238,
            4.901683330535889,
            2.128324270248413
        ],
        "position": [
            -1.3,
            0.0,
            -2.5
        ],
        "yaw": 0,
        "num_points": -1,
        "distance": -1,
        "speed": 2.860601352502919,
        "brake": 0.0,
        "id": 2402,
        "ego_matrix": [
            [
                -0.797400712966919,
                -0.6034301519393921,
                0.004911446012556553,
                364.31146240234375
            ],
            [
                0.6034119129180908,
                -0.7974154353141785,
                -0.004765148274600506,
                3.5433502197265625
            ],
            [
                0.006791896652430296,
                -0.0008361073560081422,
                0.9999765753746033,
                0.05377483367919922
            ],
            [
                0.0,
                0.0,
                0.0,
                1.0
            ]
        ]
    },
    {
        "class": "Car",
        "extent": [
            1.8779358863830566,
            3.866220712661743,
            1.9051965475082397
        ],
        "position": [
            12.12726059317048,
            4.647099406037562,
            -2.438302670445479
        ],
        "yaw": 0.3222797761548488,
        "num_points": 39,
        "distance": 13.214056996129608,
        "speed": 9.076656601315193,
        "brake": 0.0,
        "id": 2432,
        "ego_matrix": [
            [
                -0.9473946690559387,
                -0.3196965456008911,
                0.015409034676849842,
                356.4090576171875
            ],
            [
                0.3197610676288605,
                -0.9474964737892151,
                0.0018586553633213043,
                15.3508939743042
            ],
            [
                0.014005797915160656,
                0.006688089109957218,
                0.9998795390129089,
                0.21055276691913605
            ],
            [
                0.0,
                0.0,
                0.0,
                1.0
            ]
        ]
    },
    {
        "class": "Car",
        "extent": [
            1.4738311767578125,
            4.1928300857543945,
            1.8161858320236206
        ],
        "position": [
            9.75714061217831,
            1.607407019292988,
            -2.438066060741514
        ],
        "yaw": 0.28067933571504833,
        "num_points": 95,
        "distance": 10.184778660728535,
        "speed": 9.688085948577621,
        "brake": 0.0,
        "id": 2444,
        "ego_matrix": [
            [
                -0.9332892298698425,
                -0.35877519845962524,
                0.015861965715885162,
                356.4647521972656
            ],
            [
                0.35888996720314026,
                -0.9333664774894714,
                0.005005157086998224,
                11.49683666229248
            ],
            [
                0.013009299524128437,
                0.010363958775997162,
                0.9998616576194763,
                0.19215025007724762
            ],
            [
                0.0,
                0.0,
                0.0,
                1.0
            ]
        ]
    },
    {
        "class": "Car",
        "extent": [
            1.6672759056091309,
            4.611005783081055,
            2.241713285446167
        ],
        "position": [
            30.443221913806735,
            -6.056452846214537,
            -2.1562167480614374
        ],
        "yaw": 0.642986955686006,
        "num_points": 8,
        "distance": 31.11462119705659,
        "speed": 10.314949279419436,
        "brake": 0.0,
        "id": 2477,
        "ego_matrix": [
            [
                -0.9997016787528992,
                -0.00475948303937912,
                0.02395389787852764,
                335.346435546875
            ],
            [
                0.0048019359819591045,
                -0.999987006187439,
                0.0017150845378637314,
                17.86644172668457
            ],
            [
                0.02394542470574379,
                0.0018295980989933014,
                0.9997115731239319,
                0.6080828905105591
            ],
            [
                0.0,
                0.0,
                0.0,
                1.0
            ]
        ]
    },
    {
        "class": "Car",
        "extent": [
            1.8548461198806763,
            4.6045098304748535,
            1.9315931797027588
        ],
        "position": [
            20.431928989871246,
            4.853923712187249,
            -2.4010535261607124
        ],
        "yaw": 0.4776890741986408,
        "num_points": 9,
        "distance": 21.13739235777118,
        "speed": 9.395912965476331,
        "brake": 0.0,
        "id": 2544,
        "ego_matrix": [
            [
                -0.9854623079299927,
                -0.1690528690814972,
                0.016889793798327446,
                349.9118957519531
            ],
            [
                0.16926386952400208,
                -0.9854983687400818,
                0.011950071901082993,
                20.526777267456055
            ],
            [
                0.014624669216573238,
                0.014635175466537476,
                0.9997859597206116,
                0.3043784201145172
            ],
            [
                0.0,
                0.0,
                0.0,
                1.0
            ]
        ]
    },
    {
        "class": "Car",
        "extent": [
            1.300939917564392,
            4.717525005340576,
            1.894826889038086
        ],
        "position": [
            -28.518928593256817,
            -1.2298459144852332,
            -2.3732410401560045
        ],
        "yaw": -0.635540890436199,
        "num_points": 2,
        "distance": 28.643918763244287,
        "speed": 10.364271394818946,
        "brake": 0.0,
        "id": 2562,
        "ego_matrix": [
            [
                -0.2835223078727722,
                -0.9589653611183167,
                0.0007201995467767119,
                385.27435302734375
            ],
            [
                0.9589656591415405,
                -0.2835221588611603,
                0.0002824194962158799,
                -13.862177848815918
            ],
            [
                -6.663799285888672e-05,
                0.000770718848798424,
                0.9999997019767761,
                -0.00536561943590641
            ],
            [
                0.0,
                0.0,
                0.0,
                1.0
            ]
        ]
    },
    {
        "class": "Car",
        "extent": [
            1.1454535722732544,
            2.0333523750305176,
            0.8025798797607422
        ],
        "position": [
            -2.6443290759306595,
            10.937639467551827,
            -2.5397985448814233
        ],
        "yaw": -0.006988667332585852,
        "num_points": 35,
        "distance": 11.535814233617907,
        "speed": 8.897500368232787,
        "brake": 0.0,
        "id": 2575,
        "ego_matrix": [
            [
                -0.7931826114654541,
                -0.608718991279602,
                -0.017958976328372955,
                371.98333740234375
            ],
            [
                0.6089838743209839,
                -0.7928416132926941,
                -0.023253649473190308,
                11.454197883605957
            ],
            [
                -8.368492126464844e-05,
                -0.02938111685216427,
                0.9995682239532471,
                0.013991719111800194
            ],
            [
                0.0,
                0.0,
                0.0,
                1.0
            ]
        ]
    },
    {
        "class": "Car",
        "extent": [
            1.8779358863830566,
            3.866220712661743,
            1.9051965475082397
        ],
        "position": [
            -13.05897923456087,
            -1.1237162778081236,
            -2.4601228497069996
        ],
        "yaw": -0.3001937817606586,
        "num_points": 51,
        "distance": 13.336111928045348,
        "speed": 3.5147192695043135,
        "brake": 0.0,
        "id": 2600,
        "ego_matrix": [
            [
                -0.583318293094635,
                -0.8122405409812927,
                0.002258744789287448,
                373.01019287109375
            ],
            [
                0.8122366070747375,
                -0.5833225250244141,
                -0.0025534797459840775,
                -4.448416709899902
            ],
            [
                0.0033916167449206114,
                0.00034514383878558874,
                0.9999942183494568,
                0.012845725752413273
            ],
            [
                0.0,
                0.0,
                0.0,
                1.0
            ]
        ]
    },
    {
        "class": "Car",
        "extent": [
            1.3787471055984497,
            2.2072951793670654,
            1.4809197187423706
        ],
        "position": [
            36.98449283795341,
            -15.859090667022677,
            -1.9892629143666163
        ],
        "yaw": -5.618023540677036,
        "num_points": 2,
        "distance": 40.29045338796707,
        "speed": 12.741685241463236,
        "brake": 0.0,
        "id": 2646,
        "ego_matrix": [
            [
                -0.9992068409919739,
                0.017416179180145264,
                0.035811539739370346,
                324.2160339355469
            ],
            [
                -0.017359534278512,
                -0.9998475313186646,
                0.0018921513110399246,
                13.995952606201172
            ],
            [
                0.035839032381772995,
                0.0012689788127318025,
                0.999356746673584,
                0.8112643957138062
            ],
            [
                0.0,
                0.0,
                0.0,
                1.0
            ]
        ]
    },
    {
        "class": "Car",
        "extent": [
            1.6493593454360962,
            4.855708599090576,
            2.0327565670013428
        ],
        "position": [
            -37.28893694518698,
            -14.725150276948838,
            -2.3061649056657485
        ],
        "yaw": -0.9119503799755231,
        "num_points": 5,
        "distance": 40.15735630931127,
        "speed": 8.861819540342129,
        "brake": 0.0,
        "id": 2650,
        "ego_matrix": [
            [
                -0.011055524460971355,
                -0.9999386668205261,
                0.000679720367770642,
                384.1244201660156
            ],
            [
                0.9999387264251709,
                -0.01105510164052248,
                0.0006226724362932146,
                -29.915788650512695
            ],
            [
                -0.0006151198758743703,
                0.0006865626783110201,
                0.9999995827674866,
                -0.009139575995504856
            ],
            [
                0.0,
                0.0,
                0.0,
                1.0
            ]
        ]
    }
]