[
    {
        "class": "Car",
        "extent": [
            1.5107464790344238,
            4.901683330535889,
            2.128324270248413
        ],
        "position": [
            -1.3,
            0.0,
            -2.5
        ],
        "yaw": 0,
        "num_points": -1,
        "distance": -1,
        "speed": 2.857955853495829,
        "brake": 0.0,
        "id": 2402,
        "ego_matrix": [
            [
                -0.8202749490737915,
                -0.5719066858291626,
                0.008466798812150955,
                363.05621337890625
            ],
            [
                0.5718691349029541,
                -0.8203184604644775,
                -0.006581224035471678,
                4.391066074371338
            ],
            [
                0.010709318332374096,
                -0.0005565125029534101,
                0.9999424815177917,
                0.06548358500003815
            ],
            [
                0.0,
                0.0,
                0.0,
                1.0
            ]
        ]
    },
    {
        "class": "Car",
        "extent": [
            1.8779358863830566,
            3.866220712661743,
            1.9051965475082397
        ],
        "position": [
            14.701116433396539,
            3.653328843506871,
            -2.4672835511121747
        ],
        "yaw": 0.3839460701439603,
        "num_points": 43,
        "distance": 15.34787034570822,
        "speed": 9.112984580265922,
        "brake": 0.0,
        "id": 2432,
        "ego_matrix": [
            [
                -0.974723219871521,
                -0.22290843725204468,
                0.015050464309751987,
                352.0205383300781
            ],
            [
                0.22296351194381714,
                -0.9748245477676392,
                0.002064304891973734,
                16.538288116455078
            ],
            [
                0.014211413450539112,
                0.005367830861359835,
                0.9998846054077148,
                0.27159231901168823
            ],
            [
                0.0,
                0.0,
                0.0,
                1.0
            ]
        ]
    },
    {
        "class": "Car",
        "extent": [
            1.4738311767578125,
            4.1928300857543945,
            1.8161858320236206
        ],
        "position": [
            12.762219858310404,
            0.5346845238557151,
            -2.460117563845299
        ],
        "yaw": 0.3589246064382299,
        "num_points": 41,
        "distance": 13.00816365517606,
        "speed": 9.671604255049695,
        "brake": 0.0,
        "id": 2444,
        "ego_matrix": [
            [
                -0.9688487648963928,
                -0.24718572199344635,
                0.015209048986434937,
                351.82745361328125
            ],
            [
                0.24728254973888397,
                -0.9689314365386963,
                0.004824304953217506,
                12.871164321899414
            ],
            [
                0.013544025830924511,
                0.008434953168034554,
                0.9998726844787598,
                0.2562580704689026
            ],
            [
                0.0,
                0.0,
                0.0,
                1.0
            ]
        ]
    },
    {
        "class": "Car",
        "extent": [
            1.6672759056091309,
            4.611005783081055,
            2.241713285446167
        ],
        "position": [
            33.47468315312966,
            -7.869317900020868,
            -2.2021332361176738
        ],
        "yaw": -5.659870323517668,
        "num_points": 6,
        "distance": 34.45765469679598,
        "speed": 10.91460416751155,
        "brake": 0.0,
        "id": 2477,
        "ego_matrix": [
            [
                -0.999552309513092,
                0.01451386883854866,
                0.026162834838032722,
                330.0334167480469
            ],
            [
                -0.014486949890851974,
                -0.9998943209648132,
                0.001218173187226057,
                17.82032585144043
            ],
            [
                0.026177750900387764,
                0.0008386081899516284,
                0.9996569156646729,
                0.7313669919967651
            ],
            [
                0.0,
                0.0,
                0.0,
                1.0
            ]
        ]
    },
    {
        "class": "Car",
        "extent": [
            1.8548461198806763,
            4.6045098304748535,
            1.9315931797027588
        ],
        "position": [
            22.880626169803246,
            3.4645588786307053,
            -2.464543326278001
        ],
        "yaw": 0.5213545297476889,
        "num_points": 10,
        "distance": 23.27230534246415,
        "speed": 9.624374653626226,
        "brake": 0.0,
        "id": 2544,
        "ego_matrix": [
            [
                -0.9960867762565613,
                -0.08720359206199646,
                0.014380126260221004,
                345.2031555175781
            ],
            [
                0.08734863996505737,
                -0.9961297512054443,
                0.009786237962543964,
                21.06102752685547
            ],
            [
                0.013471076264977455,
                0.011004026047885418,
                0.9998487234115601,
                0.36182430386543274
            ],
            [
                0.0,
                0.0,
                0.0,
                1.0
            ]
        ]
    },
    {
        "class": "Car",
        "extent": [
            1.300939917564392,
            4.717525005340576,
            1.894826889038086
        ],
        "position": [
            -25.760589764350048,
            0.6312244383385507,
            -2.308529628646596
        ],
        "yaw": -0.5616385696606638,
        "num_points": 11,
        "distance": 25.871523695851998,
        "speed": 10.097509417392589,
        "brake": 0.0,
        "id": 2562,
        "ego_matrix": [
            [
                -0.3897269368171692,
                -0.9209301471710205,
                0.0007694016094319522,
                383.4832458496094
            ],
            [
                0.9209303259849548,
                -0.3897272050380707,
                -0.0001972240279428661,
                -9.080644607543945
            ],
            [
                0.00048148626228794456,
                0.0006317017832770944,
                0.9999997019767761,
                -0.004661998711526394
            ],
            [
                0.0,
                0.0,
                0.0,
                1.0
            ]
        ]
    },
    {
        "class": "Car",
        "extent": [
            1.1454535722732544,
            2.0333523750305176,
            0.8025798797607422
        ],
        "position": [
            -0.12342693296763207,
            10.871002085534645,
            -2.5481374229980505
        ],
        "yaw": 0.04531768068933317,
        "num_points": 38,
        "distance": 11.166329964583868,
        "speed": 8.881951182917945,
        "brake": 0.0,
        "id": 2575,
        "ego_matrix": [
            [
                -0.8453364372253418,
                -0.5342242121696472,
                -0.003296980634331703,
                368.3078918457031
            ],
            [
                0.534119725227356,
                -0.8450111150741577,
                -0.025929108262062073,
                13.981912612915039
            ],
            [
                0.011065971106290817,
                -0.02367980219423771,
                0.9996583461761475,
                0.03599907085299492
            ],
            [
                0.0,
                0.0,
                0.0,
                1.0
            ]
        ]
    },
    {
        "class": "Car",
        "extent": [
            1.8779358863830566,
            3.866220712661743,
            1.9051965475082397
        ],
        "position": [
            -12.90733543075877,
            -1.0724252524259559,
            -2.425746484855161
        ],
        "yaw": -0.2954518902817176,
        "num_points": 47,
        "distance": 13.177012174728713,
        "speed": 2.98816702897085,
        "brake": 0.03469216823577881,
        "id": 2600,
        "ego_matrix": [
            [
                -0.6182552576065063,
                -0.7859768867492676,
                -0.0008361999061889946,
                371.9647216796875
            ],
            [
                0.7859761118888855,
                -0.6182558536529541,
                0.0010811365209519863,
                -3.1270294189453125
            ],
            [
                -0.001366733922623098,
                1.1185241419298109e-05,
                0.9999990463256836,
                0.014829368330538273
            ],
            [
                0.0,
                0.0,
                0.0,
                1.0
            ]
        ]
    },
    {
        "class": "Car",
        "extent": [
            1.3787471055984497,
            2.2072951793670654,
            1.4809197187423706
        ],
        "position": [
            41.289009549559886,
            -18.134727558776277,
            -2.0156727241215995
        ],
        "yaw": -5.651885367621285,
        "num_points": 0,
        "distance": 45.14104107954817,
        "speed": 13.08238490638995,
        "brake": 0.0,
        "id": 2646,
        "ego_matrix": [
            [
                -0.9989997744560242,
                0.02249401994049549,
                0.03864471614360809,
                317.7542419433594
            ],
            [
                -0.022458601742982864,
                -0.9997468590736389,
                0.0013503963127732277,
                13.866965293884277
            ],
            [
                0.03866530954837799,
                0.00048113931552506983,
                0.9992520809173584,
                0.9957900643348694
            ],
            [
                0.0,
                0.0,
                0.0,
                1.0
            ]
        ]
    },
    {
        "class": "Car",
        "extent": [
            1.6493593454360962,
            4.855708599090576,
            2.0327565670013428
        ],
        "position": [
            -35.62163300224152,
            -12.633645268531174,
            -2.199934512396409
        ],
        "yaw": -0.9163933316221025,
        "num_points": 7,
        "distance": 37.85960171972621,
        "speed": 8.453131082822924,
        "brake": 0.0,
        "id": 2650,
        "ego_matrix": [
            [
                -0.04556462913751602,
                -0.9989550113677979,
                0.0035765215288847685,
                383.9866638183594
            ],
            [
                0.9989609122276306,
                -0.045560792088508606,
                0.0011473862687125802,
                -25.60200309753418
            ],
            [
                -0.0009832379873842,
                0.0036250855773687363,
                0.9999929666519165,
                -0.009060235694050789
            ],
            [
                0.0,
                0.0,
                0.0,
                1.0
            ]
        ]
    }
]