[
    {
        "class": "Car",
        "extent": [
            1.5107464790344238,
            4.901683330535889,
            2.128324270248413
        ],
        "position": [
            -1.3,
            0.0,
            -2.5
        ],
        "yaw": 0,
        "num_points": -1,
        "distance": -1,
        "speed": 3.9824986336242247,
        "brake": 0.0,
        "id": 1968,
        "ego_matrix": [
            [
                -0.007423733826726675,
                -0.9999724626541138,
                -1.7951011841432774e-06,
                -275.60113525390625
            ],
            [
                0.9999724626541138,
                -0.007423733826726675,
                -3.732685945578851e-05,
                -25.04436683654785
            ],
            [
                3.7312503991415724e-05,
                -2.0721563487313688e-06,
                1.0,
                0.03339870274066925
            ],
            [
                0.0,
                0.0,
                0.0,
                1.0
            ]
        ]
    },
    {
        "class": "Car",
        "extent": [
            1.5107464790344238,
            4.901683330535889,
            2.128324270248413
        ],
        "position": [
            25.736370645408904,
            10.233433186588517,
            -2.5010264721061723
        ],
        "yaw": -3.1415239440336693,
        "num_points": 15,
        "distance": 27.808974490196725,
        "speed": 4.619861192144649,
        "brake": 0.0,
        "id": 1994,
        "ego_matrix": [
            [
                0.0074924286454916,
                0.9999719262123108,
                -6.998096068855375e-05,
                -265.5686950683594
            ],
            [
                -0.9999719262123108,
                0.007492430508136749,
                2.7252199288341217e-05,
                2.0672285556793213
            ],
            [
                2.7775762646342628e-05,
                6.977481098147109e-05,
                1.0,
                0.033402230590581894
            ],
            [
                0.0,
                0.0,
                0.0,
                1.0
            ]
        ]
    },
    {
        "class": "Car",
        "extent": [
            1.5470870733261108,
            3.705369472503662,
            1.7886788845062256
        ],
        "position": [
            23.096948790726778,
            37.555961801606095,
            -2.5424759582300966
        ],
        "yaw": 1.5608214569320045,
        "num_points": 0,
        "distance": 44.16314633586843,
        "speed": 4.89713023340521,
        "brake": 0.0,
        "id": 2050,
        "ego_matrix": [
            [
                -0.999996542930603,
                -0.0025503237266093493,
                0.0006036291015334427,
                -238.22732543945312
            ],
            [
                0.0025509882252663374,
                -0.9999961256980896,
                0.0011026094434782863,
                -0.3692837953567505
            ],
            [
                0.0006008147611282766,
                0.0011041455436497927,
                0.9999992251396179,
                -0.008089122362434864
            ],
            [
                0.0,
                0.0,
                0.0,
                1.0
            ]
        ]
    }
]