[
    {
        "class": "Car",
        "extent": [
            1.5107464790344238,
            4.901683330535889,
            2.128324270248413
        ],
        "position": [
            -1.3,
            0.0,
            -2.5
        ],
        "yaw": 0,
        "num_points": -1,
        "distance": -1,
        "speed": 4.016923992479324,
        "brake": 0.0,
        "id": 1968,
        "ego_matrix": [
            [
                -0.007487747352570295,
                -0.9999719858169556,
                -3.4281251828360837e-06,
                -275.6153564453125
            ],
            [
                0.9999719262123108,
                -0.007487745489925146,
                -0.00035396794555708766,
                -23.143293380737305
            ],
            [
                0.0003539323515724391,
                -6.07845095146331e-06,
                0.9999999403953552,
                0.03324108198285103
            ],
            [
                0.0,
                0.0,
                0.0,
                1.0
            ]
        ]
    },
    {
        "class": "Car",
        "extent": [
            1.5107464790344238,
            4.901683330535889,
            2.128324270248413
        ],
        "position": [
            21.523980902176195,
            10.24751210001621,
            -2.507979245015141
        ],
        "yaw": -3.136530650147825,
        "num_points": 16,
        "distance": 23.970465535960102,
        "speed": 4.6225791656736686,
        "brake": 0.0,
        "id": 1994,
        "ego_matrix": [
            [
                0.012549503706395626,
                0.9999212622642517,
                -5.9998677897965536e-05,
                -265.5390319824219
            ],
            [
                -0.9999212622642517,
                0.012549505569040775,
                2.7024938390241005e-05,
                -0.24322067201137543
            ],
            [
                2.7775762646342628e-05,
                5.9654801589204e-05,
                1.0,
                0.03340227156877518
            ],
            [
                0.0,
                0.0,
                0.0,
                1.0
            ]
        ]
    },
    {
        "class": "Car",
        "extent": [
            1.5470870733261108,
            3.705369472503662,
            1.7886788845062256
        ],
        "position": [
            21.21798086134536,
            35.108497477001976,
            -2.5495128064495223
        ],
        "yaw": 1.5607574079077882,
        "num_points": 0,
        "distance": 41.101208284858515,
        "speed": 4.899377119780763,
        "brake": 0.0,
        "id": 2050,
        "ego_matrix": [
            [
                -0.999996542930603,
                -0.0025503237266093493,
                0.0006036291015334427,
                -240.67645263671875
            ],
            [
                0.0025509882252663374,
                -0.9999961256980896,
                0.0011026094434782863,
                -0.3630446791648865
            ],
            [
                0.0006008147611282766,
                0.0011041455436497927,
                0.9999992251396179,
                -0.008088474161922932
            ],
            [
                0.0,
                0.0,
                0.0,
                1.0
            ]
        ]
    }
]