[
    {
        "class": "Car",
        "extent": [
            1.5107464790344238,
            4.901683330535889,
            2.128324270248413
        ],
        "position": [
            -1.3,
            0.0,
            -2.5
        ],
        "yaw": 0,
        "num_points": -1,
        "distance": -1,
        "speed": 3.678957197202039,
        "brake": 0.0,
        "id": 1968,
        "ego_matrix": [
            [
                -0.006979451514780521,
                -0.9999756217002869,
                -1.0477435353095643e-05,
                -275.6291809082031
            ],
            [
                0.9999755024909973,
                -0.006979455705732107,
                0.0004883391666226089,
                -21.155925750732422
            ],
            [
                -0.0004884004592895508,
                -7.068839295243379e-06,
                0.9999998807907104,
                0.033660467714071274
            ],
            [
                0.0,
                0.0,
                0.0,
                1.0
            ]
        ]
    },
    {
        "class": "Car",
        "extent": [
            1.5107464790344238,
            4.901683330535889,
            2.128324270248413
        ],
        "position": [
            17.229900133170904,
            10.259339039476748,
            -2.4912807841416957
        ],
        "yaw": -3.1317253754349403,
        "num_points": 24,
        "distance": 20.207176350777168,
        "speed": 4.6252648095033795,
        "brake": 0.0,
        "id": 1994,
        "ego_matrix": [
            [
                0.016845935955643654,
                0.9998580813407898,
                -4.999567681807093e-05,
                -265.4994201660156
            ],
            [
                -0.9998580813407898,
                0.016845937818288803,
                2.6937361326417886e-05,
                -2.5548698902130127
            ],
            [
                2.7775762646342628e-05,
                4.953479583491571e-05,
                1.0,
                0.03340219333767891
            ],
            [
                0.0,
                0.0,
                0.0,
                1.0
            ]
        ]
    },
    {
        "class": "Car",
        "extent": [
            1.5470870733261108,
            3.705369472503662,
            1.7886788845062256
        ],
        "position": [
            19.271786507463894,
            32.64687636418163,
            -2.531932375891188
        ],
        "yaw": 1.5612658053598845,
        "num_points": 3,
        "distance": 37.995144072414234,
        "speed": 4.901505246804871,
        "brake": 0.0,
        "id": 2050,
        "ego_matrix": [
            [
                -0.999996542930603,
                -0.0025503237266093493,
                0.0006036291015334427,
                -243.12667846679688
            ],
            [
                0.0025509882252663374,
                -0.9999961256980896,
                0.0011026094434782863,
                -0.35680046677589417
            ],
            [
                0.0006008147611282766,
                0.0011041455436497927,
                0.9999992251396179,
                -0.008088397793471813
            ],
            [
                0.0,
                0.0,
                0.0,
                1.0
            ]
        ]
    }
]