[
    {
        "class": "Car",
        "extent": [
            1.5107464790344238,
            4.901683330535889,
            2.128324270248413
        ],
        "position": [
            -1.3,
            0.0,
            -2.5
        ],
        "yaw": 0,
        "num_points": -1,
        "distance": -1,
        "speed": 4.107056859558141,
        "brake": 0.0,
        "id": 1968,
        "ego_matrix": [
            [
                -0.0070990161038935184,
                -0.99997478723526,
                -1.4620170077250805e-05,
                -275.643310546875
            ],
            [
                0.9999747276306152,
                -0.007099010515958071,
                -0.0003474883851595223,
                -19.185909271240234
            ],
            [
                0.0003473758406471461,
                -1.7086626030504704e-05,
                0.9999999403953552,
                0.03324432298541069
            ],
            [
                0.0,
                0.0,
                0.0,
                1.0
            ]
        ]
    },
    {
        "class": "Car",
        "extent": [
            1.5107464790344238,
            4.901683330535889,
            2.128324270248413
        ],
        "position": [
            12.94548753300911,
            10.29258071097204,
            -2.504966608207669
        ],
        "yaw": -3.128491232607148,
        "num_points": 51,
        "distance": 16.727155253282117,
        "speed": 4.627939253009757,
        "brake": 0.0,
        "id": 1994,
        "ego_matrix": [
            [
                0.02019907347857952,
                0.9997959733009338,
                -3.411002762732096e-05,
                -265.4521179199219
            ],
            [
                -0.9997959733009338,
                0.02019907534122467,
                2.7092299205833115e-05,
                -4.867712497711182
            ],
            [
                2.7775762646342628e-05,
                3.355582884978503e-05,
                1.0,
                0.03340211883187294
            ],
            [
                0.0,
                0.0,
                0.0,
                1.0
            ]
        ]
    },
    {
        "class": "Car",
        "extent": [
            1.5470870733261108,
            3.705369472503662,
            1.7886788845062256
        ],
        "position": [
            17.321431595416886,
            30.198322308932116,
            -2.5483173467337763
        ],
        "yaw": 1.5611462294269396,
        "num_points": 3,
        "distance": 34.90651205847582,
        "speed": 4.903599997604033,
        "brake": 0.0,
        "id": 2050,
        "ego_matrix": [
            [
                -0.999996542930603,
                -0.0025503237266093493,
                0.0006036291015334427,
                -245.57794189453125
            ],
            [
                0.0025509882252663374,
                -0.9999961256980896,
                0.0011026094434782863,
                -0.3505527675151825
            ],
            [
                0.0006008147611282766,
                0.0011041455436497927,
                0.9999992251396179,
                -0.008088397793471813
            ],
            [
                0.0,
                0.0,
                0.0,
                1.0
            ]
        ]
    }
]