[
    {
        "class": "Car",
        "extent": [
            1.5107464790344238,
            4.901683330535889,
            2.128324270248413
        ],
        "position": [
            -1.3,
            0.0,
            -2.5
        ],
        "yaw": 0,
        "num_points": -1,
        "distance": -1,
        "speed": 3.87879143216798,
        "brake": 0.0,
        "id": 1968,
        "ego_matrix": [
            [
                -0.007257799152284861,
                -0.9999736547470093,
                1.0178921911574434e-05,
                -275.6571350097656
            ],
            [
                0.9999736547470093,
                -0.007257800083607435,
                -8.146742766257375e-05,
                -17.274166107177734
            ],
            [
                8.153915405273438e-05,
                9.58738019107841e-06,
                1.0,
                0.03337673097848892
            ],
            [
                0.0,
                0.0,
                0.0,
                1.0
            ]
        ]
    },
    {
        "class": "Car",
        "extent": [
            1.6355280876159668,
            5.0267767906188965,
            2.1515462398529053
        ],
        "position": [
            11.488561647169256,
            46.9248772424096,
            -2.405116857453321
        ],
        "yaw": 1.5490092722330673,
        "num_points": 0,
        "distance": 48.37060822476832,
        "speed": 4.744999939567976,
        "brake": 0.0,
        "id": 1969,
        "ego_matrix": [
            [
                -0.999869167804718,
                -0.01452744472771883,
                0.007108511868864298,
                -228.82630920410156
            ],
            [
                0.014528262428939342,
                -0.9998944401741028,
                6.344365829136223e-05,
                -4.1453776359558105
            ],
            [
                0.007106840144842863,
                0.00016670968034304678,
                0.9999747276306152,
                0.1288527548313141
            ],
            [
                0.0,
                0.0,
                0.0,
                1.0
            ]
        ]
    },
    {
        "class": "Car",
        "extent": [
            1.5107464790344238,
            4.901683330535889,
            2.128324270248413
        ],
        "position": [
            8.717672089008351,
            10.330210933895168,
            -2.5006924050507693
        ],
        "yaw": -3.1264692275495056,
        "num_points": 95,
        "distance": 13.746436887241767,
        "speed": 4.6306081764082645,
        "brake": 0.0,
        "id": 1994,
        "ego_matrix": [
            [
                0.02237951196730137,
                0.9997495412826538,
                -1.766156856319867e-05,
                -265.39990234375
            ],
            [
                -0.9997495412826538,
                0.02237951196730137,
                2.7387364752939902e-05,
                -7.181783199310303
            ],
            [
                2.7775762646342628e-05,
                1.7044229025486857e-05,
                1.0,
                0.03340211883187294
            ],
            [
                0.0,
                0.0,
                0.0,
                1.0
            ]
        ]
    },
    {
        "class": "Car",
        "extent": [
            1.5470870733261108,
            3.705369472503662,
            1.7886788845062256
        ],
        "position": [
            15.42890546000731,
            27.748977190926055,
            -2.5425631499562904
        ],
        "yaw": 1.5609873718679166,
        "num_points": 11,
        "distance": 31.851553905702836,
        "speed": 4.90568522415985,
        "brake": 0.0,
        "id": 2050,
        "ego_matrix": [
            [
                -0.999996542930603,
                -0.0025503237266093493,
                0.0006036291015334427,
                -248.03030395507812
            ],
            [
                0.0025509882252663374,
                -0.9999961256980896,
                0.0011026094434782863,
                -0.3443012535572052
            ],
            [
                0.0006008147611282766,
                0.0011041455436497927,
                0.9999992251396179,
                -0.008088397793471813
            ],
            [
                0.0,
                0.0,
                0.0,
                1.0
            ]
        ]
    }
]