[
    {
        "class": "Car",
        "extent": [
            1.5107464790344238,
            4.901683330535889,
            2.128324270248413
        ],
        "position": [
            -1.3,
            0.0,
            -2.5
        ],
        "yaw": 0,
        "num_points": -1,
        "distance": -1,
        "speed": 3.7324304499058614,
        "brake": 0.0,
        "id": 1968,
        "ego_matrix": [
            [
                -0.007751072756946087,
                -0.9999699592590332,
                7.973127139848657e-06,
                -275.6727600097656
            ],
            [
                0.9999698996543884,
                -0.007751068565994501,
                0.00041444573435001075,
                -15.273865699768066
            ],
            [
                -0.0004143714904785156,
                1.1185285984538496e-05,
                0.9999999403953552,
                0.03362365812063217
            ],
            [
                0.0,
                0.0,
                0.0,
                1.0
            ]
        ]
    },
    {
        "class": "Car",
        "extent": [
            1.6355280876159668,
            5.0267767906188965,
            2.1515462398529053
        ],
        "position": [
            9.528140919430633,
            44.55894601526079,
            -2.3997856149144283
        ],
        "yaw": 1.5447897598019456,
        "num_points": 0,
        "distance": 45.62942154322147,
        "speed": 4.747420855608499,
        "brake": 0.0,
        "id": 1969,
        "ego_matrix": [
            [
                -0.9998080730438232,
                -0.018252871930599213,
                0.0071095060557127,
                -231.19908142089844
            ],
            [
                0.018253909423947334,
                -0.999833345413208,
                8.115627861116081e-05,
                -4.100630283355713
            ],
            [
                0.007106840144842863,
                0.00021091701637487859,
                0.9999747276306152,
                0.1288527548313141
            ],
            [
                0.0,
                0.0,
                0.0,
                1.0
            ]
        ]
    },
    {
        "class": "Car",
        "extent": [
            1.5107464790344238,
            4.901683330535889,
            2.128324270248413
        ],
        "position": [
            4.396509803114827,
            10.371797146630156,
            -2.4977450936760808
        ],
        "yaw": -3.125959631674919,
        "num_points": 156,
        "distance": 11.538726318476971,
        "speed": 4.633263796700338,
        "brake": 0.0,
        "id": 1994,
        "ego_matrix": [
            [
                0.0233820378780365,
                0.9997265934944153,
                -4.909347353532212e-06,
                -265.3454284667969
            ],
            [
                -0.9997265934944153,
                0.0233820378780365,
                2.7668536858982407e-05,
                -9.4971342086792
            ],
            [
                2.7775762646342628e-05,
                4.261058620613767e-06,
                1.0,
                0.033402081578969955
            ],
            [
                0.0,
                0.0,
                0.0,
                1.0
            ]
        ]
    },
    {
        "class": "Car",
        "extent": [
            1.5470870733261108,
            3.705369472503662,
            1.7886788845062256
        ],
        "position": [
            13.440144145471432,
            25.304083978767824,
            -2.5353210931980414
        ],
        "yaw": 1.5604941544340338,
        "num_points": 4,
        "distance": 28.76390087768346,
        "speed": 4.907763749944335,
        "brake": 0.0,
        "id": 2050,
        "ego_matrix": [
            [
                -0.999996542930603,
                -0.0025503237266093493,
                0.0006036291015334427,
                -250.4836883544922
            ],
            [
                0.0025509882252663374,
                -0.9999961256980896,
                0.0011026094434782863,
                -0.33804693818092346
            ],
            [
                0.0006008147611282766,
                0.0011041455436497927,
                0.9999992251396179,
                -0.008088359609246254
            ],
            [
                0.0,
                0.0,
                0.0,
                1.0
            ]
        ]
    }
]