[
    {
        "class": "Car",
        "extent": [
            1.5107464790344238,
            4.901683330535889,
            2.128324270248413
        ],
        "position": [
            -1.3,
            0.0,
            -2.5
        ],
        "yaw": 0,
        "num_points": -1,
        "distance": -1,
        "speed": 4.156886010839365,
        "brake": 0.0,
        "id": 1968,
        "ego_matrix": [
            [
                -0.008777428418397903,
                -0.9999614953994751,
                4.112394162802957e-05,
                -275.6896667480469
            ],
            [
                0.9999613165855408,
                -0.008777450770139694,
                -0.000558632833417505,
                -13.348855972290039
            ],
            [
                0.0005589723004959524,
                3.621898576966487e-05,
                0.9999998211860657,
                0.03313896059989929
            ],
            [
                0.0,
                0.0,
                0.0,
                1.0
            ]
        ]
    },
    {
        "class": "Car",
        "extent": [
            1.6355280876159668,
            5.0267767906188965,
            2.1515462398529053
        ],
        "position": [
            7.626041909187772,
            42.19666946127047,
            -2.407747476325171
        ],
        "yaw": 1.542201966170716,
        "num_points": 5,
        "distance": 42.94779012631679,
        "speed": 4.74982124523931,
        "brake": 0.0,
        "id": 1969,
        "ego_matrix": [
            [
                -0.9997783899307251,
                -0.01981383003294468,
                0.007110078353434801,
                -233.57296752929688
            ],
            [
                0.01981499046087265,
                -0.9998037219047546,
                9.29540692595765e-05,
                -4.052831649780273
            ],
            [
                0.007106840144842863,
                0.00023381960636470467,
                0.9999747276306152,
                0.12885256111621857
            ],
            [
                0.0,
                0.0,
                0.0,
                1.0
            ]
        ]
    },
    {
        "class": "Car",
        "extent": [
            1.5107464790344238,
            4.901683330535889,
            2.128324270248413
        ],
        "position": [
            0.14371795682479327,
            10.412243367562327,
            -2.500166756424907
        ],
        "yaw": -3.1267495252542368,
        "num_points": 219,
        "distance": 10.709168997004006,
        "speed": 4.63590705243002,
        "brake": 0.0,
        "id": 1994,
        "ego_matrix": [
            [
                0.023618483915925026,
                0.9997210502624512,
                8.283862484859128e-07,
                -265.2904968261719
            ],
            [
                -0.9997210502624512,
                0.023618483915925026,
                2.7803083867183886e-05,
                -11.813800811767578
            ],
            [
                2.7775762646342628e-05,
                -1.4848218370389077e-06,
                1.0,
                0.033402081578969955
            ],
            [
                0.0,
                0.0,
                0.0,
                1.0
            ]
        ]
    },
    {
        "class": "Car",
        "extent": [
            1.5470870733261108,
            3.705369472503662,
            1.7886788845062256
        ],
        "position": [
            11.509885864641774,
            23.478426103401375,
            -2.537705941527926
        ],
        "yaw": 1.5594520594994858,
        "num_points": 7,
        "distance": 26.27078065752188,
        "speed": 0.8606973779869184,
        "brake": 1.0,
        "id": 2050,
        "ego_matrix": [
            [
                -0.9998196363449097,
                -0.002588582457974553,
                -0.018814686685800552,
                -252.3245849609375
            ],
            [
                0.002566269598901272,
                -0.9999960064888,
                0.0012099666055291891,
                -0.33336374163627625
            ],
            [
                -0.01881774328649044,
                0.0011614648392423987,
                0.9998222589492798,
                0.0017430305015295744
            ],
            [
                0.0,
                0.0,
                0.0,
                1.0
            ]
        ]
    }
]