[
    {
        "class": "Car",
        "extent": [
            1.5107464790344238,
            4.901683330535889,
            2.128324270248413
        ],
        "position": [
            -1.3,
            0.0,
            -2.5
        ],
        "yaw": 0,
        "num_points": -1,
        "distance": -1,
        "speed": 3.747002119271243,
        "brake": 0.0,
        "id": 1968,
        "ego_matrix": [
            [
                -0.011036453768610954,
                -0.9999390840530396,
                4.4791115215048194e-05,
                -275.71148681640625
            ],
            [
                0.9999390840530396,
                -0.011036442592740059,
                0.00023701997997704893,
                -11.410507202148438
            ],
            [
                -0.00023651121591683477,
                4.740424992633052e-05,
                1.0,
                0.033535078167915344
            ],
            [
                0.0,
                0.0,
                0.0,
                1.0
            ]
        ]
    },
    {
        "class": "Car",
        "extent": [
            1.6355280876159668,
            5.0267767906188965,
            2.1515462398529053
        ],
        "position": [
            5.6665392050994745,
            39.842720079361904,
            -2.4011460879822764
        ],
        "yaw": 1.5396083135850878,
        "num_points": 1,
        "distance": 40.31522680602393,
        "speed": 4.752216229994416,
        "brake": 0.0,
        "id": 1969,
        "ego_matrix": [
            [
                -0.9997717142105103,
                -0.020148199051618576,
                0.007110291626304388,
                -235.9480743408203
            ],
            [
                0.020149417221546173,
                -0.9997970461845398,
                9.96286835288629e-05,
                -4.004647254943848
            ],
            [
                0.007106840144842863,
                0.00024287414271384478,
                0.9999747276306152,
                0.12885260581970215
            ],
            [
                0.0,
                0.0,
                0.0,
                1.0
            ]
        ]
    },
    {
        "class": "Car",
        "extent": [
            1.5107464790344238,
            4.901683330535889,
            2.128324270248413
        ],
        "position": [
            -4.136735193189698,
            10.445341750477706,
            -2.500308725454992
        ],
        "yaw": -3.1289911079437562,
        "num_points": 156,
        "distance": 11.509530227834377,
        "speed": 4.638550471134574,
        "brake": 0.0,
        "id": 1994,
        "ego_matrix": [
            [
                0.023636003956198692,
                0.9997206330299377,
                -5.025918881074176e-08,
                -265.2354736328125
            ],
            [
                -0.9997206330299377,
                0.023636003956198692,
                2.7782336474047042e-05,
                -14.131790161132812
            ],
            [
                2.7775762646342628e-05,
                -6.064182684895059e-07,
                1.0,
                0.03340211883187294
            ],
            [
                0.0,
                0.0,
                0.0,
                1.0
            ]
        ]
    },
    {
        "class": "Car",
        "extent": [
            1.5470870733261108,
            3.705369472503662,
            1.7886788845062256
        ],
        "position": [
            9.518706867323285,
            23.482342971847803,
            -2.537382341042526
        ],
        "yaw": 1.5571729262385963,
        "num_points": 9,
        "distance": 25.464966542647407,
        "speed": -0.0019991661598932962,
        "brake": 1.0,
        "id": 2050,
        "ego_matrix": [
            [
                -0.999996542930603,
                -0.002587305149063468,
                -0.0004999652155674994,
                -252.3499755859375
            ],
            [
                0.0025867510121315718,
                -0.9999960660934448,
                0.001105975708924234,
                -0.33330702781677246
            ],
            [
                -0.0005028247251175344,
                0.0011046786094084382,
                0.9999992847442627,
                -0.00751916877925396
            ],
            [
                0.0,
                0.0,
                0.0,
                1.0
            ]
        ]
    }
]