[
    {
        "class": "Car",
        "extent": [
            1.5107464790344238,
            4.901683330535889,
            2.128324270248413
        ],
        "position": [
            -1.3,
            0.0,
            -2.5
        ],
        "yaw": 0,
        "num_points": -1,
        "distance": -1,
        "speed": 3.638908218716071,
        "brake": 0.0,
        "id": 1968,
        "ego_matrix": [
            [
                -0.014176174998283386,
                -0.9998995065689087,
                4.465798701858148e-05,
                -275.7398681640625
            ],
            [
                0.9998994469642639,
                -0.014176157303154469,
                0.0003819027333520353,
                -9.471558570861816
            ],
            [
                -0.000381231278879568,
                5.006741776014678e-05,
                0.9999999403953552,
                0.03360702469944954
            ],
            [
                0.0,
                0.0,
                0.0,
                1.0
            ]
        ]
    },
    {
        "class": "Car",
        "extent": [
            1.6355280876159668,
            5.0267767906188965,
            2.1515462398529053
        ],
        "position": [
            3.683424846484212,
            37.48987487119864,
            -2.4009774771022148
        ],
        "yaw": 1.5366616589969693,
        "num_points": 6,
        "distance": 37.746828069433604,
        "speed": 4.754604901557247,
        "brake": 0.0,
        "id": 1969,
        "ego_matrix": [
            [
                -0.9997755885124207,
                -0.01995489001274109,
                0.007110250648111105,
                -238.32440185546875
            ],
            [
                0.019956102594733238,
                -0.9998009204864502,
                9.993843559641391e-05,
                -3.95713472366333
            ],
            [
                0.007106840144842863,
                0.00024180889886338264,
                0.9999747276306152,
                0.12885268032550812
            ],
            [
                0.0,
                0.0,
                0.0,
                1.0
            ]
        ]
    },
    {
        "class": "Car",
        "extent": [
            1.5107464790344238,
            4.901683330535889,
            2.128324270248413
        ],
        "position": [
            -8.428531281083396,
            10.458619974582572,
            -2.502398814533184
        ],
        "yaw": -3.1324219252180505,
        "num_points": 81,
        "distance": 13.663267221126722,
        "speed": 4.6411821041362495,
        "brake": 0.0,
        "id": 1994,
        "ego_matrix": [
            [
                0.023345332592725754,
                0.9997274875640869,
                9.052636414708104e-06,
                -265.1812438964844
            ],
            [
                -0.9997274875640869,
                0.023345332592725754,
                2.7994730771752074e-05,
                -16.45111083984375
            ],
            [
                2.7775762646342628e-05,
                -9.703715477371588e-06,
                1.0,
                0.03340219333767891
            ],
            [
                0.0,
                0.0,
                0.0,
                1.0
            ]
        ]
    },
    {
        "class": "Car",
        "extent": [
            1.5470870733261108,
            3.705369472503662,
            1.7886788845062256
        ],
        "position": [
            7.5057752969988,
            23.516723260907057,
            -2.5371122153646275
        ],
        "yaw": 1.5540323935231204,
        "num_points": 15,
        "distance": 24.815516801639994,
        "speed": 8.472934558508873e-06,
        "brake": 1.0,
        "id": 2050,
        "ego_matrix": [
            [
                -0.999996542930603,
                -0.0025866690557450056,
                0.0005084171425551176,
                -252.350341796875
            ],
            [
                0.002587227849289775,
                -0.9999960660934448,
                0.0011012365575879812,
                -0.3333062529563904
            ],
            [
                0.0005055665969848633,
                0.0011025482090190053,
                0.9999992847442627,
                -0.008039645850658417
            ],
            [
                0.0,
                0.0,
                0.0,
                1.0
            ]
        ]
    }
]