[
    {
        "class": "Car",
        "extent": [
            1.5107464790344238,
            4.901683330535889,
            2.128324270248413
        ],
        "position": [
            -1.3,
            0.0,
            -2.5
        ],
        "yaw": 0,
        "num_points": -1,
        "distance": -1,
        "speed": 2.730188063891528,
        "brake": 0.0,
        "id": 1968,
        "ego_matrix": [
            [
                -0.016584627330303192,
                -0.9998624920845032,
                -7.853373972466215e-06,
                -275.7674255371094
            ],
            [
                0.9998621940612793,
                -0.01658462919294834,
                0.000794628169387579,
                -7.902135372161865
            ],
            [
                -0.0007946490659378469,
                5.326320660969941e-06,
                0.9999997019767761,
                0.033812712877988815
            ],
            [
                0.0,
                0.0,
                0.0,
                1.0
            ]
        ]
    },
    {
        "class": "Car",
        "extent": [
            1.6355280876159668,
            5.0267767906188965,
            2.1515462398529053
        ],
        "position": [
            2.10953578500218,
            35.12685419468156,
            -2.402063593074708
        ],
        "yaw": 1.5345839938725445,
        "num_points": 3,
        "distance": 35.27202767559299,
        "speed": 4.756988603285504,
        "brake": 0.0,
        "id": 1969,
        "ego_matrix": [
            [
                -0.999782145023346,
                -0.019624013453722,
                0.0071102590300142765,
                -240.7019500732422
            ],
            [
                0.01962525211274624,
                -0.9998074769973755,
                0.0001044215023284778,
                -3.910426139831543
            ],
            [
                0.007106840144842863,
                0.00024393935746047646,
                0.9999747276306152,
                0.12885260581970215
            ],
            [
                0.0,
                0.0,
                0.0,
                1.0
            ]
        ]
    },
    {
        "class": "Car",
        "extent": [
            1.5107464790344238,
            4.901683330535889,
            2.128324270248413
        ],
        "position": [
            -12.344595677900543,
            10.456329334155042,
            -2.5091314065890815
        ],
        "yaw": -3.1358366303677503,
        "num_points": 35,
        "distance": 16.371304346651296,
        "speed": 4.643810661273326,
        "brake": 0.0,
        "id": 1994,
        "ego_matrix": [
            [
                0.022339588031172752,
                0.9997504353523254,
                2.1459545678226277e-05,
                -265.1293640136719
            ],
            [
                -0.9997504353523254,
                0.022339588031172752,
                2.8262213163543493e-05,
                -18.771800994873047
            ],
            [
                2.7775762646342628e-05,
                -2.2085556338424794e-05,
                1.0,
                0.03340219333767891
            ],
            [
                0.0,
                0.0,
                0.0,
                1.0
            ]
        ]
    },
    {
        "class": "Car",
        "extent": [
            1.5470870733261108,
            3.705369472503662,
            1.7886788845062256
        ],
        "position": [
            5.879455680071528,
            23.53939015215372,
            -2.536020738180702
        ],
        "yaw": 1.5516236974751985,
        "num_points": 14,
        "distance": 24.394718465555602,
        "speed": 1.932176916036754e-07,
        "brake": 1.0,
        "id": 2050,
        "ego_matrix": [
            [
                -0.999996542930603,
                -0.002586671384051442,
                0.0005062713171355426,
                -252.350341796875
            ],
            [
                0.002587227849289775,
                -0.9999960660934448,
                0.001101242145523429,
                -0.33330631256103516
            ],
            [
                0.0005034207715652883,
                0.0011025482090190053,
                0.9999992847442627,
                -0.008038539439439774
            ],
            [
                0.0,
                0.0,
                0.0,
                1.0
            ]
        ]
    }
]