[
    {
        "class": "Car",
        "extent": [
            1.5107464790344238,
            4.901683330535889,
            2.128324270248413
        ],
        "position": [
            -1.3,
            0.0,
            -2.5
        ],
        "yaw": 0,
        "num_points": -1,
        "distance": -1,
        "speed": 3.075711992105795,
        "brake": 0.0,
        "id": 1968,
        "ego_matrix": [
            [
                -0.01795235648751259,
                -0.9998388290405273,
                1.7969816326512955e-05,
                -275.7949523925781
            ],
            [
                0.9998388290405273,
                -0.017952360212802887,
                -0.0001997427607420832,
                -6.415530204772949
            ],
            [
                0.0002000331733142957,
                1.4381067558133509e-05,
                1.0,
                0.03331764042377472
            ],
            [
                0.0,
                0.0,
                0.0,
                1.0
            ]
        ]
    },
    {
        "class": "Car",
        "extent": [
            1.6355280876159668,
            5.0267767906188965,
            2.1515462398529053
        ],
        "position": [
            0.6623128445907223,
            32.75475326125689,
            -2.4043865846244623
        ],
        "yaw": 1.533989176843075,
        "num_points": 0,
        "distance": 32.84956003294794,
        "speed": 4.759364743906134,
        "brake": 0.0,
        "id": 1969,
        "ego_matrix": [
            [
                -0.999796986579895,
                -0.01885087601840496,
                0.007110406178981066,
                -243.08070373535156
            ],
            [
                0.018852220848202705,
                -0.9998222589492798,
                0.00012216743198223412,
                -3.865527629852295
            ],
            [
                0.007106840144842863,
                0.00025618961080908775,
                0.9999746680259705,
                0.12885253131389618
            ],
            [
                0.0,
                0.0,
                0.0,
                1.0
            ]
        ]
    },
    {
        "class": "Car",
        "extent": [
            1.5107464790344238,
            4.901683330535889,
            2.128324270248413
        ],
        "position": [
            -16.16832993491986,
            10.447957783644098,
            -2.4967911468229484
        ],
        "yaw": -3.1390543947548384,
        "num_points": 23,
        "distance": 19.411560492760195,
        "speed": 4.646426448629812,
        "brake": 0.0,
        "id": 1994,
        "ego_matrix": [
            [
                0.020490122959017754,
                0.9997900724411011,
                3.302752156741917e-05,
                -265.0817565917969
            ],
            [
                -0.9997900724411011,
                0.020490121096372604,
                2.8458474844228476e-05,
                -21.09389877319336
            ],
            [
                2.7775762646342628e-05,
                -3.360370465088636e-05,
                1.0,
                0.033402081578969955
            ],
            [
                0.0,
                0.0,
                0.0,
                1.0
            ]
        ]
    },
    {
        "class": "Car",
        "extent": [
            1.5470870733261108,
            3.705369472503662,
            1.7886788845062256
        ],
        "position": [
            4.360349334618608,
            23.550022874272873,
            -2.542149764708645
        ],
        "yaw": 1.5502557647812791,
        "num_points": 11,
        "distance": 24.084824041808833,
        "speed": 3.048994650242984e-08,
        "brake": 1.0,
        "id": 2050,
        "ego_matrix": [
            [
                -0.999996542930603,
                -0.002586671384051442,
                0.0005062713171355426,
                -252.350341796875
            ],
            [
                0.002587227849289775,
                -0.9999960660934448,
                0.001101242145523429,
                -0.33330631256103516
            ],
            [
                0.0005034207715652883,
                0.0011025482090190053,
                0.9999992847442627,
                -0.008038539439439774
            ],
            [
                0.0,
                0.0,
                0.0,
                1.0
            ]
        ]
    }
]