[
    {
        "class": "Car",
        "extent": [
            1.5107464790344238,
            4.901683330535889,
            2.128324270248413
        ],
        "position": [
            -1.3,
            0.0,
            -2.5
        ],
        "yaw": 0,
        "num_points": -1,
        "distance": -1,
        "speed": 3.030049911744103,
        "brake": 0.0,
        "id": 1968,
        "ego_matrix": [
            [
                -0.01907856948673725,
                -0.999817967414856,
                5.602042620012071e-06,
                -275.8230895996094
            ],
            [
                0.9998179078102112,
                -0.0190785713493824,
                -0.0002656589786056429,
                -4.981738090515137
            ],
            [
                0.0002657175064086914,
                5.326292011886835e-07,
                0.9999999403953552,
                0.033284951001405716
            ],
            [
                0.0,
                0.0,
                0.0,
                1.0
            ]
        ]
    },
    {
        "class": "Car",
        "extent": [
            1.6355280876159668,
            5.0267767906188965,
            2.1515462398529053
        ],
        "position": [
            -0.7219883778309926,
            30.37895208121232,
            -2.404569751228236
        ],
        "yaw": 1.5343570925476693,
        "num_points": 6,
        "distance": 30.482518801090556,
        "speed": 4.7617376081834095,
        "brake": 0.0,
        "id": 1969,
        "ego_matrix": [
            [
                -0.999824047088623,
                -0.017356853932142258,
                0.007110456470400095,
                -245.460693359375
            ],
            [
                0.017358334735035896,
                -0.9998493194580078,
                0.00014663778711110353,
                -3.824270009994507
            ],
            [
                0.007106840144842863,
                0.00027003767900168896,
                0.9999746680259705,
                0.12885260581970215
            ],
            [
                0.0,
                0.0,
                0.0,
                1.0
            ]
        ]
    },
    {
        "class": "Car",
        "extent": [
            1.5107464790344238,
            4.901683330535889,
            2.128324270248413
        ],
        "position": [
            -19.938043354390622,
            10.429239233290824,
            -2.494924859742485
        ],
        "yaw": -3.142708784402646,
        "num_points": 22,
        "distance": 22.638888087592413,
        "speed": 4.649039688749971,
        "brake": 0.0,
        "id": 1994,
        "ego_matrix": [
            [
                0.017962638288736343,
                0.999838650226593,
                3.762860796996392e-05,
                -265.0401611328125
            ],
            [
                -0.999838650226593,
                0.017962636426091194,
                2.8456262953113765e-05,
                -23.417415618896484
            ],
            [
                2.7775762646342628e-05,
                -3.81336867576465e-05,
                1.0,
                0.033402081578969955
            ],
            [
                0.0,
                0.0,
                0.0,
                1.0
            ]
        ]
    },
    {
        "class": "Car",
        "extent": [
            1.5470870733261108,
            3.705369472503662,
            1.7886788845062256
        ],
        "position": [
            2.899747904458607,
            23.55716045711994,
            -2.542426890282423
        ],
        "yaw": 1.5491293807982298,
        "num_points": 6,
        "distance": 23.87074111133416,
        "speed": 4.0787691633019735e-08,
        "brake": 1.0,
        "id": 2050,
        "ego_matrix": [
            [
                -0.999996542930603,
                -0.002586671384051442,
                0.0005062713171355426,
                -252.350341796875
            ],
            [
                0.002587227849289775,
                -0.9999960660934448,
                0.001101242145523429,
                -0.33330631256103516
            ],
            [
                0.0005034207715652883,
                0.0011025482090190053,
                0.9999992847442627,
                -0.008038539439439774
            ],
            [
                0.0,
                0.0,
                0.0,
                1.0
            ]
        ]
    }
]