[
    {
        "class": "Car",
        "extent": [
            1.5107464790344238,
            4.901683330535889,
            2.128324270248413
        ],
        "position": [
            -1.3,
            0.0,
            -2.5
        ],
        "yaw": 0,
        "num_points": -1,
        "distance": -1,
        "speed": 2.7351220438796315,
        "brake": 0.0,
        "id": 1968,
        "ego_matrix": [
            [
                -0.019073324277997017,
                -0.9998180866241455,
                -1.8519731384003535e-05,
                -275.85174560546875
            ],
            [
                0.999817967414856,
                -0.019073329865932465,
                0.0004289974458515644,
                -3.4847002029418945
            ],
            [
                -0.0004292726225685328,
                -1.0333954378438648e-05,
                0.9999998807907104,
                0.03363117203116417
            ],
            [
                0.0,
                0.0,
                0.0,
                1.0
            ]
        ]
    },
    {
        "class": "Car",
        "extent": [
            1.6355280876159668,
            5.0267767906188965,
            2.1515462398529053
        ],
        "position": [
            -2.137993133632262,
            27.9988926482745,
            -2.4054275225343327
        ],
        "yaw": 1.5365900199636464,
        "num_points": 14,
        "distance": 28.183241221251045,
        "speed": 4.764101882565147,
        "brake": 0.0,
        "id": 1969,
        "ego_matrix": [
            [
                -0.9998602271080017,
                -0.01512929704040289,
                0.007110257167369127,
                -247.8419647216797
            ],
            [
                0.015130902640521526,
                -0.9998854994773865,
                0.0001720642321743071,
                -3.7884681224823
            ],
            [
                0.007106840144842863,
                0.00027962480089627206,
                0.9999746680259705,
                0.1288527101278305
            ],
            [
                0.0,
                0.0,
                0.0,
                1.0
            ]
        ]
    },
    {
        "class": "Car",
        "extent": [
            1.5107464790344238,
            4.901683330535889,
            2.128324270248413
        ],
        "position": [
            -23.760477938255622,
            10.41987384653048,
            -2.509978289744798
        ],
        "yaw": -3.145597914711218,
        "num_points": 12,
        "distance": 26.06595622352904,
        "speed": 4.651655873944095,
        "brake": 0.0,
        "id": 1994,
        "ego_matrix": [
            [
                0.015068632550537586,
                0.9998864531517029,
                3.9501381252193823e-05,
                -265.00537109375
            ],
            [
                -0.9998864531517029,
                0.015068631619215012,
                2.8374215617077425e-05,
                -25.742353439331055
            ],
            [
                2.7775762646342628e-05,
                -3.992445635958575e-05,
                1.0,
                0.033402230590581894
            ],
            [
                0.0,
                0.0,
                0.0,
                1.0
            ]
        ]
    },
    {
        "class": "Car",
        "extent": [
            1.5470870733261108,
            3.705369472503662,
            1.7886788845062256
        ],
        "position": [
            1.402588225841048,
            23.55723573348543,
            -2.540753006259024
        ],
        "yaw": 1.5491345739623557,
        "num_points": 2,
        "distance": 23.73533304955052,
        "speed": 1.4554939222067123e-09,
        "brake": 1.0,
        "id": 2050,
        "ego_matrix": [
            [
                -0.999996542930603,
                -0.002586671384051442,
                0.0005062713171355426,
                -252.350341796875
            ],
            [
                0.002587227849289775,
                -0.9999960660934448,
                0.001101242145523429,
                -0.33330631256103516
            ],
            [
                0.0005034207715652883,
                0.0011025482090190053,
                0.9999992847442627,
                -0.008038539439439774
            ],
            [
                0.0,
                0.0,
                0.0,
                1.0
            ]
        ]
    }
]