[
    {
        "class": "Car",
        "extent": [
            1.5107464790344238,
            4.901683330535889,
            2.128324270248413
        ],
        "position": [
            -1.3,
            0.0,
            -2.5
        ],
        "yaw": 0,
        "num_points": -1,
        "distance": -1,
        "speed": 3.04717130289729,
        "brake": 0.0,
        "id": 1968,
        "ego_matrix": [
            [
                -0.01895473524928093,
                -0.999820351600647,
                5.73725083086174e-06,
                -275.8800354003906
            ],
            [
                0.999820351600647,
                -0.01895473524928093,
                -0.00013402577314991504,
                -1.9904117584228516
            ],
            [
                0.0001341104507446289,
                3.195796807631268e-06,
                1.0,
                0.03335056081414223
            ],
            [
                0.0,
                0.0,
                0.0,
                1.0
            ]
        ]
    },
    {
        "class": "Car",
        "extent": [
            1.6355280876159668,
            5.0267767906188965,
            2.1515462398529053
        ],
        "position": [
            -3.5549414004461255,
            25.617408304961927,
            -2.404113718755179
        ],
        "yaw": 1.5394724923694936,
        "num_points": 1,
        "distance": 25.974390837831887,
        "speed": 4.766462613664849,
        "brake": 0.0,
        "id": 1969,
        "ego_matrix": [
            [
                -0.9998982548713684,
                -0.012365762144327164,
                0.007109840400516987,
                -250.2244873046875
            ],
            [
                0.012367486953735352,
                -0.9999234676361084,
                0.00019863825582433492,
                -3.759389638900757
            ],
            [
                0.007106840144842863,
                0.0002865488932002336,
                0.9999746680259705,
                0.12885256111621857
            ],
            [
                0.0,
                0.0,
                0.0,
                1.0
            ]
        ]
    },
    {
        "class": "Car",
        "extent": [
            1.5107464790344238,
            4.901683330535889,
            2.128324270248413
        ],
        "position": [
            -27.58025139105963,
            10.406383398599244,
            -2.4963907291788923
        ],
        "yaw": -3.148396897016891,
        "num_points": 2,
        "distance": 29.583695660032383,
        "speed": 4.65426423422202,
        "brake": 0.0,
        "id": 1994,
        "ego_matrix": [
            [
                0.012151375412940979,
                0.9999261498451233,
                3.806790118687786e-05,
                -264.9773864746094
            ],
            [
                -0.9999261498451233,
                0.012151374481618404,
                2.8240423489478417e-05,
                -28.06869125366211
            ],
            [
                2.7775762646342628e-05,
                -3.840825229417533e-05,
                1.0,
                0.03340211883187294
            ],
            [
                0.0,
                0.0,
                0.0,
                1.0
            ]
        ]
    },
    {
        "class": "Car",
        "extent": [
            1.5470870733261108,
            3.705369472503662,
            1.7886788845062256
        ],
        "position": [
            -0.08919691394132045,
            23.556876659000093,
            -2.541476199337978
        ],
        "yaw": 1.5492532177889187,
        "num_points": 0,
        "distance": 23.693743800602753,
        "speed": 5.718713640514092e-09,
        "brake": 1.0,
        "id": 2050,
        "ego_matrix": [
            [
                -0.999996542930603,
                -0.002586671384051442,
                0.0005062713171355426,
                -252.350341796875
            ],
            [
                0.002587227849289775,
                -0.9999960660934448,
                0.001101242145523429,
                -0.33330631256103516
            ],
            [
                0.0005034207715652883,
                0.0011025482090190053,
                0.9999992847442627,
                -0.008038539439439774
            ],
            [
                0.0,
                0.0,
                0.0,
                1.0
            ]
        ]
    }
]