[
    {
        "class": "Car",
        "extent": [
            1.5107464790344238,
            4.901683330535889,
            2.128324270248413
        ],
        "position": [
            -1.3,
            0.0,
            -2.5
        ],
        "yaw": 0,
        "num_points": -1,
        "distance": -1,
        "speed": 3.0870718827912573,
        "brake": 0.0,
        "id": 1968,
        "ego_matrix": [
            [
                -0.018902290612459183,
                -0.9998213648796082,
                -5.464979039970785e-06,
                -275.90728759765625
            ],
            [
                0.9998213052749634,
                -0.018902288749814034,
                -0.0003475412377156317,
                -0.5490800142288208
            ],
            [
                0.0003473758406471461,
                -1.2033327038807329e-05,
                0.9999999403953552,
                0.033244360238313675
            ],
            [
                0.0,
                0.0,
                0.0,
                1.0
            ]
        ]
    },
    {
        "class": "Car",
        "extent": [
            1.6355280876159668,
            5.0267767906188965,
            2.1515462398529053
        ],
        "position": [
            -4.9481867405164515,
            23.930495893000725,
            -2.4022234265587987
        ],
        "yaw": 1.5422485714897924,
        "num_points": 15,
        "distance": 24.554507999450024,
        "speed": 1.042477878980131,
        "brake": 1.0,
        "id": 1969,
        "ego_matrix": [
            [
                -0.9999480247497559,
                -0.009643464349210262,
                0.003320258343592286,
                -251.912109375
            ],
            [
                0.0096442187204957,
                -0.9999535083770752,
                0.00021140126045793295,
                -3.744307518005371
            ],
            [
                0.0033180650789290667,
                0.0002434115594951436,
                0.9999945163726807,
                0.13004159927368164
            ],
            [
                0.0,
                0.0,
                0.0,
                1.0
            ]
        ]
    },
    {
        "class": "Car",
        "extent": [
            1.5107464790344238,
            4.901683330535889,
            2.128324270248413
        ],
        "position": [
            -31.348991812559497,
            10.385582306167104,
            -2.4895289575597164
        ],
        "yaw": -3.150996009082754,
        "num_points": 2,
        "distance": 33.118233073831426,
        "speed": 4.65686795573897,
        "brake": 0.0,
        "id": 1994,
        "ego_matrix": [
            [
                0.009499840438365936,
                0.999954879283905,
                2.9473538234014995e-05,
                -264.95556640625
            ],
            [
                -0.999954879283905,
                0.009499839507043362,
                2.8057022063876502e-05,
                -30.396392822265625
            ],
            [
                2.7775762646342628e-05,
                -2.9738745070062578e-05,
                1.0,
                0.033402081578969955
            ],
            [
                0.0,
                0.0,
                0.0,
                1.0
            ]
        ]
    },
    {
        "class": "Car",
        "extent": [
            1.5470870733261108,
            3.705369472503662,
            1.7886788845062256
        ],
        "position": [
            -1.5295594321048012,
            23.556815822974972,
            -2.541486625691492
        ],
        "yaw": 1.5493056820623934,
        "num_points": 1,
        "distance": 23.742836352097306,
        "speed": 1.1656402705553148e-08,
        "brake": 1.0,
        "id": 2050,
        "ego_matrix": [
            [
                -0.999996542930603,
                -0.002586671384051442,
                0.0005062713171355426,
                -252.350341796875
            ],
            [
                0.002587227849289775,
                -0.9999960660934448,
                0.001101242145523429,
                -0.33330631256103516
            ],
            [
                0.0005034207715652883,
                0.0011025482090190053,
                0.9999992847442627,
                -0.008038539439439774
            ],
            [
                0.0,
                0.0,
                0.0,
                1.0
            ]
        ]
    }
]