[
    {
        "class": "Car",
        "extent": [
            1.5107464790344238,
            4.901683330535889,
            2.128324270248413
        ],
        "position": [
            -1.3,
            0.0,
            -2.5
        ],
        "yaw": 0,
        "num_points": -1,
        "distance": -1,
        "speed": 2.7534203048253816,
        "brake": 0.0,
        "id": 1968,
        "ego_matrix": [
            [
                -0.01819693110883236,
                -0.999834418296814,
                -2.412351022940129e-05,
                -275.9340515136719
            ],
            [
                0.9998343586921692,
                -0.018196938559412956,
                0.0003772784839384258,
                0.9357137680053711
            ],
            [
                -0.00037765500019304454,
                -1.7254204067285173e-05,
                0.9999999403953552,
                0.03360534459352493
            ],
            [
                0.0,
                0.0,
                0.0,
                1.0
            ]
        ]
    },
    {
        "class": "Car",
        "extent": [
            1.6355280876159668,
            5.0267767906188965,
            2.1515462398529053
        ],
        "position": [
            -6.415632771317956,
            23.898831284959677,
            -2.406927008268332
        ],
        "yaw": 1.543014762935408,
        "num_points": 23,
        "distance": 24.861773433657298,
        "speed": -0.000311599798486742,
        "brake": 1.0,
        "id": 1969,
        "ego_matrix": [
            [
                -0.9999325275421143,
                -0.009581981226801872,
                0.006567764561623335,
                -251.9460906982422
            ],
            [
                0.009583271108567715,
                -0.999954104423523,
                0.00016503213555552065,
                -3.7441508769989014
            ],
            [
                0.006565880961716175,
                0.00022796164557803422,
                0.9999784231185913,
                0.12902262806892395
            ],
            [
                0.0,
                0.0,
                0.0,
                1.0
            ]
        ]
    },
    {
        "class": "Car",
        "extent": [
            1.5107464790344238,
            4.901683330535889,
            2.128324270248413
        ],
        "position": [
            -35.15554410887102,
            10.380677104484818,
            -2.513167556593007
        ],
        "yaw": -3.1525371804055826,
        "num_points": 10,
        "distance": 36.742165830362566,
        "speed": 4.658724149344003,
        "brake": 0.0,
        "id": 1994,
        "ego_matrix": [
            [
                0.007253301329910755,
                0.999973714351654,
                2.4627715902170166e-05,
                -264.93902587890625
            ],
            [
                -0.999973714351654,
                0.007253300864249468,
                2.7359070372767746e-05,
                -32.7253303527832
            ],
            [
                2.7179718017578125e-05,
                -2.482551099092234e-05,
                1.0,
                0.033402614295482635
            ],
            [
                0.0,
                0.0,
                0.0,
                1.0
            ]
        ]
    },
    {
        "class": "Car",
        "extent": [
            1.5470870733261108,
            3.705369472503662,
            1.7886788845062256
        ],
        "position": [
            -2.9979452924068184,
            23.55671168700572,
            -2.5426915773854795
        ],
        "yaw": 1.5500111534351553,
        "num_points": 3,
        "distance": 23.88245426958216,
        "speed": -3.322370344435815e-08,
        "brake": 1.0,
        "id": 2050,
        "ego_matrix": [
            [
                -0.999996542930603,
                -0.002586671384051442,
                0.0005062713171355426,
                -252.350341796875
            ],
            [
                0.002587227849289775,
                -0.9999960660934448,
                0.001101242145523429,
                -0.33330631256103516
            ],
            [
                0.0005034207715652883,
                0.0011025482090190053,
                0.9999992847442627,
                -0.008038539439439774
            ],
            [
                0.0,
                0.0,
                0.0,
                1.0
            ]
        ]
    }
]