[
    {
        "class": "Car",
        "extent": [
            1.5107464790344238,
            4.901683330535889,
            2.128324270248413
        ],
        "position": [
            -1.3,
            0.0,
            -2.5
        ],
        "yaw": 0,
        "num_points": -1,
        "distance": -1,
        "speed": 2.9787039034302345,
        "brake": 0.0,
        "id": 1968,
        "ego_matrix": [
            [
                -0.01728488691151142,
                -0.9998506307601929,
                -1.7112490240833722e-05,
                -275.9595642089844
            ],
            [
                0.9998506307601929,
                -0.01728488691151142,
                2.748408223851584e-05,
                2.441692352294922
            ],
            [
                -2.7775762646342628e-05,
                -1.663487455516588e-05,
                1.0,
                0.03343090042471886
            ],
            [
                0.0,
                0.0,
                0.0,
                1.0
            ]
        ]
    },
    {
        "class": "Car",
        "extent": [
            1.6355280876159668,
            5.0267767906188965,
            2.1515462398529053
        ],
        "position": [
            -7.899988939875348,
            23.90279880591595,
            -2.4051419638354954
        ],
        "yaw": 1.5439268956087602,
        "num_points": 13,
        "distance": 25.289094959536456,
        "speed": -1.6816734470700208e-05,
        "brake": 1.0,
        "id": 1969,
        "ego_matrix": [
            [
                -0.9999292492866516,
                -0.009581828489899635,
                0.007054517976939678,
                -251.94625854492188
            ],
            [
                0.009583239443600178,
                -0.999954104423523,
                0.00016622638213448226,
                -3.7441506385803223
            ],
            [
                0.007052600849419832,
                0.00023381973733194172,
                0.9999751448631287,
                0.12886987626552582
            ],
            [
                0.0,
                0.0,
                0.0,
                1.0
            ]
        ]
    },
    {
        "class": "Car",
        "extent": [
            1.5107464790344238,
            4.901683330535889,
            2.128324270248413
        ],
        "position": [
            -38.98161651606849,
            10.38321851911737,
            -2.501247112594931
        ],
        "yaw": -3.153411895665619,
        "num_points": 2,
        "distance": 40.41823709836724,
        "speed": 4.6592365797655875,
        "brake": 0.0,
        "id": 1994,
        "ego_matrix": [
            [
                0.005466509610414505,
                0.9999850392341614,
                1.9449884348432533e-05,
                -264.92657470703125
            ],
            [
                -0.9999850392341614,
                0.005466509144753218,
                2.6332756533520296e-05,
                -35.0548210144043
            ],
            [
                2.622604188218247e-05,
                -1.9593542674556375e-05,
                1.0,
                0.033403147011995316
            ],
            [
                0.0,
                0.0,
                0.0,
                1.0
            ]
        ]
    },
    {
        "class": "Car",
        "extent": [
            1.5470870733261108,
            3.705369472503662,
            1.7886788845062256
        ],
        "position": [
            -4.479010247056221,
            23.381695353551578,
            -2.545096868091789
        ],
        "yaw": 1.551050585208613,
        "num_points": 6,
        "distance": 23.942487933953327,
        "speed": 1.2934272736678343,
        "brake": 0.0,
        "id": 2050,
        "ego_matrix": [
            [
                -0.9999741911888123,
                -0.0024525406770408154,
                0.006746758706867695,
                -252.5264129638672
            ],
            [
                0.002459856914356351,
                -0.9999963641166687,
                0.001076367567293346,
                -0.3326941728591919
            ],
            [
                0.006744094658643007,
                0.0010929359123110771,
                0.999976634979248,
                -0.011188716627657413
            ],
            [
                0.0,
                0.0,
                0.0,
                1.0
            ]
        ]
    }
]