[
    {
        "class": "Car",
        "extent": [
            1.5107464790344238,
            4.901683330535889,
            2.128324270248413
        ],
        "position": [
            -1.3,
            0.0,
            -2.5
        ],
        "yaw": 0,
        "num_points": -1,
        "distance": -1,
        "speed": 3.1428437823090793,
        "brake": 0.0,
        "id": 1968,
        "ego_matrix": [
            [
                -0.015689844265580177,
                -0.9998769164085388,
                -2.9471906600520015e-05,
                -275.9814453125
            ],
            [
                0.9998767971992493,
                -0.015689829364418983,
                -0.0004455255111679435,
                3.8899986743927
            ],
            [
                0.00044500824878923595,
                -3.6458499380387366e-05,
                0.9999998807907104,
                0.033195722848176956
            ],
            [
                0.0,
                0.0,
                0.0,
                1.0
            ]
        ]
    },
    {
        "class": "Car",
        "extent": [
            1.6355280876159668,
            5.0267767906188965,
            2.1515462398529053
        ],
        "position": [
            -9.310274528140871,
            23.91245341835764,
            -2.4016380788866463
        ],
        "yaw": 1.5455221291017176,
        "num_points": 5,
        "distance": 25.773135349360018,
        "speed": -9.023631412697902e-07,
        "brake": 1.0,
        "id": 1969,
        "ego_matrix": [
            [
                -0.9999291300773621,
                -0.009581824764609337,
                0.007070252671837807,
                -251.94625854492188
            ],
            [
                0.009583238512277603,
                -0.999954104423523,
                0.00016607556608505547,
                -3.7441506385803223
            ],
            [
                0.007068336475640535,
                0.00023381969367619604,
                0.9999750256538391,
                0.1288648098707199
            ],
            [
                0.0,
                0.0,
                0.0,
                1.0
            ]
        ]
    },
    {
        "class": "Car",
        "extent": [
            1.5107464790344238,
            4.901683330535889,
            2.128324270248413
        ],
        "position": [
            -42.742974868853196,
            10.415349430218747,
            -2.4817297202101805
        ],
        "yaw": -3.1531574306234624,
        "num_points": 8,
        "distance": 44.0635948011184,
        "speed": 4.659369989701876,
        "brake": 0.0,
        "id": 1994,
        "ego_matrix": [
            [
                0.0041257780976593494,
                0.9999914765357971,
                1.3848667549609672e-05,
                -264.9171447753906
            ],
            [
                -0.9999914765357971,
                0.004125777631998062,
                2.6283401894033886e-05,
                -37.384464263916016
            ],
            [
                2.622604188218247e-05,
                -1.395698927808553e-05,
                1.0,
                0.03340326249599457
            ],
            [
                0.0,
                0.0,
                0.0,
                1.0
            ]
        ]
    },
    {
        "class": "Car",
        "extent": [
            1.5470870733261108,
            3.705369472503662,
            1.7886788845062256
        ],
        "position": [
            -5.871649228821906,
            22.363396403586925,
            -2.54055728678066
        ],
        "yaw": 1.5526319702639018,
        "num_points": 7,
        "distance": 23.26052868482795,
        "speed": 2.190709799019308,
        "brake": 0.0,
        "id": 2050,
        "ego_matrix": [
            [
                -0.9999957084655762,
                -0.002472007879987359,
                0.0015797300729900599,
                -253.549072265625
            ],
            [
                0.0024737382773309946,
                -0.9999963641166687,
                0.001094382838346064,
                -0.3301914632320404
            ],
            [
                0.0015770188765600324,
                0.0010982858948409557,
                0.999998152256012,
                -0.008580646477639675
            ],
            [
                0.0,
                0.0,
                0.0,
                1.0
            ]
        ]
    }
]