[
    {
        "class": "Car",
        "extent": [
            1.5107464790344238,
            4.901683330535889,
            2.128324270248413
        ],
        "position": [
            -1.3,
            0.0,
            -2.5
        ],
        "yaw": 0,
        "num_points": -1,
        "distance": -1,
        "speed": 2.7929068363117233,
        "brake": 0.0,
        "id": 1968,
        "ego_matrix": [
            [
                -0.013440961949527264,
                -0.9999096393585205,
                -1.1685639947245363e-05,
                -275.9997863769531
            ],
            [
                0.9999095797538757,
                -0.013440964743494987,
                0.000261411682004109,
                5.356295585632324
            ],
            [
                -0.0002615451521705836,
                -8.1709586083889e-06,
                0.9999999403953552,
                0.03354732319712639
            ],
            [
                0.0,
                0.0,
                0.0,
                1.0
            ]
        ]
    },
    {
        "class": "Car",
        "extent": [
            1.6355280876159668,
            5.0267767906188965,
            2.1515462398529053
        ],
        "position": [
            -10.722950841793997,
            23.92903634181203,
            -2.407342562827937
        ],
        "yaw": 1.547771301800344,
        "num_points": 3,
        "distance": 26.332029037240833,
        "speed": -7.587971488380413e-08,
        "brake": 1.0,
        "id": 1969,
        "ego_matrix": [
            [
                -0.9999291300773621,
                -0.009581824764609337,
                0.007070252671837807,
                -251.94625854492188
            ],
            [
                0.009583238512277603,
                -0.999954104423523,
                0.00016607556608505547,
                -3.7441506385803223
            ],
            [
                0.007068336475640535,
                0.00023381969367619604,
                0.9999750256538391,
                0.1288648098707199
            ],
            [
                0.0,
                0.0,
                0.0,
                1.0
            ]
        ]
    },
    {
        "class": "Car",
        "extent": [
            1.5107464790344238,
            4.901683330535889,
            2.128324270248413
        ],
        "position": [
            -46.51543295508564,
            10.483142893580924,
            -2.5120556327856374
        ],
        "yaw": -3.151843426941617,
        "num_points": 0,
        "distance": 47.74821684030215,
        "speed": 4.659401423750182,
        "brake": 0.0,
        "id": 1994,
        "ego_matrix": [
            [
                0.003190587507560849,
                0.9999949336051941,
                7.292220288945828e-06,
                -264.90985107421875
            ],
            [
                -0.9999949336051941,
                0.0031905872747302055,
                2.624944318085909e-05,
                -39.71415328979492
            ],
            [
                2.622604188218247e-05,
                -7.375934274023166e-06,
                1.0,
                0.03340322524309158
            ],
            [
                0.0,
                0.0,
                0.0,
                1.0
            ]
        ]
    },
    {
        "class": "Car",
        "extent": [
            1.5470870733261108,
            3.705369472503662,
            1.7886788845062256
        ],
        "position": [
            -7.266480460072605,
            21.03641952673746,
            -2.546532633679071
        ],
        "yaw": 1.5548513155583195,
        "num_points": 14,
        "distance": 22.401283740801787,
        "speed": 3.59224380831451,
        "brake": 0.0,
        "id": 2050,
        "ego_matrix": [
            [
                -0.9999732971191406,
                -0.002496123081073165,
                0.006867649499326944,
                -254.88507080078125
            ],
            [
                0.0025034844875335693,
                -0.9999962449073792,
                0.001063520205207169,
                -0.3269083797931671
            ],
            [
                0.006864970084279776,
                0.0010806848295032978,
                0.999975860118866,
                -0.011252918280661106
            ],
            [
                0.0,
                0.0,
                0.0,
                1.0
            ]
        ]
    }
]