[
    {
        "class": "Car",
        "extent": [
            1.5107464790344238,
            4.901683330535889,
            2.128324270248413
        ],
        "position": [
            -1.3,
            0.0,
            -2.5
        ],
        "yaw": 0,
        "num_points": -1,
        "distance": -1,
        "speed": 2.912675410079077,
        "brake": 0.0,
        "id": 1968,
        "ego_matrix": [
            [
                -0.011162569746375084,
                -0.9999377131462097,
                -3.8047433918109164e-05,
                -276.015625
            ],
            [
                0.9999377131462097,
                -0.011162575334310532,
                0.00016635944484733045,
                6.870827674865723
            ],
            [
                -0.00016677378152962774,
                -3.6188066587783396e-05,
                1.0,
                0.03350021317601204
            ],
            [
                0.0,
                0.0,
                0.0,
                1.0
            ]
        ]
    },
    {
        "class": "Car",
        "extent": [
            1.6355280876159668,
            5.0267767906188965,
            2.1515462398529053
        ],
        "position": [
            -12.183009025964134,
            23.949380205933377,
            -2.4073170828342336
        ],
        "yaw": 1.550049902429016,
        "num_points": 4,
        "distance": 26.97765180130366,
        "speed": 1.5068233704194116e-08,
        "brake": 1.0,
        "id": 1969,
        "ego_matrix": [
            [
                -0.9999291300773621,
                -0.009581824764609337,
                0.007070252671837807,
                -251.94625854492188
            ],
            [
                0.009583238512277603,
                -0.999954104423523,
                0.00016607556608505547,
                -3.7441506385803223
            ],
            [
                0.007068336475640535,
                0.00023381969367619604,
                0.9999750256538391,
                0.1288648098707199
            ],
            [
                0.0,
                0.0,
                0.0,
                1.0
            ]
        ]
    },
    {
        "class": "Car",
        "extent": [
            1.5470870733261108,
            3.705369472503662,
            1.7886788845062256
        ],
        "position": [
            -8.704367757624816,
            18.94101842105107,
            -2.544737352508556
        ],
        "yaw": 1.5571014203633275,
        "num_points": 12,
        "distance": 21.00009250169691,
        "speed": 4.561489304917454,
        "brake": 0.0,
        "id": 2050,
        "ego_matrix": [
            [
                -0.9999921917915344,
                -0.00252883811481297,
                0.003034958615899086,
                -256.9931335449219
            ],
            [
                0.0025321419816464186,
                -0.9999961853027344,
                0.0010852795094251633,
                -0.3216553330421448
            ],
            [
                0.003032202599570155,
                0.0010929559357464314,
                0.9999948143959045,
                -0.009316844865679741
            ],
            [
                0.0,
                0.0,
                0.0,
                1.0
            ]
        ]
    }
]